4305.35,4287.87
1623.16,3328.91
1726.28,2981.04
2368.25,3248.22
1736.94,2814.42
1120.99,3234.21
1625.27,2821.4
1791.22,3490.88
4190.74,4262.78
1881.95,3852.4
1612.77,3161.33
2658.63,3194.3
2665.83,2177.61
3097.91,3396.4
5226.42,4876.0
4380.2,4321.41
2206.94,3996.13
2828.26,3595.69
1102.49,1834.36
5834.18,5441.5
5966.18,6149.89
4766.37,4672.34
3265.99,4890.54
1370.27,3130.45
3317.32,3509.39
2719.28,3763.75
2645.28,3213.99
2143.02,3146.95
1439.3,3393.06
3989.12,5089.76
3383.81,4251.55
2869.88,4450.72
3036.48,4906.57
1392.65,2799.0
1379.29,3556.88
3893.46,4638.08
3159.63,4729.37
5612.72,4782.8
2485.18,3110.95
1173.67,1387.7
2063.85,2463.51
6204.77,5824.63
1686.88,3281.68
2814.13,4161.36
3715.87,5416.61
3036.24,3718.51
1721.31,3835.84
1973.48,4154.38
3844.49,4734.76
3594.77,4162.11
3631.53,3681.97
6062.61,6279.39
1917.23,2516.59
3473.8,4069.6
4278.01,5631.61
3644.78,3273.54
671.38,2568.19
2109.17,2639.72
2534.46,2212.03
1855.78,3200.58
3672.22,4579.84
2865.04,3339.72
1512.22,3464.68
6444.76,5094.41
2382.42,3209.68
1975.72,3417.92
2067.54,3468.26
5881.5,6046.82
2401.32,3096.29
8648.76,15340.07
6664.37,5609.69
2632.9,4319.72
5293.09,5232.24
2324.75,3399.6
2749.97,4202.52
1867.23,2153.8
1797.52,4035.59
2600.19,4149.97
3020.54,3460.52
2359.8,2801.82
1368.9,2750.21
4779.48,5297.57
3170.45,4430.94
3998.54,4690.99
2452.25,4277.58
4743.63,5738.57
2141.02,4079.58
1928.93,3160.55
2113.93,4026.5
1705.78,3342.87
2050.3,3236.02
6164.22,20981.17
1963.9,2565.03
1555.71,3115.79
2676.14,5153.37
3381.03,3638.29
2388.49,2693.96
4041.28,5160.26
7193.56,6382.79
3952.53,4684.74
1850.94,3018.03
2095.52,3889.37
3689.94,5713.2
3548.1,2316.07
5573.22,7932.78
4149.05,3735.31
4535.0,5255.77
2824.41,3984.69
1900.04,3896.12
1323.03,2418.02
2817.75,4510.74
4948.28,4840.18
1962.18,4199.49
5097.66,4780.9
4864.14,5070.02
2921.49,3839.42
3017.2,3741.08
3233.1,4149.91
7020.1,4369.72
6378.16,5476.33
3637.32,3866.18
2140.44,4592.65
1383.35,3446.44
2782.23,2404.72
5278.61,5574.37
1376.4,1426.57
1692.92,2464.66
2654.18,4248.88
1688.14,3840.11
2722.6,3869.28
4985.91,5037.19
1955.89,3542.57
2652.01,4149.07
3110.39,3905.01
4172.41,4549.79
1706.44,3952.37
1610.46,1993.13
1608.25,3188.62
3043.84,3530.74
5366.03,5903.91
2058.58,3806.6
1421.13,2645.72
1799.22,3265.8
3796.36,5100.57
4798.67,4878.21
4583.39,4621.89
4174.61,4558.93
1968.19,2672.19
6411.46,5596.76
2421.72,3787.69
3106.02,3311.01
1995.18,3854.62
2234.61,4221.34
2188.04,3509.9
3421.12,4664.17
6088.38,6468.15
2737.53,4893.82
4082.6,4941.61
5049.76,5165.75
3309.42,4063.98
3417.3,3655.45
3421.6,4021.18
2245.81,3822.42
2560.55,3450.97
1188.1,3244.2
3648.65,4785.48
2763.1,3496.76
2441.18,3057.59
5391.66,5510.17
2442.88,3452.36
1103.91,2396.34
4074.0,4737.9
2425.01,3636.6
1248.27,1392.54
2665.08,3686.64
1958.19,3204.77
1214.92,2681.78
2013.88,3852.27
1950.12,3160.93
1940.55,3678.39
10795.0,6353.75
5745.37,5106.17
1451.85,3202.84
2249.84,3324.29
3656.73,4484.16
557.34,2214.94
3542.33,3634.06
2244.6,4228.2
2104.36,3855.91
2051.3,3606.84
5492.36,6217.11
1886.15,3159.38
2348.39,3224.91
1157.77,1379.88
2922.37,4109.62
2773.7,3356.73
2044.34,2267.77
1784.38,2345.3
5488.1,4699.81
1318.58,1406.68
1411.25,3314.26
2182.14,2822.48
1833.69,3624.56
1748.24,2495.7
2799.06,3589.78
2220.6,3774.84
2802.08,3203.47
2106.52,3401.75
5870.04,4888.0
2278.04,4083.76
6451.46,6669.32
963.74,2785.42
4963.9,4136.7
2298.93,3106.21
2166.63,3845.67
2912.02,3972.32
1855.13,3207.91
1787.24,3307.91
3122.13,3820.22
2284.11,4272.36
2062.3,3030.17
4995.0,5692.07
2568.01,3259.48
2541.87,3894.4
3900.88,4908.92
2372.41,4400.49
1994.97,3623.06
2290.75,4057.75
2354.65,3344.51
1658.76,2989.34
2738.29,4824.33
2418.75,3419.04
2437.71,4785.52
2961.1,3888.62
4629.25,4887.31
798.49,2624.54
2715.47,3739.18
2399.29,3472.04
5997.24,3895.12
4100.1,5004.43
1960.8,3416.95
1998.26,3466.68
1524.53,3103.09
5970.64,63609.66
2538.17,3850.61
1500.28,3757.55
3895.45,5696.71
1603.83,3138.33
4716.58,5358.54
4287.08,4445.21
6248.0,5229.49
2114.97,3601.37
1164.74,2026.36
2192.61,3336.69
1168.13,2812.04
2124.26,2420.26
3732.93,3428.72
2547.01,4274.11
2682.04,4141.77
2549.7,3178.93
5336.33,5772.5
4025.42,5301.93
2127.19,3322.4
3859.8,4800.12
2293.38,4406.82
2183.14,3121.59
2275.84,3430.13
1434.99,2524.74
2574.14,3889.6
2922.4,4185.27
2290.52,2556.66
2800.07,3936.24
3483.86,3898.68
1928.44,2429.71
4958.98,4191.26
1116.13,2649.52
2657.96,3242.14
3486.0,5101.51
4112.86,4927.93
4176.39,4862.49
1967.46,3693.36
4600.87,4726.06
3673.28,4745.77
2899.14,4334.85
3623.23,4601.06
2211.55,3828.57
2586.71,3092.22
2003.24,3129.74
2480.66,2767.93
2678.82,4313.61
1907.53,3114.16
3051.84,3623.31
4823.71,4094.79
2137.67,1653.3
2144.7,2913.93
5587.31,6137.0
1780.71,3006.0
6977.62,5545.56
2014.21,3189.03
1540.7,3185.82
3670.91,4898.56
4251.36,4504.94
1235.68,1364.94
2539.33,2947.52
2140.11,4002.35
2290.14,3899.96
1713.8,3229.48
4782.41,4766.99
1094.14,2999.04
1731.4,3583.44
2057.07,3064.05
2110.11,3997.26
1951.89,3759.4
3048.23,3918.99
1312.72,2595.21
2144.38,2578.23
6223.71,6596.12
6744.4,5634.7
5177.45,4996.08
1050.45,2993.73
1303.39,1446.34
2438.71,3974.55
3689.68,3668.55
1741.93,2883.56
3498.64,3669.71
2722.02,4407.36
1647.68,2862.19
4149.06,5591.38
6810.63,5548.79
4314.2,4399.77
1953.25,2360.37
1136.55,2852.09
4020.17,4680.62
2954.92,3855.75
1449.24,3524.49
4835.73,4547.58
2283.01,2208.51
1768.68,2676.52
5528.2,4873.33
2907.16,3887.03
2359.37,3783.17
4391.91,4341.08
2662.65,4147.26
6211.05,5585.03
3289.88,3805.41
1393.58,3121.83
3160.41,3093.33
3664.12,4575.84
4388.63,4807.68
3206.91,4683.91
3455.57,4463.94
2882.55,3407.27
1928.45,3379.23
2646.68,3981.74
3000.9,4185.32
2878.88,3210.96
1845.58,3851.55
1373.65,3905.7
5514.78,6400.03
2773.12,3677.27
1430.92,2509.66
7981.31,6021.41
1144.12,2653.5
2809.19,3968.69
4049.68,5614.67
2668.38,2946.7
5727.87,5345.72
2680.0,4607.59
3239.22,3712.25
1619.07,3644.79
1731.09,2455.92
1735.13,3921.46
1890.01,3832.19
2912.83,3919.22
2598.91,3730.33
5287.22,4456.19
2765.23,2711.51
4006.08,4800.32
2695.13,3806.56
2020.68,3565.63
1777.57,3674.01
3432.52,4193.46
4693.97,4930.46
2927.33,4415.67
3838.15,3546.37
4711.02,4961.75
6107.21,5614.48
7039.69,6283.2
4762.59,3913.39
3911.79,3876.55
3964.62,4559.79
3118.47,5029.42
4823.83,4737.28
2059.88,2695.67
2295.75,4057.57
2375.39,3760.94
3138.14,4441.62
3725.47,5059.68
1722.68,3777.89
2508.56,4161.09
2479.54,3833.52
4405.73,4790.23
1652.92,3302.46
4689.81,5501.12
2655.55,3802.77
7118.02,4546.48
1369.6,2429.0
2643.64,4413.65
5552.93,5573.02
2551.5,3242.93
1933.09,3193.53
4252.33,5120.67
1682.4,2406.4
5087.48,5036.29
3071.58,3860.18
4316.91,4334.67
1386.82,2605.38
2529.47,3149.28
3154.24,4496.1
5506.9,5730.25
5936.43,4382.36
2238.05,3069.56
1465.63,3081.19
1886.15,3159.38
3986.99,5350.54
3193.78,3958.03
4290.99,4546.55
4007.22,4706.27
6713.95,6067.1
4499.34,4675.03
5272.74,6192.24
2789.49,3907.34
959.51,1788.7
3818.79,4826.69
1744.47,3314.38
2445.19,4239.5
1414.69,3096.14
4320.56,4270.92
1928.94,3407.97
3382.9,4268.27
2448.67,4667.1
4533.15,4917.05
1041.69,1786.03
3452.95,4035.72
1575.46,3095.15
4679.34,4883.23
8615.41,14641.85
1347.86,1920.46
2208.95,3191.12
1652.34,2844.85
2242.79,2591.95
1620.04,3841.34
3685.89,3750.11
6951.27,5334.03
5540.56,5463.52
2683.74,4324.71
2419.91,4060.7
3205.86,4146.58
4292.05,5221.17
1744.35,3488.63
3499.94,4133.44
2072.22,3901.59
5818.17,6022.71
1489.74,3098.6
5680.47,6228.15
2693.42,3425.13
2645.31,3877.36
1453.23,3106.66
1336.47,2859.28
2990.97,3221.91
2148.35,3508.32
4373.79,3679.3
1080.62,2069.23
2110.42,3112.81
1220.66,2557.9
1814.78,3575.67
2108.28,3671.56
856.14,2558.56
2762.39,2736.67
3787.5,4623.78
2805.99,4770.92
3210.35,3704.7
3858.01,5562.41
3704.43,4981.15
1208.51,1388.67
2203.08,3259.7
1471.87,2595.35
2291.85,2684.6
4706.29,4647.62
3413.84,3663.47
6585.35,6567.95
1491.55,2060.42
2072.62,3647.63
2389.13,3994.22
1722.51,3127.69
4444.38,5068.35
3408.32,4782.51
3731.49,3865.72
1050.16,3196.76
3483.03,3829.99
2360.33,3756.66
1217.87,1408.76
1152.33,1387.1
2568.89,4260.31
3120.19,4256.77
2770.66,4145.82
1957.62,3064.82
4998.61,4617.61
3763.76,4433.11
1972.13,3590.27
2156.5,3383.56
2601.47,3605.01
4201.91,5284.5
4363.1,5326.2
1692.12,2773.3
2507.31,4075.5
2573.35,3899.28
1847.49,4262.27
3815.81,4855.5
3219.78,4531.62
2043.33,4254.31
1703.54,2772.81
4630.44,4755.59
3720.84,3870.99
2465.06,2778.68
2946.37,4073.11
3387.91,4724.45
2301.88,4072.93
1320.9,1986.71
3619.69,4826.9
1521.78,3770.29
1319.73,1414.1
3913.43,3719.41
6636.83,6237.17
1426.39,3091.39
2008.47,3043.49
2403.55,4629.62
2849.54,2706.22
4989.73,4826.67
1978.62,2903.87
2528.79,3628.93
1274.27,1398.69
1411.8,3129.83
3603.31,4424.72
4686.69,5142.95
3150.61,2063.91
3302.58,3970.39
1912.09,3168.23
3443.44,3445.03
1369.37,2807.9
4427.39,5169.02
419.5,2133.77
2931.69,4567.62
2009.49,3766.23
2633.4,4060.89
2133.53,3670.23
3623.5,4451.97
1354.22,2325.04
2513.26,3183.3
1417.38,2619.67
2310.9,3608.72
2773.66,4234.85
1786.83,3019.92
747.41,2562.81
2373.4,3113.19
2365.46,3892.78
1301.0,2724.0
1885.09,3269.67
4127.65,4451.76
3163.62,3513.08
4790.44,5187.36
2823.75,3342.46
2916.61,4851.73
744.71,2569.43
6283.23,5083.87
1655.39,2345.0
2056.89,2693.18
1686.27,3150.05
2359.22,2700.17
1889.51,3101.91
1540.58,2492.75
1089.17,2152.74
1493.19,3690.3
1932.35,4041.8
2640.87,4306.55
2732.57,4094.27
2639.53,3589.31
3463.99,4367.6
1707.82,3961.91
2384.79,3890.7
2784.88,3983.27
1609.76,2805.53
3081.31,3221.58
4746.63,4463.23
2140.65,3600.62
3695.48,5678.98
1647.95,4057.8
3992.68,4520.51
3166.03,4246.39
3389.05,4872.97
4278.0,4419.85
5468.21,5674.07
2931.11,4368.31
3888.34,4614.63
3492.32,3909.07
3326.06,4397.44
1919.6,2621.81
2777.66,4350.48
1657.14,2889.86
1680.98,4568.48
2325.24,4144.73
5155.1,5923.27
2175.85,4007.1
2829.43,3179.9
5175.63,4166.88
4728.78,5292.97
5440.58,6215.8
2612.15,4189.49
3914.28,4825.87
3321.67,3642.45
1685.51,2810.19
4440.12,5689.15
5027.34,4585.99
1420.97,3417.4
2412.01,3232.13
5692.15,5369.83
1348.29,1410.11
3658.38,3942.35
2597.78,3502.37
2660.29,4647.61
4759.17,4437.93
6102.12,6298.83
1486.58,2335.46
6337.84,5858.57
4488.23,4524.85
3105.09,3972.14
1105.91,2709.03
2508.73,3297.86
4451.91,4619.74
2635.62,4701.52
1816.5,3097.29
2410.48,3980.91
5586.78,4770.49
3025.87,4045.2
3558.88,3677.39
3736.51,5916.45
1835.84,3431.89
2065.57,4083.45
1236.43,2455.68
6113.79,5505.6
3502.49,3733.0
1959.61,3223.97
4730.59,4239.78
2264.34,3471.15
3898.37,4895.48
6348.05,5554.25
3307.89,3738.05
2531.23,3572.88
3241.59,3575.53
1872.11,3995.53
4592.21,4126.5
5322.85,5337.93
2766.33,2845.02
1771.49,2325.26
1353.89,2864.96
2376.4,3826.99
2598.07,3874.82
1791.98,3838.71
3150.07,4051.59
2311.34,3550.64
2361.04,3224.01
4472.35,4116.12
3053.6,3559.4
2476.24,3242.24
1893.21,4173.42
2439.31,2857.42
1005.27,2977.77
2979.16,3367.37
4058.47,3900.34
3242.4,4566.32
2940.67,3611.66
1642.86,3015.42
1940.14,3015.37
1254.17,3178.45
3313.11,4104.4
1193.27,1377.23
1607.12,3468.43
2001.61,3866.8
2719.1,3998.8
2119.79,3598.22
2578.64,2792.23
2885.77,3423.99
3469.4,4448.41
2285.05,3729.23
2043.45,3810.23
2738.3,3989.71
1969.55,2422.6
1799.31,3842.1
1087.27,2829.49
1716.84,3818.55
2335.14,4132.18
1436.5,3950.09
2056.81,2571.92
2788.63,3911.76
4712.26,5052.12
3807.73,4142.59
2890.46,4112.47
4687.3,5137.84
1931.48,1184.83
1547.54,3430.78
4306.36,4273.07
2829.89,4093.75
892.85,2581.25
3015.19,3733.92
2765.56,3951.85
1881.22,2878.16
2661.21,4539.87
4373.69,5514.82
2126.45,2662.37
2704.51,3524.76
1931.4,2440.31
4423.0,5806.78
2857.35,4483.75
4506.17,4170.78
4252.17,4022.64
4793.24,4663.83
1787.24,2212.93
2996.59,4098.15
2200.93,3709.74
2948.86,2860.91
1356.91,1978.6
2873.79,3529.42
1975.68,4707.84
4425.13,8847.21
2137.83,2882.88
4393.0,4476.16
2767.28,3595.88
3008.57,3506.99
951.34,2663.35
2560.45,3099.34
1227.84,2043.42
2132.77,3035.59
1345.98,2418.3
1639.39,2202.06
6480.62,4616.99
2894.32,3780.02
3907.57,3513.47
805.4,2727.14
3189.07,3218.76
4202.12,3756.68
2653.28,3649.18
3264.93,4716.27
1631.48,3054.79
7348.16,10418.67
869.84,2948.51
2607.83,3979.72
3592.38,3578.68
2591.74,3253.29
2044.6,3612.2
4709.41,5448.1
4632.49,5339.97
2615.89,3757.49
4567.51,5174.2
1002.34,3036.33
3143.12,4198.34
5450.86,5452.12
7496.7,5349.63
2839.11,4434.45
3309.39,2560.82
2199.59,3235.23
4692.36,4916.96
1542.37,3219.01
1458.78,2454.92
2990.13,3392.65
3888.78,5696.31
1750.95,2502.86
4629.42,4980.96
2343.56,3252.7
3303.99,4136.06
827.96,2308.16
3261.51,4129.78
1793.97,3076.6
3850.37,4697.77
3452.16,4098.37
2810.08,4683.4
4176.45,5594.82
5902.28,4935.81
2621.4,3957.1
2816.22,2717.9
2834.32,4201.05
1573.15,2577.91
2290.38,3830.63
1585.1,2497.78
2253.25,4351.77
1840.89,2899.18
1251.77,2692.3
6130.76,4920.1
1750.1,3487.44
2025.16,3476.32
1066.58,2341.11
4103.66,5839.56
2641.23,4269.54
1203.05,2642.36
2151.1,3235.84
4490.32,5200.78
2048.73,2375.17
2585.75,3089.98
4461.6,4485.27
8976.1,12303.66
3687.6,4725.41
6205.22,5346.34
3783.72,4269.44
2430.5,3367.66
1910.51,2659.93
1752.2,2638.39
2899.46,3898.62
2650.72,3608.72
2707.07,3733.92
2581.36,4587.03
2591.3,4361.38
2025.17,2926.6
7326.59,6367.09
6224.62,4577.45
4168.14,5976.27
2296.59,3313.87
1659.37,2120.02
1341.8,2482.17
1443.72,3236.64
1214.91,3777.7
1338.1,3393.23
4640.89,8426.22
2278.35,3930.74
2619.51,4107.66
2093.05,3945.32
5136.7,5395.87
4690.69,3985.98
2823.03,3425.99
5073.99,4890.76
2510.44,2387.24
2465.7,3197.22
3818.12,5702.45
3022.81,5002.96
3952.48,3629.73
2100.37,4085.3
2740.78,3866.07
1343.74,2772.81
2941.43,3860.62
1979.44,3537.69
3560.53,4370.22
3099.94,3216.59
2048.08,3707.15
974.85,1774.02
5902.76,5530.39
4125.19,4523.59
2209.92,3813.4
1358.25,2321.77
6593.3,5607.57
2970.34,3858.19
5087.2,6559.64
3220.48,2859.79
2709.0,2384.85
1624.2,3028.27
1405.98,3400.75
1119.07,3289.51
2979.24,3862.37
2760.2,4718.73
4496.33,9693.79
2942.75,4192.49
1710.81,3279.05
7244.54,5138.97
2121.94,3232.54
1631.24,3634.15
3299.47,3259.91
5194.97,4641.24
4167.55,3379.96
2118.56,4056.2
2579.92,3967.03
3330.34,3420.03
4602.24,5627.74
3903.56,5201.42
2644.99,3033.79
5760.33,5734.54
7614.83,17147.08
1924.15,3580.29
4848.47,5195.96
3317.16,3522.35
2877.44,3885.18
2061.33,3347.9
3987.39,4208.48
1146.06,2703.11
2590.05,4068.1
3178.38,4633.75
5889.62,5586.9
1627.44,2722.62
1652.04,3900.86
6913.82,6043.05
3118.15,3458.62
6297.97,5310.46
2405.05,4670.97
3511.66,5038.82
1942.85,2500.6
4112.24,4271.01
5987.35,4848.39
3977.89,4265.41
3435.72,3072.93
3345.8,4598.73
911.99,2189.58
8121.09,5792.48
4134.2,3952.29
2725.19,4608.71
2142.44,2716.28
4211.59,4798.46
1870.73,1970.21
3921.03,4594.74
2245.57,3149.13
1634.33,3490.77
2158.23,3092.37
1103.68,2431.98
2848.86,3320.09
4983.15,5962.06
2374.71,3179.89
3206.57,3433.63
2198.25,3159.89
5503.49,5158.21
3465.02,5105.4
3691.54,3555.0
5423.66,6261.04
2641.23,2930.32
2743.38,4149.5
2927.33,4415.67
2835.11,4252.47
1346.14,2800.88
2125.03,3202.11
1607.82,3328.78
939.79,1740.1
1187.25,2702.04
1180.13,1394.75
3405.94,3952.24
2851.47,4140.08
1087.13,1773.46
1836.59,2768.8
2206.79,4922.92
4093.52,5105.18
3163.52,6291.35
2352.12,3176.19
2212.72,2972.64
3674.36,4843.43
2539.92,4154.85
3301.06,5588.31
2592.21,2794.74
4686.63,5107.97
2837.26,4450.58
2209.78,4866.92
4303.41,3528.82
3119.92,3747.64
3039.48,3675.95
3184.68,4598.46
1580.92,3109.58
2844.32,4534.44
1487.54,2898.86
2048.79,3070.25
2451.89,3262.04
4553.24,4470.62
2906.59,4751.49
5033.91,15244.7
3581.04,4564.94
2528.32,4322.21
3582.5,4181.31
1475.41,3500.51
3503.65,4913.37
1576.99,3189.41
2493.5,4457.48
2193.28,3608.14
3249.38,4449.36
3828.64,3178.97
5477.53,5323.2
2926.94,3819.7
2535.58,2427.74
7236.46,5134.14
5235.62,5298.37
2828.19,3528.24
1488.64,2830.7
2388.28,4062.34
1936.29,2736.71
6045.56,5703.54
3223.95,3690.63
6238.96,5119.38
2951.26,4208.33
6114.79,5542.8
2921.88,3206.75
1863.39,3943.8
2399.4,4350.57
2692.97,3251.89
1890.18,3438.75
5066.61,6349.98
2959.0,3508.99
4151.86,5521.09
2673.34,3529.7
4656.96,5642.51
5935.08,5533.54
2114.33,3705.07
2748.3,4169.07
2325.77,4046.19
3354.94,3786.63
2270.27,4035.88
2149.74,2421.63
4421.83,4890.79
7967.19,6506.12
2264.41,4037.36
967.27,1779.59
4398.82,4978.24
2591.35,3732.34
2653.29,3811.4
1037.29,2845.98
3736.01,4738.3
4969.92,4770.17
6687.43,5447.83
1575.31,2760.65
3544.92,4072.8
1078.02,2880.49
2684.41,4132.21
2293.53,3867.26
4590.19,6262.29
7186.99,6516.31
3826.63,4725.4
3373.15,4499.77
1938.98,4041.3
1559.2,2964.57
3522.46,4863.75
1350.08,1382.57
4040.56,5084.33
2975.15,4691.42
2635.13,3944.9
2953.79,4065.32
2638.74,4711.95
5143.38,5393.13
4067.38,3992.93
7438.94,5649.48
4452.93,3277.52
3892.28,5056.0
2032.74,3230.7
1940.7,3648.26
1591.08,3516.18
2158.72,3122.78
2719.99,4128.38
7997.71,16359.07
2838.96,3825.66
6333.94,5541.26
1286.65,2945.17
1488.94,4601.91
2442.88,3261.21
5910.91,6764.2
1898.83,4162.74
2640.87,4306.55
2443.81,3851.38
2057.06,3341.83
4471.98,4535.62
2436.2,3752.59
2827.74,2065.43
2580.13,3948.94
1687.52,2769.57
1746.51,3933.19
3184.35,3377.53
1807.31,2526.8
901.76,1717.22
3579.42,4078.47
7851.91,6267.78
1806.77,2960.0
2891.14,4142.77
3097.61,4721.56
2360.84,3104.74
2405.06,2781.63
2900.64,3620.64
2973.33,3760.36
2794.05,3887.06
3024.22,3852.2
3002.39,4721.26
3971.29,5535.02
2864.02,3465.61
3441.61,3833.32
5462.48,8490.08
1030.51,1394.71
3332.85,4007.12
3781.02,4615.35
2924.73,3992.74
4498.36,4314.77
3384.01,3494.7
3425.0,3653.9
3816.77,5689.69
4187.88,5176.62
1498.34,2102.9
1743.8,3042.38
4269.42,2596.45
3523.76,4884.4
3688.86,3609.63
2505.49,4559.58
2016.83,4028.23
1022.65,1851.73
7417.76,6364.46
2944.24,4642.16
5100.22,5373.12
733.94,1975.85
2828.86,3515.79
1602.21,2249.11
1662.08,3435.86
1439.99,1488.49
2261.99,2978.66
2272.97,3312.63
5831.99,5187.19
4369.04,5676.28
1971.68,4123.24
6219.74,4965.53
3601.56,3697.33
3639.86,3707.88
2809.98,4879.11
3198.24,3878.33
3345.87,3682.02
1198.51,1948.06
2231.41,3283.91
4745.59,4642.3
2662.35,3885.18
2114.45,3497.87
4759.88,5192.4
2130.82,2256.77
2767.0,3373.09
5202.07,5694.46
2857.79,4165.52
1546.87,3134.24
5605.46,5166.57
2436.86,4198.52
1985.34,3999.94
1944.12,3099.84
2166.43,3258.43
1327.49,1493.47
1593.07,2997.75
4207.62,4303.54
1385.53,1459.56
2408.29,4653.62
2534.52,3370.24
1339.23,3329.51
4879.36,5952.53
4384.97,5619.36
2583.5,4021.8
3054.28,3944.45
3751.39,4206.95
8823.9,14403.34
1464.32,3163.34
2223.04,3793.67
4428.72,4866.72
1833.4,3413.07
1161.68,2868.53
2668.33,3723.01
6151.19,7048.63
6467.48,5866.39
2927.9,4784.71
3736.01,4738.3
3555.8,4921.43
2692.18,4344.84
3874.39,5089.52
2942.29,4513.93
2350.14,3613.17
7399.03,5334.71
2564.98,4009.23
5068.06,5312.4
4983.65,5727.28
2291.76,4779.12
2781.1,3060.92
1366.54,2317.9
1696.4,3062.63
4541.84,4512.42
2503.14,4603.68
2705.8,3905.5
2486.06,4181.74
2153.82,2686.73
4227.33,5570.51
3132.22,3858.95
6536.43,5587.36
6953.18,5640.01
4730.44,5686.81
994.32,2919.89
2136.25,2440.42
2199.16,3431.7
1574.51,2789.53
4978.61,4857.75
2044.64,3065.94
2238.09,3060.9
2875.13,3129.72
4578.43,4340.83
3507.65,2845.73
2559.26,4325.37
4094.81,4252.78
2291.08,3222.84
1352.71,2857.44
2847.7,3871.26
4890.81,4698.32
3374.16,3065.73
2780.14,4625.65
2947.39,4081.9
2231.2,3270.33
2401.25,3558.21
1721.37,3472.01
1531.13,3362.2
4492.18,5128.21
5775.23,4089.69
2161.0,3937.39
2371.78,3430.26
1701.22,3056.34
1785.71,4009.65
1083.15,2571.9
2213.3,4006.3
2772.54,4328.94
2265.07,3394.49
2487.05,3905.54
2469.34,3248.33
2972.98,3492.74
3102.87,3674.94
4163.38,4327.15
3902.35,3732.06
2892.84,4693.28
2744.91,4153.08
5146.19,4669.77
2546.72,3031.49
4097.21,4740.16
1111.72,2369.68
1051.33,2239.61
1671.47,3237.27
2668.96,3482.52
5008.56,5739.89
982.12,3125.15
4894.15,4626.01
2543.23,4597.71
4559.61,5206.39
3803.58,4728.36
1746.4,3370.01
2933.93,4209.5
2187.88,3915.24
4454.11,4205.34
4067.09,3841.74
3555.0,3634.63
4407.26,3919.47
1902.11,2732.15
2364.81,4044.82
3084.56,4177.4
1622.9,2843.55
4577.37,5480.99
2433.0,4085.96
3123.55,3994.67
4526.18,4387.34
3964.72,4207.12
1891.14,3820.09
2845.83,3656.09
1396.01,2631.84
2294.97,3022.65
1276.01,2714.9
1897.93,3884.29
2054.08,3148.68
2477.09,4580.95
5132.84,4605.08
4867.5,4945.29
2674.06,4069.64
2552.72,3367.17
2275.93,4017.37
1676.04,2007.64
1004.5,2929.71
3632.35,4581.58
3043.85,3986.04
1618.3,3065.55
855.43,1754.07
4463.05,5547.99
2700.49,3701.47
2418.86,3410.9
4529.06,3768.58
4429.81,4910.77
3179.47,3746.48
2936.99,4249.11
2173.75,3215.58
2004.65,3488.79
4553.23,4306.29
1672.09,4015.89
2469.78,4028.69
1814.41,4700.89
5234.59,5324.97
3698.39,4389.89
3744.66,3748.42
2761.25,2375.81
3111.21,3882.82
2698.65,3842.01
2657.62,3955.54
1882.11,2702.23
3530.83,4023.23
1922.53,3577.09
2557.66,4233.79
1540.48,3315.8
2098.56,2944.38
3065.94,4236.95
3134.18,4006.69
2634.56,3949.5
5831.04,5916.35
2612.35,4174.19
3982.84,4971.25
2383.61,4169.97
2074.53,3125.99
1925.28,2722.87
1563.49,3786.46
3182.58,3736.79
7282.61,6284.51
1746.31,3883.72
2530.88,2351.94
5376.67,5440.25
2426.4,3453.48
4845.78,5545.22
1660.56,3580.93
1189.91,3048.93
4035.23,4568.79
2558.55,4268.21
1408.95,3194.07
3843.73,4602.33
3854.27,4773.4
2215.8,3136.06
3032.03,2790.58
1396.62,2350.71
1217.24,2849.48
1603.96,3106.44
2613.83,3249.38
6449.2,5425.33
2443.67,3893.2
6761.55,6045.29
3379.87,4180.57
5408.46,4894.73
2817.63,3508.71
3607.07,4701.24
6172.93,5639.45
2504.43,4540.28
9282.28,5266.45
4214.39,3360.22
2528.24,2194.04
3979.79,4511.37
3274.62,4716.83
1609.4,4045.88
3940.81,4001.24
3661.95,4989.96
13535.0,8946.71
3266.88,3903.36
1814.25,2643.6
3283.5,3513.9
983.81,1287.1
2096.22,3978.48
2903.77,3856.3
1635.61,2594.31
1967.89,3082.52
2322.78,4597.45
4129.21,4088.82
5906.83,5721.71
3008.97,3648.14
2410.89,3992.91
2836.73,4583.51
2308.28,2924.32
2258.41,4148.17
4081.4,5527.04
2686.08,3158.26
2046.98,3051.17
2695.34,4018.2
2448.18,3785.74
2186.39,2744.66
4741.54,5440.47
2898.47,4018.84
2148.14,3275.27
2489.94,3812.92
2100.92,3386.78
1719.09,2575.33
2098.35,2732.11
5238.55,5657.78
1515.57,3354.37
4444.05,4926.79
3302.08,4896.19
2447.12,4604.66
4651.53,5327.06
2781.85,3654.5
3134.65,3759.37
2192.27,3497.62
1465.31,3344.48
4289.19,4892.96
2947.56,4010.52
1796.27,3077.86
1477.45,2681.54
2423.81,2491.75
3367.67,4336.41
2115.41,3857.31
1996.5,3066.54
2357.91,3725.42
5915.55,6034.04
1884.89,3842.13
2376.08,3649.33
3070.23,3262.4
3264.65,4467.51
1390.15,3323.1
1741.27,3125.5
3371.16,4112.8
2718.82,3875.61
3367.95,4553.63
2059.9,2685.9
1895.32,3624.16
2789.87,4358.55
2621.71,3214.82
1447.7,2872.91
2941.69,3974.38
2673.38,3614.02
2465.44,3912.64
3209.73,3203.68
1796.77,2387.98
2261.77,3222.61
3600.24,5109.77
2588.57,4131.69
2608.12,3684.51
1477.74,3450.2
1143.0,1397.18
2438.41,3738.09
1862.09,2386.54
6250.79,4847.66
2629.38,4072.73
1624.81,3246.58
5947.38,6597.75
2498.61,4732.78
3700.26,5123.73
2089.87,4661.41
2480.66,4428.79
3406.6,4288.15
2879.94,4120.87
3383.43,3697.12
2748.15,3695.24
5171.32,4340.36
3354.78,3859.28
2031.35,4259.97
2049.4,3070.48
2650.62,3756.84
6344.95,15180.75
3038.71,4204.83
3437.26,4718.67
3401.74,4411.37
3052.99,4429.36
1523.67,3932.64
1124.7,1397.07
5064.79,5278.93
4402.41,3999.02
3541.06,4483.29
3303.22,4201.91
3904.31,4452.84
3026.85,4017.39
1748.83,4895.74
2742.72,3819.66
2088.96,3489.95
2888.37,4192.49
3439.32,3159.05
2477.0,3822.62
1653.17,3280.6
2256.24,3181.51
5559.24,4401.28
4041.52,3803.68
2813.38,3982.68
4270.74,5073.15
8183.98,6136.42
1892.15,3676.58
2174.08,2969.38
3870.28,4714.38
3373.85,3684.28
3570.9,4422.97
1998.43,2434.88
3289.51,4318.09
4215.07,4877.16
3320.88,3738.84
7393.17,6442.0
1721.95,2780.88
1744.38,2237.58
1714.45,3448.7
2246.89,3095.97
3710.56,4090.83
2336.08,4147.42
1349.3,3099.96
1958.89,3008.37
1745.22,3913.79
816.12,2323.81
1952.74,3866.69
4586.03,5884.12
949.82,2734.59
2119.84,3097.54
1853.25,3501.09
4495.16,4449.31
2423.8,2780.97
4832.21,5274.46
5059.4,5346.67
1744.54,3134.71
2838.74,4640.11
1607.39,1875.15
2622.46,4092.86
1876.03,2335.88
3136.85,4049.7
3065.81,4612.79
1763.91,3429.53
960.89,3053.82
1232.82,1377.23
2268.88,3331.53
5486.66,5361.01
2251.39,2835.6
2066.31,2036.19
1761.18,3710.26
2485.42,3574.08
2577.39,3898.8
4729.01,4978.54
1090.64,1773.3
1612.04,3778.36
3434.29,3678.15
3211.12,4779.56
3020.87,3164.86
1982.38,3281.08
1449.09,3248.37
3228.35,4210.14
3193.19,3575.8
4851.86,5340.81
2076.58,4220.36
2473.54,3809.04
998.11,2979.19
6027.26,5146.88
2068.69,2987.3
1761.7,3483.92
4621.58,4445.3
1910.0,3411.99
1560.21,2742.43
4061.19,4430.78
4250.55,4923.81
2532.53,4081.17
5394.91,6234.09
3732.08,5105.18
886.82,2348.03
2546.72,3031.49
1827.27,3382.39
2163.71,4281.43
4237.49,4958.52
2754.86,3429.3
1967.56,2980.75
2342.38,3602.09
3908.75,3663.13
3215.1,4542.05
949.0,1796.78
2314.74,3719.99
3899.67,4504.57
1525.28,3218.61
2600.79,3650.29
2361.2,3270.34
1687.48,3843.97
3760.87,5667.95
1334.36,3124.87
2485.89,4143.9
2193.41,3113.34
1529.78,3727.34
4345.59,5218.57
2024.19,3298.05
5154.06,6683.4
1774.72,2636.48
2514.52,3364.7
2205.36,4138.73
2543.12,3602.58
3680.17,4657.81
2377.96,2888.08
4745.39,6074.43
3662.99,4446.83
6237.32,4971.56
4106.41,4781.59
5624.3,4848.28
1611.55,3062.96
2292.48,2603.05
2453.46,4296.9
2522.36,4186.26
4824.84,4689.93
6112.53,5605.99
4761.23,4539.88
2934.78,4526.18
2502.7,3619.84
2504.03,3439.9
2458.97,4253.56
2558.68,3298.69
1952.34,2683.41
3264.59,4672.73
2194.34,3192.63
2577.12,3938.65
1297.14,2810.99
3285.15,3719.02
998.71,1700.71
2371.38,3151.63
3110.19,4343.06
2684.44,4224.91
3809.39,3747.07
3329.33,4961.25
1342.69,1444.59
2569.94,3321.95
2584.51,4040.55
2763.67,3942.12
4579.02,4546.0
1611.87,3989.19
4125.09,4339.91
1814.3,3047.41
6647.69,7821.03
2066.31,3342.63
3051.96,3746.11
2390.55,3388.13
2695.96,3731.53
6770.17,6392.75
3776.13,3605.57
2729.16,3624.82
7038.13,5495.04
4141.24,3873.33
2366.02,3523.54
4283.97,5266.72
4074.16,4205.39
3370.89,4121.44
1423.52,2561.85
1082.54,1955.28
2353.58,2723.17
5805.01,5281.7
2621.23,4721.52
834.57,2652.31
1608.75,3565.72
1618.41,2346.67
1894.17,3821.61
7072.27,6292.28
965.84,1910.64
2968.9,3699.17
3790.17,5692.91
1627.85,3768.19
3563.9,4401.91
3493.28,4827.72
4150.86,4306.6
2310.44,3583.35
1699.98,2923.19
1353.38,2136.08
2056.84,2523.43
2458.72,3582.77
5680.46,5766.29
2181.7,3100.7
2116.54,2803.22
3402.2,4177.19
2493.04,3393.04
2304.91,3788.34
2992.58,3783.38
3270.74,3615.12
2660.52,3934.79
3758.79,4600.74
4263.56,5304.29
2228.65,3302.66
2674.2,3506.3
4547.97,5138.51
4072.96,3989.26
2077.8,2558.23
1958.38,3819.95
3681.25,7732.25
3771.24,4880.47
1858.64,3040.46
2706.73,4032.89
1676.58,2526.26
2076.25,4667.44
2913.6,3917.31
3113.91,3293.93
1749.83,2867.29
1898.93,2396.8
2848.16,4043.83
1988.49,3141.9
1790.08,2818.01
1718.36,3208.27
2795.88,2831.97
5247.7,5586.54
3448.08,3366.34
1612.22,2727.19
2782.21,3360.16
1228.54,3058.76
1650.69,3180.48
5033.27,4679.23
2136.07,3198.85
2234.41,4882.98
2203.75,3354.48
5405.59,5576.75
2236.54,2891.73
6298.22,6006.36
1175.19,1408.75
3264.61,4400.53
3717.76,4731.93
1550.51,3949.9
3370.09,3814.52
1699.29,2928.53
4693.49,3978.56
3982.56,4654.48
4881.72,6357.26
3292.64,4997.59
3061.19,4061.82
3841.8,5385.49
1956.06,3576.25
2223.56,4124.75
4369.09,5196.35
3660.02,4318.92
4562.33,4993.39
5432.76,4592.46
4843.8,5718.5
2341.84,3572.03
1725.12,4153.11
5379.03,5024.92
2300.52,4121.94
7552.2,12912.15
2468.96,4435.38
3801.1,4369.63
3437.49,3766.92
3194.19,3958.01
4487.44,5129.11
1809.55,2915.56
2999.79,4652.24
3739.09,3784.32
2776.25,3227.42
3737.49,3553.85
2142.14,4215.75
1248.06,1947.91
4752.12,5072.47
1736.61,2177.75
4859.59,4982.14
1866.32,2334.29
2064.54,3352.18
3488.92,3683.83
2300.45,3527.68
4925.69,4783.95
4176.17,4780.85
1695.15,2934.85
4178.01,5689.32
1979.66,3884.18
1872.52,3037.17
1988.49,3400.06
3790.16,4334.78
2676.72,4043.47
2083.95,3988.78
1526.02,2966.91
2529.96,3106.88
2383.33,3548.35
12717.8,8834.52
2490.09,4647.98
1743.51,3334.74
3181.4,4683.62
5638.02,6220.54
2988.28,4088.02
3130.4,3824.86
3421.63,3591.33
2293.09,3267.06
3418.63,5207.49
3457.63,3863.03
2728.31,3202.16
4473.08,4494.44
2398.83,3820.67
1978.29,3995.81
1078.68,2077.77
1587.07,2114.19
1921.06,3184.36
1565.38,3264.46
2373.55,4149.27
3118.93,4764.38
6471.9,6364.6
3574.2,5208.61
2678.23,5009.0
1923.89,3208.85
4319.95,7261.9
2205.94,3743.17
4217.36,5348.05
3519.78,4050.66
3399.99,4782.04
4252.51,3928.49
2508.39,4099.67
6035.47,5188.22
4462.79,5081.5
3814.28,3685.61
2973.61,4406.29
3629.24,4539.68
2362.39,3450.53
4557.71,4884.59
3084.89,4760.79
1893.42,3339.48
1183.78,2800.25
2469.65,2504.56
3745.64,3371.23
2195.63,3717.01
3046.09,3214.36
2857.47,4148.02
4710.29,5633.43
1610.31,3767.03
3947.35,3452.38
3359.39,3260.9
2298.06,4061.37
3308.53,3690.76
3157.88,3251.01
2303.8,3997.36
8064.71,15482.05
4085.51,3702.92
3262.62,4225.98
2684.95,3195.14
2235.31,3024.13
3446.84,4487.61
2603.64,4246.27
2360.86,2204.43
3877.38,4319.04
2179.61,3099.92
3440.39,3850.03
4222.96,4266.45
2300.84,3737.23
2295.5,3287.36
3265.34,3687.59
4261.65,6600.18
2354.77,3990.5
1256.66,1400.41
1594.33,1979.18
3175.58,3496.97
1137.85,2873.42
1435.24,3375.25
4356.56,5125.98
6522.98,6662.5
6023.77,5980.75
3273.44,3413.91
3272.9,4234.3
5092.9,4945.5
4197.58,4256.72
3075.1,3924.37
2193.58,3693.05
4294.44,4389.17
3185.5,3665.72
2130.02,3890.1
2012.32,3045.74
3938.85,4744.69
4350.39,3941.03
4476.47,4909.44
5833.92,6537.29
2348.21,4611.04
2667.59,3205.0
3065.35,4256.8
5305.09,5889.04
1394.13,1823.61
6213.37,6589.69
2561.86,3883.82
1767.93,2570.66
5549.85,5079.25
3428.62,3210.98
2944.99,3880.21
1023.75,1781.92
833.7,2751.33
5430.24,6060.78
2773.02,4547.87
3633.69,4588.86
1481.27,2012.99
1524.08,3156.64
4502.71,4985.85
2467.94,2817.22
3125.54,4778.87
2106.92,4023.34
1759.17,3150.14
5364.38,5065.51
1680.44,3873.36
4968.63,5248.13
2203.22,3184.99
1344.1,2230.63
4768.14,4180.3
1116.17,2891.38
3082.69,4889.58
2333.97,4817.11
2645.34,3327.2
1710.46,3588.87
2085.83,3235.42
1886.89,3909.69
3380.71,4586.44
1454.01,3434.29
5104.79,5785.31
5473.93,5205.86
3684.42,4577.16
2463.57,3628.98
4956.49,5720.0
3823.37,3796.38
3798.65,4514.36
4034.2,4138.21
4212.83,5843.95
2652.79,3986.62
3361.19,4825.94
5017.85,5328.11
1321.74,2446.55
1007.35,2184.35
3549.4,4330.91
3050.18,3888.28
2258.42,3292.91
3071.89,4079.39
2745.12,3363.99
2877.3,3489.62
2523.35,3838.73
1995.18,3854.62
2769.96,3904.56
1854.25,1887.11
3236.35,4345.58
5110.77,4777.37
2408.88,3950.21
2756.56,3987.98
2166.64,5778.44
5295.28,5214.4
11787.1,16477.11
780.94,2629.26
1630.3,2732.95
1079.98,2032.98
2497.83,4091.43
4291.59,4328.81
2080.25,4006.4
2775.98,4137.41
2198.21,2173.04
3322.89,4697.23
2117.8,2773.22
1529.05,3319.1
1806.69,3154.9
2825.08,3936.92
2962.93,3261.28
2408.09,3128.92
3622.55,4029.41
2273.23,3552.18
2087.39,4650.89
3632.16,5119.06
1615.3,2391.96
4276.54,5218.85
3537.68,3524.62
2972.43,2869.76
6655.01,5440.88
1570.72,2449.24
3856.9,4734.95
1053.23,3034.98
3677.34,4005.71
4646.19,4859.86
2540.21,3482.71
1750.77,3296.03
4558.04,5119.61
3832.64,4488.04
5825.14,4588.12
1084.65,1390.95
1107.88,2763.65
1378.21,2310.36
3160.08,4254.72
2839.6,3520.24
3141.37,4079.24
2920.75,4699.67
2403.12,3436.9
2527.1,4103.1
1176.86,1339.44
3225.76,4364.02
850.11,2710.2
2541.89,3540.6
2034.33,3529.28
1725.84,3771.37
2274.54,4791.5
1978.2,2605.56
5343.16,6190.27
2461.47,4686.85
1815.53,2498.79
2113.08,2685.4
4454.72,5160.83
1508.44,1872.73
2364.57,4613.87
3286.76,4037.27
2555.33,3534.01
2065.53,3977.59
3988.62,5492.76
3370.5,4894.81
2588.91,4229.35
2611.17,3956.75
2964.38,4422.34
1190.8,1607.33
3960.06,4699.98
5668.04,5401.31
2920.8,3927.66
3083.42,3972.46
5728.29,6594.97
2135.2,3792.17
1809.35,3808.73
8356.32,6782.26
899.72,1777.51
2707.13,2963.5
5926.18,4442.16
2279.81,3813.74
2150.47,3915.77
1358.44,2453.63
959.49,2740.37
2081.05,4022.53
2578.09,3258.87
1065.36,3066.51
3646.99,4419.86
2562.38,4613.63
1465.99,2244.95
5293.45,4674.68
5537.67,4868.45
2698.75,3209.83
3131.06,4148.23
1611.32,3659.87
1897.41,3622.1
1180.13,2530.07
4618.36,4684.95
1179.74,2811.21
2388.93,3003.27
2074.22,3099.83
5421.62,4416.38
4465.19,4733.77
933.17,2183.43
2061.5,3011.5
3337.5,3357.87
1733.01,4485.47
3471.84,4144.56
8153.07,11932.72
2445.68,4285.19
3399.79,4007.86
3074.53,4085.65
3818.61,3981.48
2757.61,4264.12
3043.89,3835.69
1342.62,1446.26
1035.77,2969.31
2093.73,3066.16
3442.51,4579.28
1932.51,3360.63
2364.92,3683.83
2137.22,2837.18
2247.5,3764.3
2778.47,3047.01
1024.69,1992.44
3728.86,4359.53
1672.9,2853.28
6681.98,11474.68
2927.87,3693.54
5880.94,5873.52
2685.45,4120.87
5687.77,5974.31
3825.94,5468.7
2303.0,4417.61
1365.26,2654.26
1820.76,1696.41
1979.11,3055.31
2713.61,2891.73
1482.05,1519.24
3450.21,5563.68
4725.74,5350.75
2390.36,4584.67
6089.21,4480.76
2090.07,4693.74
2843.44,4600.53
3420.07,3655.18
2890.34,4260.71
3700.1,4319.6
5444.26,5431.58
5078.82,5815.93
2817.51,3994.06
2272.85,4534.7
4499.38,4534.12
1665.42,3483.99
1040.3,1337.3
2369.12,3806.03
2392.96,3078.95
6373.57,5279.73
5899.14,4952.14
1833.24,3296.8
2088.93,3476.87
1709.05,3959.57
5163.28,6221.02
4511.76,4177.8
7309.3,6390.41
2057.48,3077.63
1216.6,2663.54
2223.73,3157.06
2826.76,4586.24
3826.47,4966.9
2985.0,4494.95
1261.76,2976.34
2454.89,3226.25
1480.21,2631.86
1282.09,1952.08
6646.1,5942.14
2904.0,3962.23
814.82,2686.85
2471.05,3377.1
5734.87,4825.29
2131.66,3165.93
4611.61,4417.62
2398.16,3096.85
2187.22,3308.21
1447.63,2530.55
3293.33,4935.07
784.01,2718.09
1450.11,3046.28
2255.46,4027.73
2689.54,3216.09
2339.77,3765.52
5801.73,6242.72
953.54,2036.14
3268.11,4801.94
1768.56,3025.66
1942.77,1976.23
2225.77,4030.59
2985.72,3709.18
1916.99,2719.18
3763.2,4532.83
1453.15,2323.03
2581.15,3751.85
1726.4,2871.19
1809.54,3549.44
4303.6,4015.23
2931.53,4709.56
3636.76,4975.7
2277.55,3180.04
1442.29,3090.48
2109.42,3527.62
2067.44,3827.62
2677.93,4723.08
3455.99,4964.95
1368.33,2721.38
2425.81,2875.5
3115.25,4179.71
2600.18,3562.84
3144.9,3663.23
1998.42,2286.28
2069.98,3594.15
3935.29,4416.85
5137.09,4005.17
6344.54,5956.18
2505.36,2542.39
3366.16,4396.75
4488.26,4448.09
2204.52,4203.68
1998.98,3414.59
3609.86,4702.1
3296.33,4672.67
1868.41,3705.98
2541.39,3317.38
3770.44,5154.08
3227.84,3821.9
4214.85,3700.72
3380.26,3886.33
3944.7,4432.5
3824.43,4577.64
4170.99,4473.59
2864.89,3213.64
1891.45,3164.18
2043.78,3428.54
2090.92,3730.08
3190.65,4855.16
5175.98,5319.17
5003.37,4976.17
1903.81,3823.35
2627.73,4207.93
2675.05,3281.45
3767.14,3402.74
3054.47,3960.05
4011.22,4507.75
2108.0,3196.87
3064.39,4124.92
3010.86,4716.13
3170.36,4071.51
2372.0,3785.78
1060.51,2687.85
4707.42,5320.38
2215.3,4129.86
2753.0,3781.27
3582.35,4778.11
1948.52,2364.1
3048.71,3087.72
1531.13,2667.91
1402.61,3791.71
2137.51,3812.95
2610.64,3238.72
2587.32,3995.52
6408.23,5779.1
5115.83,4337.34
2760.53,3809.66
4373.85,5166.96
2327.01,2631.58
4079.6,3949.42
2683.4,4056.71
2340.24,3674.76
1781.82,3036.94
3791.52,4709.36
1894.53,3271.56
2612.27,4244.52
2362.98,2644.08
2478.68,4006.43
3086.9,4112.41
3418.35,4550.56
3274.19,3569.05
3100.78,4084.79
1727.8,3157.56
3067.08,4210.8
5605.98,5239.69
2954.04,3832.97
2909.01,3775.15
1671.14,2798.99
2174.53,4612.13
3861.8,3293.1
4100.31,4736.59
1037.66,2679.98
1087.13,1773.46
6001.43,5172.79
2028.46,3850.14
1452.17,2912.28
825.42,2317.72
4915.9,5527.72
4105.6,5494.89
2847.68,3516.91
4110.64,4603.62
2411.54,4254.74
3541.95,5089.8
2011.69,3342.71
1507.17,3040.32
3112.0,3994.57
3052.27,3996.91
3881.24,4783.19
4850.81,5016.42
3675.59,4423.94
2555.13,3940.4
2120.75,3683.91
1031.36,1780.9
2667.75,3700.7
5283.4,5380.14
1331.52,1420.71
3058.98,3440.76
2882.69,3573.34
5851.6,5996.76
3111.91,2678.42
1969.97,3456.91
2803.35,3323.83
2362.21,3718.72
2167.43,3382.18
1575.15,2033.63
3182.13,3182.72
2065.11,3253.72
1632.33,4057.08
3678.09,9268.27
2100.24,2499.22
2161.31,2600.35
1327.49,1493.47
3056.03,3203.95
3169.07,4194.91
2153.83,4249.31
2489.37,3942.6
3074.6,4194.56
5785.73,4528.22
4232.21,4732.79
1733.89,3568.05
8005.22,8614.18
2675.2,3916.59
2877.4,5071.56
5275.74,5510.43
3631.71,4416.54
844.4,2570.32
2745.42,4571.3
3664.12,4575.84
3245.91,4058.57
3237.88,4441.75
1383.59,3066.74
4797.78,5079.74
3202.08,3990.27
4845.04,5141.11
3359.42,4818.99
5528.55,4807.87
1336.27,1961.64
3000.3,4273.88
10241.3,16742.07
4868.61,5427.07
2615.47,3801.79
5235.58,4894.25
2087.55,2689.05
2598.96,3482.98
4123.6,4807.26
941.76,3051.71
1910.75,3122.03
1396.61,2843.14
1418.17,2792.44
1462.16,2538.06
1929.42,3553.77
7476.7,6093.86
4909.5,5399.74
3456.0,4873.62
2134.5,4651.11
2360.92,4181.02
911.43,2900.1
2955.03,3098.38
1910.31,2763.75
2948.02,4433.73
3699.89,4570.19
2853.93,4312.87
4699.92,5529.05
3577.57,4821.03
2242.62,3852.71
2357.29,3251.01
2866.78,2647.08
2619.17,2754.38
3517.83,5555.22
3408.59,2651.8
2687.25,3626.04
2200.68,2478.9
4217.07,5675.84
2688.66,3635.56
5058.21,5065.79
1445.85,1490.78
1349.29,3671.5
3023.36,3536.08
2025.58,3435.98
2362.66,4523.92
3837.09,5692.01
3673.26,4802.58
3211.31,4458.58
1297.49,2913.12
1876.27,2502.38
4571.91,4921.76
2978.73,3402.8
1688.66,2024.69
5580.23,4810.3
1754.54,3523.03
3390.43,3946.47
5900.22,6570.75
3063.71,3334.01
3523.65,2649.26
4373.07,5533.44
4467.63,5123.45
2041.06,2790.8
2508.43,3769.59
1534.27,2618.7
2122.83,4051.01
1649.56,3732.99
6638.15,5198.53
2922.02,4734.27
4090.17,5323.22
3133.3,4446.78
2633.92,4151.52
3343.79,4577.57
2401.72,3196.85
3763.64,3522.99
3006.11,4643.2
2305.57,3456.62
1716.08,3483.28
2667.83,4007.6
4107.77,5296.11
3561.8,3376.91
2936.81,4227.43
4411.23,4140.13
4826.08,4782.78
1752.47,2441.12
3518.37,3684.22
4449.58,4851.58
3752.19,5212.23
3594.17,4987.76
1860.81,3806.27
2440.75,3099.86
2678.81,3563.06
1192.96,2872.78
2321.98,2782.38
3890.08,5697.0
4949.02,4675.99
1770.36,3074.55
1276.95,2807.43
2374.23,2019.74
3943.59,4635.71
2420.67,3021.5
2913.88,4648.25
2084.36,3530.77
3565.55,4836.54
678.82,2538.64
2495.76,3926.74
2435.67,3907.33
2362.69,3744.1
1960.36,3039.89
3295.55,4714.88
2531.22,4397.81
4030.92,4178.06
3097.04,3812.54
5194.69,5154.67
3533.54,4094.57
1611.3,3190.86
2375.62,3046.94
1973.06,3384.92
4255.99,5635.66
2763.79,3587.26
2350.84,5880.37
3822.58,4255.28
2987.57,4105.35
2412.47,4136.74
3742.2,3899.1
3216.93,3814.08
4082.57,4867.71
886.32,1747.51
2344.82,3499.72
6146.31,5032.09
1967.14,3865.98
3728.73,4628.99
1405.34,1475.12
3054.63,4405.85
1291.98,1451.99
1398.21,1455.32
2407.33,3771.05
1770.4,4026.49
1627.11,3112.35
2366.37,4544.9
2794.96,4215.22
2928.95,4506.17
1050.05,2832.32
3944.97,4687.73
5630.03,6226.14
5156.38,3724.1
2314.02,2659.8
3293.76,4028.88
2425.65,3455.87
3602.88,3981.65
2858.61,4147.61
4695.23,5271.79
5103.69,4839.89
3007.01,4453.56
1538.31,2678.71
2894.88,3565.07
2079.9,2516.76
1660.06,2420.37
1713.44,3239.28
1910.58,2610.93
4038.74,5701.27
2409.79,3325.29
1727.95,3824.72
5041.69,4720.62
4284.28,4032.51
3781.91,4263.09
2289.68,3105.9
3288.57,4649.08
3635.6,4997.82
2700.65,3479.47
2270.74,3544.71
1617.82,3568.19
3064.51,3320.95
897.05,3008.23
2149.49,4011.76
1556.71,3291.04
1937.04,3267.54
2183.14,4655.04
1960.2,3219.13
4712.18,5818.49
2217.99,3185.51
1652.55,3918.1
2203.57,3100.17
3423.02,4846.65
5175.01,5560.48
1850.61,3562.51
3389.85,4262.94
2399.44,3508.12
4429.99,5566.85
2860.03,4455.16
1285.56,2813.26
3046.91,4656.31
4075.69,2404.63
2289.53,3322.88
3505.31,4771.1
2386.99,1806.86
1837.27,3658.66
4087.85,17661.6
1598.51,3367.94
1645.77,2813.79
3133.5,4611.9
3170.98,3925.05
3322.76,4564.99
2401.79,2986.44
2641.7,3967.33
3513.26,4245.0
3096.19,4227.32
5581.15,5341.94
2225.49,4027.85
3824.55,2629.69
4795.28,5982.54
924.12,1792.56
3507.94,3940.58
1778.56,3043.95
2206.55,4899.57
8229.46,5777.12
2313.39,4692.59
2493.19,4112.59
4881.18,6089.51
1348.72,2560.42
1802.23,2527.81
2154.47,4016.68
1547.3,3130.18
2378.7,3147.83
2446.59,3634.84
3251.47,2720.54
3488.3,4811.13
2240.26,4714.2
2264.41,4037.36
2833.97,3590.45
2057.32,3818.31
2005.7,3297.7
5005.36,6067.5
1332.85,2767.3
3318.81,4234.33
1437.72,2334.64
5558.68,5319.41
2356.55,3219.06
941.3,1776.1
1664.46,3279.47
2036.59,3959.12
1704.33,2020.91
3127.13,3532.57
2871.82,4849.84
1085.43,2921.94
4295.71,3808.24
5483.99,5604.02
5993.34,4748.93
5721.2,5742.45
1495.37,2916.36
5635.94,5726.71
2769.54,3027.39
2034.78,3094.49
3219.0,3916.73
1687.99,2663.5
2134.46,4601.01
1454.71,2790.69
2183.9,3466.6
2624.27,4642.48
5384.95,6070.58
1847.96,3385.94
5122.92,4089.77
2417.21,3831.32
1190.17,3050.87
2177.67,3598.33
4483.06,5284.15
1333.19,2439.85
2527.65,2826.56
3217.56,3501.3
2861.17,3611.67
2162.83,3049.92
2191.19,3642.26
1238.2,2607.34
2659.51,4119.83
1950.28,3247.65
2042.43,2501.25
2567.22,3543.77
2647.04,4697.25
4876.32,4378.35
1896.41,3270.05
2112.31,3799.8
4746.98,4499.99
2589.44,3312.08
2871.17,3941.6
2109.19,2737.48
1788.95,3115.54
2041.94,3131.15
2982.76,3859.99
3795.88,5692.07
1407.32,2443.6
3889.25,4687.6
2149.57,3008.81
1252.6,1391.25
934.0,2363.71
3736.47,3801.56
3794.59,3907.42
4642.15,5190.86
4003.61,3552.68
1959.76,2391.74
2724.24,3282.54
4524.49,5535.94
1675.15,2860.58
4118.35,4139.3
2631.31,4732.96
2587.7,3945.22
4127.77,5145.13
2573.23,3472.95
2864.66,4106.91
2890.27,3624.08
1357.78,1998.23
3521.9,4245.13
2653.28,3649.18
3054.63,4405.85
8267.95,6453.56
4311.43,4690.68
2409.22,3878.8
2663.95,3878.82
7067.32,5151.39
2386.95,3085.94
1616.52,4236.98
2274.8,2802.23
2335.72,4375.26
1619.34,3376.91
1556.1,2195.32
5814.45,4685.78
2586.93,2960.82
3302.85,4106.48
2219.57,3355.81
1400.33,1432.08
1881.43,3943.3
3894.58,4668.13
4203.78,4837.27
4294.92,4834.97
3829.41,6207.67
1854.64,2349.52
1399.05,3142.52
2815.11,3130.94
4187.88,3640.13
1597.24,3092.38
2958.15,4256.97
1317.87,2872.55
2795.04,3287.52
3218.45,4696.08
1243.95,1399.17
4491.21,4049.02
2288.67,3369.83
1573.39,3707.68
2472.5,3916.02
1669.74,4057.65
1459.11,1488.98
1522.4,3166.65
1816.69,2708.99
2972.12,4114.57
1922.0,3247.31
3255.79,4938.18
6480.38,6265.81
2073.42,3304.58
5862.45,5511.67
2236.34,3831.33
2853.75,3529.81
4165.45,3398.45
1364.52,2853.45
1570.88,2347.79
1991.03,3478.38
1641.61,1401.72
2870.91,4004.64
3110.34,4770.24
3443.62,3631.47
2232.68,3261.39
2308.07,3219.17
4390.85,4929.34
1898.73,2962.74
2067.82,2780.82
2308.54,3897.27
2816.94,3213.44
1311.5,3796.17
2633.75,3923.43
6791.78,6359.95
1988.33,3614.51
1386.07,2757.76
2183.17,4827.7
1102.69,1392.91
2652.2,4454.2
3056.09,3691.27
965.2,2978.55
1185.1,1398.88
3010.39,3665.93
4134.12,4038.74
4431.38,5193.51
2421.84,3850.59
2672.96,2720.33
2793.12,4091.83
4136.68,4837.35
2346.07,4754.82
2368.24,3935.4
1116.13,1395.09
4299.6,4921.3
2551.6,3272.93
2116.94,3952.68
1861.47,3282.72
4867.73,4669.73
2644.04,4686.89
2831.67,3841.75
4133.96,5537.5
2685.24,3243.67
2288.8,3802.58
2835.62,4448.03
1858.49,3840.18
2543.68,4102.52
2025.16,3263.37
2787.85,3546.66
1577.74,2762.13
1045.33,2311.57
1333.36,1392.68
3688.63,3693.02
2664.79,3463.94
3088.86,4149.47
1615.94,3183.68
8163.06,8574.97
5952.21,5934.33
2176.28,2886.33
1479.49,2361.36
1361.71,2533.46
5719.6,5762.57
1759.77,2375.4
1418.99,2783.08
2281.05,3773.36
3707.04,5558.99
4273.87,4759.36
2965.49,4727.4
3690.43,5631.55
2113.46,3064.2
3652.36,4223.2
3782.7,4632.17
3157.41,4147.22
1908.32,2662.18
1773.06,3183.91
5208.55,5166.94
3122.27,5849.38
4115.64,4842.87
3307.4,4310.18
2155.25,3917.65
3945.82,4166.91
2130.43,2866.86
4588.33,5305.45
2569.94,3321.95
3996.25,4363.65
4379.26,5724.98
5336.43,5398.5
3667.78,4424.52
1983.4,3216.24
2128.58,3607.39
4945.69,5885.19
3916.5,5705.06
2532.62,3880.05
1902.55,4184.95
959.19,1950.86
4556.74,4317.59
1862.35,3370.66
1435.63,3095.72
2311.49,4245.09
2730.07,4922.46
2128.29,3985.16
1091.7,1351.15
1710.52,3072.95
2129.51,3223.17
1433.47,2034.31
1837.7,3972.68
3653.2,4589.51
2319.87,3257.77
2409.73,4138.19
2502.75,3676.23
7308.61,5329.41
3225.16,4813.77
3574.04,4080.62
4228.85,4713.61
4509.73,5654.31
4773.74,4347.94
2014.9,3832.67
5689.09,4340.96
2968.97,3597.17
7030.88,5580.48
1342.89,1433.93
2048.52,4033.66
2026.05,3279.52
2496.91,3959.92
4276.05,5369.08
1918.31,2939.85
1996.57,4726.11
2015.25,3376.54
3650.5,4116.57
2013.74,3369.47
2004.19,2708.32
10403.8,5501.04
1354.57,3114.13
3632.67,4487.48
6075.86,5467.68
2832.22,2992.08
4595.03,5733.0
1670.73,1458.59
7168.87,5939.1
1966.32,3086.87
5715.2,6570.13
1028.22,1366.34
1558.35,3225.93
1987.74,3424.89
2581.41,3414.17
2378.31,3966.14
2423.23,3743.61
2098.04,3957.3
2601.45,3961.75
6711.04,5663.98
1815.46,2403.72
4197.29,4020.02
2626.68,4310.99
5138.09,5336.79
1309.79,2724.78
2611.79,4690.18
3210.85,4452.01
4089.4,4433.67
4162.51,3579.34
2305.57,3961.27
1756.95,2691.37
2864.03,3363.74
3659.54,3733.67
3958.67,4566.44
1813.24,2495.01
1735.41,3274.28
4304.05,4466.99
3502.04,2448.84
2016.29,3037.72
5087.15,4698.18
4896.7,4991.73
5988.58,5483.6
1973.37,2705.25
2184.21,3853.93
2187.08,2838.59
3561.94,4101.3
2759.05,3217.48
6524.31,4959.46
1848.15,2495.9
2233.57,3525.26
1142.52,1377.11
951.68,1764.59
2295.69,4017.36
2277.31,3818.01
2370.81,3935.91
2180.78,3282.54
4668.06,4808.2
3651.28,5367.87
2066.62,3766.71
2999.34,3392.93
1860.81,3806.27
1780.52,2900.24
3972.89,3645.89
1213.12,2738.65
2153.61,3369.72
5826.45,5455.1
1871.04,3611.72
2376.89,3952.12
2695.44,4132.96
5058.97,5496.06
5470.9,6237.97
3059.07,3311.72
2907.72,3567.15
1392.57,3285.8
4232.44,3226.83
2492.75,3442.38
1973.67,3211.99
3799.54,4088.64
4672.04,5356.38
5633.35,4587.95
2167.15,3799.89
2385.42,3232.4
2559.21,4693.64
2444.91,3831.07
1822.46,3044.35
2415.26,3460.35
3443.95,4943.7
3965.34,5685.2
1866.35,2409.71
1080.35,2732.45
3100.89,4647.66
4978.12,5897.59
1975.9,3233.52
2419.16,4153.45
1989.91,3900.47
2786.31,3973.66
2040.53,3843.68
3868.11,3349.44
4786.19,5023.64
2335.26,4825.07
1680.95,3104.73
1385.82,2083.09
3381.32,4781.49
3194.46,3494.73
1987.97,3252.07
3515.86,5244.78
1218.15,2308.35
4971.52,4651.54
3673.92,4190.81
2125.2,2398.48
2082.92,3361.41
894.33,2664.66
782.99,2561.94
1206.2,2342.02
5291.63,5180.57
7831.48,24250.93
1768.04,3496.92
3713.11,3988.72
2115.24,3825.95
1993.92,3041.41
1821.75,3163.36
2547.57,3673.54
4907.59,5356.48
1931.66,3060.41
4804.33,4185.12
1191.14,2971.26
2922.44,4051.35
1401.1,1405.17
1666.01,3109.96
2384.22,3311.15
4604.11,3956.08
3835.3,5033.19
2743.51,3222.6
3971.51,4637.55
1187.48,1409.25
6252.09,5847.7
2593.86,4133.92
6971.02,6089.74
5617.84,5153.44
2720.96,3469.86
853.17,2641.46
4723.03,5199.2
2470.92,3776.4
2631.95,4160.72
2076.01,3495.19
2439.17,3637.21
5222.33,5231.91
2765.92,3610.58
3648.83,4347.26
2756.59,3364.03
986.93,2604.88
1342.12,3266.87
5181.97,5193.15
1115.36,2211.51
2498.21,4652.85
2287.21,2860.35
852.05,3009.92
2486.4,4294.34
2114.1,3199.6
4889.13,6995.04
1367.81,3039.94
2540.83,3603.0
1731.09,2455.92
1833.09,3586.03
2437.19,3437.67
2993.13,4158.11
1683.56,4040.13
2939.94,4706.25
1836.57,4194.48
1813.42,4025.25
2590.15,4280.28
6163.93,5800.02
1491.72,2020.28
1344.09,3152.51
2976.99,4144.21
3938.51,4665.15
4586.12,4839.53
2892.65,3044.45
3061.17,3812.7
2230.57,4169.98
4625.42,5365.62
4201.75,5272.19
3033.77,4968.56
4871.01,5081.69
1994.83,3700.13
5491.81,4653.83
2669.93,3937.68
2619.02,4134.38
1984.58,4673.36
5619.41,5704.11
2656.09,3260.86
1079.61,1783.51
4993.11,5037.0
3619.8,3851.1
6608.7,5385.0
1622.75,3096.87
2342.71,3215.39
6094.42,5703.18
4165.37,5658.63
3222.0,4908.51
3758.58,4819.75
1051.56,2187.44
2343.61,4046.03
6023.68,4581.28
2741.59,4420.06
4284.28,4032.51
2293.52,2685.86
2754.92,3499.2
3042.68,3110.85
2168.86,3469.94
3169.0,3305.25
5507.19,5117.44
3628.21,4408.9
1464.47,2849.0
2744.22,4253.79
2180.27,3187.8
6937.6,5938.95
5064.08,5105.77
1479.92,3083.65
2021.55,3205.75
2450.95,4168.02
2974.39,4355.13
2155.02,4007.38
1927.23,3666.11
2979.0,4112.76
3172.81,5718.39
2708.08,4164.17
1965.94,3467.14
6899.24,5544.91
3505.31,4771.1
2943.66,3405.07
4411.19,5228.0
873.85,2499.68
4806.41,5244.55
3991.71,5245.91
3038.89,4292.39
2263.03,2926.85
949.82,2734.59
3023.57,4553.94
4458.67,5242.84
4444.36,4961.92
4338.65,5232.65
1286.38,2702.19
2114.95,3086.31
2620.84,4335.47
2884.07,4181.24
6863.55,6288.3
1080.82,1401.47
3171.25,4870.15
3195.34,4633.35
3815.54,4748.17
2471.53,2192.91
1797.22,3097.3
2906.55,4393.68
3739.7,4734.18
2086.74,4252.55
3208.54,4689.23
7181.28,5558.31
2721.26,3878.65
1771.97,2694.36
5815.14,7767.5
2859.45,3843.09
4343.08,5149.28
1694.63,3595.97
2077.89,3375.65
3412.37,4800.65
5809.93,5744.02
5485.88,6160.79
2827.56,3473.46
4011.5,4198.27
4311.54,4848.97
2189.2,3095.16
1578.29,3093.02
3783.4,4948.97
3327.95,4640.77
2290.86,3812.39
2468.69,3643.46
2731.34,3440.32
1600.11,1976.8
3252.19,4290.61
2608.97,3593.05
1463.04,2792.86
2190.95,3156.81
4461.58,4126.64
2429.97,3266.11
1901.77,2689.3
1334.06,2790.97
2912.69,3749.36
2345.38,4372.04
4053.33,4516.37
2715.39,3334.63
1975.84,2967.48
4119.86,4438.38
4434.7,5617.8
2143.51,3472.12
1876.51,3301.81
2085.65,2305.93
3136.57,4282.78
2609.88,3918.13
7265.01,6654.05
4050.08,3387.88
1895.57,3902.49
3514.27,3234.3
1730.92,3061.48
1450.72,3090.87
2508.61,3273.4
1649.39,3918.84
3115.56,3305.57
2493.62,3867.43
3189.18,3421.18
2212.38,4012.4
4550.91,3845.59
1625.49,1954.2
5896.81,4517.68
2122.35,4130.55
2094.31,3106.9
3598.92,4155.4
2080.87,3812.16
4136.97,5430.66
4435.43,3985.16
4644.63,5738.07
1910.69,2869.04
1754.64,1967.45
1870.84,3929.73
984.25,1168.45
2159.85,3933.52
2181.01,3400.16
3209.0,3469.48
1351.72,3231.22
1157.66,2574.9
3304.18,4848.0
1432.87,2426.44
1716.41,3086.18
1558.35,3225.93
1508.44,1872.73
3586.92,5279.76
3898.74,3615.55
6126.7,5493.96
2508.37,4172.22
1405.96,2851.49
5335.04,4819.91
1880.72,3859.14
6580.8,4927.14
2994.81,4129.98
3920.71,4001.49
5430.9,4798.18
3307.36,4564.7
5231.28,5075.39
2266.14,3917.14
1545.32,3103.31
2695.59,4300.12
3004.15,3947.44
1809.7,3048.0
5402.57,6217.63
2096.85,2996.91
4228.85,5618.58
2765.73,3046.76
3062.12,3127.75
2524.54,2547.3
4050.4,5002.1
2123.72,3736.44
5099.81,4789.02
2788.56,3338.46
3853.78,3994.89
2799.65,3219.7
3839.95,5025.36
5844.49,6549.53
6214.54,6607.95
2155.02,4583.04
2253.52,3075.53
2773.72,4388.8
2395.78,4097.54
4951.67,5072.73
3003.97,3617.13
5379.63,4414.44
1975.99,4273.48
4942.31,4938.6
4376.42,4956.07
3319.46,4768.29
1751.89,2957.94
1901.08,3904.13
4799.36,5338.82
2472.34,2803.39
2679.04,3194.16
981.07,2638.53
1722.14,2558.54
2919.26,4070.5
2112.85,3192.44
9312.49,7049.37
1734.52,2596.79
2446.59,3513.64
2839.61,3489.64
5282.9,4321.62
3138.65,3653.69
4019.35,5556.69
2307.17,4594.04
4964.4,3314.68
1775.05,2880.76
3119.18,4689.64
1120.8,2882.4
1647.14,2958.71
3491.65,3911.81
998.75,2912.17
2508.74,4114.1
2898.32,4948.98
3835.3,5033.19
6247.76,4847.13
2141.14,3153.45
3788.7,3648.45
1319.15,2848.89
1962.58,3014.25
4482.45,4551.94
2718.86,3239.09
1679.5,2386.75
3338.97,4738.66
3680.21,4691.86
1670.34,3232.09
1267.95,2661.1
1441.18,2792.84
1971.51,3085.39
2252.62,3103.78
5921.73,5465.62
4155.55,4341.87
2296.53,3734.33
3891.95,4535.2
8096.38,5942.07
2337.09,2744.42
5716.09,4954.41
1856.82,3121.18
1478.86,3212.84
2208.5,4011.92
4410.78,3420.81
2222.39,3263.42
1651.99,3025.04
3577.72,3720.47
2634.78,3119.49
3539.37,3887.46
3022.24,4258.83
2157.34,3217.54
4773.41,5191.5
5858.66,5719.32
1964.89,2998.74
2213.15,3999.93
4251.22,4990.19
4029.61,4159.96
2119.16,3445.04
1651.63,1493.36
1794.97,3137.29
2846.27,4040.07
4476.34,2761.53
2766.99,4652.77
2244.32,3048.27
1852.92,3612.36
3252.77,4748.22
4809.55,5689.44
4324.97,5001.71
2289.61,3805.99
1383.77,1879.52
1854.33,2829.93
1144.96,1455.36
3304.69,4712.67
2138.48,3694.01
8009.56,17294.64
2138.07,3116.25
1537.16,3362.18
1628.59,4602.96
2715.39,3334.63
1630.85,3357.92
3053.2,4707.56
1278.3,1384.12
2281.64,3310.09
1583.37,3083.85
2056.05,3100.55
3372.16,5175.96
4923.65,5417.2
3631.54,4189.58
3478.57,4296.17
1954.36,2657.08
3415.6,5102.41
3931.33,3984.27
2028.48,3220.41
3588.61,4720.68
3164.13,2186.85
3651.98,3481.04
1897.23,3038.13
1740.12,3075.11
3507.37,3875.59
1708.12,2175.47
4164.42,4432.82
6825.79,6293.27
4219.9,6411.63
3691.54,3555.0
5398.36,4595.49
2365.67,3648.7
3115.66,4104.29
2173.33,3497.52
5084.11,4647.57
1527.46,3097.87
3479.35,3966.72
2505.14,4364.55
1988.95,2677.54
3317.48,3744.18
2004.04,3292.4
1577.63,2498.03
1942.65,2350.96
2331.16,2432.09
2629.8,3308.48
1495.07,4024.1
1586.71,3933.97
4474.76,5419.71
1730.56,3824.8
1259.48,1454.45
3061.2,3869.24
4367.12,5372.81
1205.04,2082.19
4235.82,5132.09
2429.22,4353.54
2018.6,4005.26
2847.17,3290.97
2233.84,3534.34
3363.78,4274.21
2214.05,4057.26
2792.24,4347.03
3305.06,5070.66
2944.32,3797.44
2655.29,3235.03
3755.75,5621.65
2764.33,3557.56
1890.32,3806.48
2941.25,4183.11
2147.46,2707.42
2572.39,5065.84
2379.9,3934.98
2759.6,3725.62
3797.7,5510.51
1625.23,3423.4
3472.91,4167.52
2260.09,3961.43
1650.89,2878.83
4018.21,4887.18
3076.95,4732.77
3160.12,4203.96
2501.21,3607.85
2533.98,3561.31
3131.27,4336.54
2450.04,3847.8
2410.2,3116.49
4019.09,3572.73
3926.86,4110.47
3323.11,3191.36
1106.43,3245.39
2710.96,4253.44
3482.38,3050.26
2272.25,3712.55
2443.0,3074.41
5085.69,8417.41
1872.0,3054.07
4576.44,4502.8
4732.83,4624.5
2710.32,4841.44
1669.49,2567.82
1978.88,3216.53
3305.95,4318.89
3625.96,4144.47
4001.41,4996.83
3891.22,5098.89
2956.41,4444.61
3011.51,3966.14
1160.54,2849.41
3469.16,4274.11
2915.01,4008.5
2347.9,3224.03
2376.28,2912.35
1508.68,3856.2
1836.59,3638.22
3197.82,2922.47
4317.54,5683.73
1981.46,3225.63
2100.32,3460.54
4709.44,5236.99
2355.49,4153.19
2047.2,2540.88
2374.85,3124.0
1865.51,3206.19
2293.39,4597.41
2259.04,3724.81
2938.46,4257.78
2924.91,4486.63
4318.14,6010.84
3614.9,4584.66
1599.5,1422.47
1735.05,2572.17
2284.98,3027.61
1566.72,3880.93
930.87,2836.82
1740.49,3623.34
1854.37,3710.56
4629.7,5329.55
2657.6,4091.38
2579.79,4128.75
3395.19,4163.47
3266.08,3163.17
2770.29,3556.56
1688.4,3253.88
2934.99,2957.71
2942.59,4119.09
3264.99,4685.68
4441.79,4641.98
1078.31,1276.91
4162.18,5676.92
1375.32,1813.88
1950.59,4204.11
1630.58,2959.88
2230.74,4664.43
2451.21,4286.24
2293.89,2670.08
2210.46,3802.1
3237.43,4893.01
1603.15,2699.23
1876.97,2989.88
4998.09,5402.29
3535.66,3065.74
2997.62,4244.16
2714.13,4809.38
2995.92,3351.63
4980.34,5697.59
3809.06,4676.07
1226.38,1385.21
3060.23,3590.2
6695.0,5080.23
2471.78,3041.67
2737.23,3063.34
3016.12,3508.2
3327.33,3344.03
3737.88,4808.97
2580.98,4343.06
4254.96,4614.99
2825.95,3627.1
1819.13,1636.42
2015.38,3100.79
1858.58,4260.22
2589.2,3609.96
2670.53,3298.7
4796.0,4274.92
1014.56,1779.37
1407.47,3000.84
1944.16,2982.27
4932.65,5406.29
2079.28,3953.0
1442.43,1956.83
1200.93,2914.87
1908.32,2662.18
2094.11,3557.24
6231.19,5729.93
3391.23,4488.96
4064.1,5222.98
1085.92,2497.45
2405.39,3807.11
2700.15,3492.73
3426.55,3285.95
2587.35,3323.59
2048.08,3707.15
3103.68,3436.1
2634.08,2804.55
6433.43,6331.23
2896.65,3715.85
1440.49,2181.35
2601.19,2288.21
1855.14,2601.37
1923.64,3347.6
3010.63,3728.27
6199.53,6017.44
2065.57,4083.45
3814.91,4622.42
1670.51,3094.48
4709.74,5711.06
2137.78,2954.23
1431.06,3279.89
2889.11,4096.4
1123.9,1348.76
3686.94,2116.87
3300.86,4665.92
2388.1,3371.66
2797.33,2960.36
2585.34,4620.75
4316.59,5132.84
1726.24,3411.15
2835.92,3434.94
2873.31,3707.21
2127.65,3738.7
2254.23,2878.04
6152.55,5613.85
3080.3,4252.35
2798.68,4663.03
2846.23,3976.83
1457.15,2790.42
5470.02,5313.9
6796.71,6379.67
2218.87,3900.78
3068.39,2807.79
3673.35,4284.25
2715.64,3602.15
5409.31,6114.75
1958.15,3819.71
5773.69,4953.18
3177.81,3743.07
1469.41,2997.57
1959.72,3324.21
5521.98,5176.6
5795.21,5857.03
2709.63,4037.91
2624.27,4642.48
1844.52,2908.67
3101.89,4000.58
2732.67,3511.93
2361.04,3224.01
2822.71,2890.65
1518.27,2937.01
1593.43,3436.3
3208.67,4740.22
2072.21,2462.09
1811.12,3538.38
1618.98,3493.09
3018.48,3838.72
4339.03,5482.0
4363.92,4589.64
4462.7,5198.34
2463.27,3536.89
5033.95,4800.89
2248.83,3647.09
4063.33,4590.44
3025.23,4952.37
4184.7,4483.46
1950.75,3666.62
788.51,1570.69
6196.31,5393.96
2283.93,3476.09
3747.73,3781.41
2241.69,4292.86
4063.33,4590.44
1773.09,2711.1
3611.62,5118.22
1662.17,3307.0
2567.81,4087.43
2634.82,3686.18
2631.76,3775.89
1942.37,3209.46
4626.06,4937.37
5038.49,4798.29
4475.5,5213.99
2475.77,4124.03
5279.99,4658.12
4907.74,5383.41
2836.23,4109.78
2419.16,4153.45
998.13,2341.52
3127.91,3323.83
4076.3,5816.09
3279.1,3732.76
2498.36,4896.43
4461.89,4295.3
1584.48,2563.1
2177.07,3113.92
2551.53,3509.15
1525.0,1989.77
5207.25,5408.36
1449.38,2915.52
1401.62,2783.78
3466.33,3632.62
2428.05,3432.89
2812.0,4122.2
4105.83,4596.16
797.07,3198.14
1983.34,3075.98
1382.74,2841.41
1329.43,2039.34
3266.21,4510.93
2748.51,4345.54
6323.07,8760.08
3846.46,5280.12
2692.38,3003.59
3065.41,3454.56
2636.87,3582.45
1127.46,1356.04
2010.1,3624.79
3500.74,4643.96
7273.15,6278.14
1904.12,3277.41
2212.25,3843.65
4705.66,5135.61
8203.88,6027.57
2035.77,3323.72
1255.34,3257.6
1583.52,3542.07
2466.14,4150.78
3173.86,4222.92
4331.95,4782.75
1777.38,4015.12
4579.17,2331.08
2265.32,3581.24
3766.83,4818.45
1567.47,2786.99
5527.26,6989.23
2533.77,4802.97
3464.89,4825.84
5511.74,6545.32
5397.26,5386.72
4506.05,5277.61
2179.64,3920.4
6867.41,6324.93
2094.31,3450.96
3903.29,4585.17
3045.19,3879.09
1392.8,2731.4
2231.02,3757.95
2199.66,3377.14
3873.35,4203.67
1793.48,3133.15
3362.76,4438.98
1663.23,2350.03
3814.93,3471.89
1954.79,3835.61
6203.46,5719.32
3810.91,5122.41
2556.53,3309.79
1393.55,2761.41
5077.62,4663.13
2846.73,3884.41
2756.61,3581.45
3479.37,3956.21
4318.68,4606.48
2545.21,3576.88
3114.79,3496.48
2510.91,3166.87
1639.0,3247.7
3079.32,3985.76
1676.56,2888.2
1663.01,2645.51
2668.39,3675.51
5376.28,5500.4
2482.49,3382.95
3992.33,3822.12
4204.0,5066.65
2513.85,4883.23
2909.44,3077.29
3981.59,4334.81
2180.17,2573.32
2917.84,3143.28
976.41,2700.19
2191.24,2633.04
1376.4,1426.57
4648.68,5732.74
1675.19,3807.99
1853.21,2431.49
2693.41,3587.77
1658.8,2485.42
4072.8,5657.75
1151.0,2360.92
1981.82,3343.58
4418.48,5553.59
3828.99,14911.05
3840.03,4958.48
6225.63,5137.42
2522.8,4308.86
1574.98,2530.64
2460.87,3585.33
5996.54,6582.5
2249.84,3324.29
3124.76,2466.5
3534.24,4814.4
2564.07,3261.37
3538.99,5163.64
3956.38,5106.38
4285.8,4064.84
2539.47,3254.48
1993.4,3756.96
3869.84,3752.01
1552.65,3456.44
1181.98,1402.85
2280.88,3143.07
3414.05,4981.72
7070.32,5036.67
2329.4,4011.6
5707.76,6454.27
5713.17,4970.39
3955.85,5040.33
2651.92,3411.53
1799.39,2820.72
3670.81,4353.17
2907.18,4094.75
1965.29,3842.47
2962.15,3433.58
2761.01,3112.98
2875.11,3829.97
4040.7,4150.11
2071.25,3999.51
1351.59,2836.48
2628.75,4641.6
2208.99,2590.91
1759.77,2375.4
1309.31,3511.46
3065.17,4908.11
2170.05,3931.62
1834.31,3788.68
2330.71,2968.78
3186.43,3264.35
2178.71,3500.31
4553.57,5080.11
6665.8,6277.56
2087.06,2417.87
3115.4,3570.79
1981.4,3471.97
2299.96,3120.28
1991.96,3516.26
959.08,3058.13
981.9,3007.86
5321.35,5434.46
1384.66,2558.9
5442.05,5398.17
5647.01,4666.98
3174.39,4710.58
1993.4,3756.96
2416.41,4305.84
5018.33,4110.69
3009.04,3620.57
1341.51,2027.58
2787.62,4561.38
5624.19,4981.89
1767.89,1629.29
3085.49,3661.21
2037.57,3022.07
3389.21,3971.02
2175.85,4007.1
7810.56,6527.31
3819.24,4835.57
3868.97,5698.56
2294.71,3611.01
5335.12,5689.74
1585.45,2943.28
4490.45,4971.24
1897.93,3884.29
2594.44,3470.04
1327.78,3972.89
1682.5,3835.47
3863.71,4314.69
2418.52,3472.77
4077.47,4743.22
3210.31,4998.27
5069.35,5963.59
3566.71,4671.22
4088.77,5394.62
2257.36,3637.62
1715.81,2453.22
5440.58,6215.8
2385.4,3750.66
3159.23,4060.81
1783.56,4208.84
3001.47,3646.58
4180.17,4755.96
2564.98,3526.14
1726.26,3115.82
2385.99,3605.37
2690.62,3219.51
1789.71,3197.59
2579.44,4078.17
3306.85,4390.2
3371.19,4575.18
3749.97,4076.34
6949.46,6348.86
3484.31,4619.5
2502.92,3945.79
3957.63,5189.45
2883.39,2980.0
2747.66,3855.29
1176.86,1339.44
1461.67,3334.31
2453.38,3353.28
3465.62,3717.65
2751.37,4210.04
1770.12,3184.25
3315.05,4759.98
2863.42,3423.44
2711.06,2719.5
2614.57,4910.14
2028.56,3043.02
5041.72,5041.78
2831.62,3749.11
5477.69,5540.74
1310.89,1432.12
1117.09,2858.26
910.97,2740.75
2674.9,3230.64
1234.14,2708.4
5815.4,5636.11
1445.37,3493.27
2742.37,4712.9
2746.99,4057.94
3242.95,4669.14
2083.76,4625.43
2012.88,3550.58
5795.22,4649.87
4069.19,4727.18
4915.37,4467.33
1133.19,1398.46
2279.24,3358.55
3324.22,4973.13
1475.84,2991.1
3414.28,4954.26
2417.19,2985.66
2009.56,2549.67
3488.34,4729.03
1691.53,3957.36
1290.77,1429.3
1546.87,3134.24
4268.0,5163.05
1646.12,3078.23
1961.37,2380.01
2450.5,2993.77
2322.02,3966.15
4987.82,4955.52
1902.76,3911.1
2329.15,4293.16
2959.94,3895.1
2180.54,3799.45
1307.15,2590.5
5244.61,4143.11
2024.85,3051.04
2936.32,4649.87
2423.82,4674.96
1614.15,3781.74
4441.25,4802.05
1587.11,2543.99
2821.01,4809.69
3085.78,3618.49
2200.8,3941.31
3214.72,3587.25
2094.72,3229.37
4092.02,4794.22
1845.07,2577.79
1604.08,3066.92
2076.49,3622.17
4300.11,4622.3
4451.54,5484.06
3343.28,3783.87
2808.28,4343.17
3150.95,4019.18
3904.34,5126.29
3412.1,4086.81
2348.32,3097.41
3016.31,2756.57
5573.37,5221.13
1239.85,2810.65
4745.84,5141.15
2190.95,3695.73
1817.87,3217.33
2884.35,4121.25
4824.86,5363.45
2911.57,5618.45
3650.56,5598.12
1225.64,1400.41
4366.34,4335.92
2155.4,3652.95
4656.06,6854.93
5426.86,4949.97
2083.66,4007.47
3150.91,4194.26
2021.06,2738.66
2473.78,4536.9
3985.8,4968.54
2741.96,4142.61
2723.2,3323.73
6193.64,5546.42
1490.76,3770.02
2370.64,3743.44
1203.07,1400.66
1301.25,2193.49
1126.85,3057.38
1615.94,3112.33
2931.14,4773.71
3121.0,4686.8
1377.56,1420.72
2915.31,3190.36
2173.46,3079.35
3612.62,4169.92
2988.68,4304.96
2114.2,4461.83
4036.41,4689.05
2015.32,2674.97
5293.8,5210.49
3415.47,3514.77
4101.02,5364.84
2766.76,3331.27
3021.93,4445.59
3968.47,5069.15
2387.78,3806.86
2315.05,3246.15
5293.01,5426.93
2710.96,4609.5
3111.15,4702.23
1918.45,3217.33
1898.03,2792.03
3915.08,4825.82
6786.19,6538.25
1791.73,3201.01
3206.4,4108.25
5131.29,5738.99
1523.04,2789.27
2054.23,3347.69
812.31,2564.65
3818.64,4990.91
3811.72,4443.28
2087.69,2619.76
3595.33,3582.77
3779.4,3983.08
948.26,2183.33
3677.42,5757.89
2079.42,1854.76
5143.53,5524.55
2354.67,3266.93
1834.85,3202.8
3358.94,2725.09
1689.63,3652.69
1474.82,2558.82
2789.74,4306.84
3421.03,4866.89
2011.86,2528.99
1935.44,3181.43
774.22,2556.12
3475.66,5862.92
1935.79,2975.89
3772.08,4611.32
1380.92,3352.55
2491.08,3544.2
3263.66,4040.38
1902.12,3034.16
3559.47,4742.51
4483.91,4854.77
1267.82,1387.75
1715.81,2453.22
5667.15,6224.62
2871.69,3974.91
2655.04,4205.52
2965.56,3917.64
2408.98,4298.14
1678.27,2020.73
2420.99,3268.26
5521.05,6054.46
2450.26,3229.48
2590.13,4280.27
1321.34,3067.06
2646.78,4212.08
2372.99,3747.54
3525.4,5104.8
4487.22,5400.14
1955.32,3905.78
2326.79,2507.27
3254.36,3284.17
1742.98,3102.38
1328.48,2953.41
2045.29,4053.19
1754.08,2936.08
1408.64,2969.74
2025.71,3115.46
1724.31,3789.39
2541.29,3436.52
2178.75,3734.92
2301.04,3774.67
2142.79,3191.48
2399.66,3571.72
4524.4,4947.86
2275.93,4017.37
1764.14,3942.38
2048.52,4313.89
1900.6,2868.21
3998.71,3569.18
6022.62,5602.58
5214.85,6274.4
1641.8,1820.04
3841.29,4919.04
3874.47,4788.61
3110.92,3345.91
4660.01,4699.23
3944.42,4533.98
2690.74,3882.97
2959.13,2805.23
1920.75,3616.86
4372.98,5243.94
4766.69,5707.02
2573.21,4092.86
1601.23,3240.31
2287.93,2103.57
3701.08,4096.12
2487.95,3699.87
3149.31,3468.41
2982.66,4021.6
2074.13,3261.36
1495.76,2761.4
2354.01,3644.15
2363.3,3931.19
2008.05,3813.71
6345.16,5572.1
1719.34,4035.76
6646.12,5539.45
1536.09,1910.12
2213.11,3455.73
1376.82,2802.96
2109.74,3617.34
2138.14,3444.38
788.63,2752.91
1938.32,3859.74
2782.7,3268.11
3161.3,4876.91
2510.81,3737.39
4176.99,5226.34
3032.77,4269.94
7614.83,15827.65
3279.09,4074.44
2472.52,3603.75
2437.73,3903.55
1669.52,1273.75
5228.3,6627.68
1401.21,3057.94
1899.33,2584.15
3059.7,3844.11
2493.62,3867.43
2282.38,3764.52
5283.39,5420.72
2395.68,3543.65
1313.0,3057.84
5587.16,5430.46
1154.63,3137.48
4955.5,4919.9
2687.22,4128.81
2334.99,4043.17
2702.65,3936.79
5405.95,6056.75
4301.91,5132.49
5021.9,4357.39
2495.6,3815.76
3789.82,4269.8
1913.5,2865.71
6927.89,5443.21
2386.39,2774.62
1714.87,3312.31
1917.83,1479.58
2570.41,3451.01
921.01,2676.31
4773.97,5070.19
3315.85,4578.5
2634.78,3119.49
958.43,2186.27
4723.64,5386.95
3757.52,4435.14
4380.31,5829.48
2601.99,2991.72
3796.36,5100.57
4547.53,5007.9
1780.04,3319.26
2289.36,2741.39
1948.47,3546.72
1053.02,1776.45
7216.64,5216.9
1709.06,3628.43
2188.68,3796.96
2876.21,3838.93
6076.85,6299.13
2389.16,3638.58
1946.02,2644.55
1145.93,2864.46
3277.11,3302.89
2479.64,4076.62
4125.82,5001.84
2467.9,4162.15
1502.56,2022.61
1603.22,1418.18
1155.68,1356.57
5342.69,5536.19
1619.52,2614.7
1635.91,2789.57
883.79,2632.24
3715.08,4016.77
3563.1,3660.4
3255.79,4312.39
2499.9,3300.19
2117.42,4808.61
3184.03,3673.43
3613.9,4916.2
1789.32,3037.45
2687.28,4408.27
1234.13,3279.27
1465.78,2453.4
3795.68,5576.64
1341.41,2446.79
2580.76,2610.93
1536.26,2810.65
2322.81,3669.79
2379.4,3727.93
2025.89,3459.35
2362.69,3409.03
2126.49,3154.08
2485.18,3289.3
1633.7,3461.01
3299.54,4076.19
3383.04,4089.37
3902.66,3794.63
1362.89,3003.96
1375.94,2854.47
1541.57,3455.63
3472.45,4002.03
3003.36,3888.11
3785.49,4841.8
775.22,3005.12
2166.42,3812.7
3084.7,3170.58
2938.66,2603.56
3149.6,4717.21
3182.35,4505.84
4086.78,5715.06
5470.59,4680.39
3637.88,3812.48
1206.8,1386.46
2937.67,3347.32
3931.33,3984.27
2429.16,4601.2
2049.49,4020.2
3846.94,4562.86
2131.69,3016.3
5108.59,4752.86
3594.44,4717.93
4219.33,4508.58
1610.81,3463.26
1809.1,3508.74
2878.53,4932.04
2646.19,2600.58
3578.8,4857.07
2107.51,2595.99
7825.0,8562.19
3266.29,4136.53
2059.34,2495.13
2435.59,3775.24
1817.84,2508.73
5097.74,4319.89
2932.74,4622.02
3980.28,4142.07
891.86,2619.58
1259.03,3354.28
880.32,2022.78
4359.14,4666.57
3003.43,3798.31
2210.32,3240.61
1533.79,2266.19
5314.08,5931.32
1772.0,3773.4
2071.63,3793.98
1778.87,4073.94
2313.76,3833.5
2365.4,3546.78
2588.44,3272.96
4045.81,3799.71
2649.25,3960.85
3760.83,4241.03
1462.79,2906.55
4735.48,4204.43
2878.88,3210.96
6650.64,5526.22
7223.62,6664.53
2087.32,3776.74
3183.97,3431.91
2520.49,4693.44
2284.87,3734.34
2683.65,3851.92
2656.57,4356.28
3714.2,4458.18
6933.49,5459.81
1538.41,1465.8
2334.14,3200.13
1066.98,3226.19
5015.52,5912.04
2782.42,3840.03
2314.46,3367.88
2124.75,3544.01
3220.25,4799.45
3993.95,4228.5
1955.23,3392.47
3735.4,4800.62
2660.46,4081.86
1985.22,3778.29
2704.04,3733.66
3499.97,4094.18
5260.48,4826.29
1147.01,2434.32
6423.95,6017.43
2148.28,3598.58
4398.74,3979.21
3109.86,4077.69
2401.33,3298.05
1754.3,3782.29
5335.43,4662.96
3072.99,4080.6
5631.87,6556.03
1725.93,4035.67
2916.48,3994.39
2794.03,4317.93
1340.74,2426.17
2215.17,2589.32
2176.67,3999.0
2406.18,3529.34
3302.62,5040.71
3032.22,4293.43
1834.7,3196.75
2172.97,4059.31
2287.93,4164.32
2391.95,4641.8
1546.69,2913.9
1487.09,1884.09
6148.23,6241.1
2433.71,2958.13
3854.17,4916.53
1884.69,2687.61
2047.46,2456.82
1667.03,3014.04
3424.88,3743.42
4033.23,4181.5
3306.44,3414.12
4060.12,4929.77
2191.45,3034.25
1912.15,3658.76
903.69,1333.81
1305.55,1404.75
4794.54,4539.93
2735.65,4167.12
1237.7,2871.9
1818.44,3341.01
2243.5,3115.97
2594.55,4468.9
2510.99,3253.78
3677.8,3324.66
5202.07,5694.46
2174.14,3831.35
2775.5,3619.55
3051.29,3993.76
2592.49,4594.0
2666.55,3872.38
2691.78,2611.84
2775.02,3370.44
5786.99,4380.27
1502.84,2714.24
1774.61,3408.69
1811.29,2997.61
6306.74,6639.94
1468.27,3388.21
4903.67,5190.56
3313.69,3321.98
2862.31,3185.95
3547.59,4921.37
2087.21,2684.75
3923.39,3236.79
2076.49,3622.17
3318.03,3895.95
4959.78,5541.54
3281.74,3635.94
3011.74,3524.37
3409.53,4804.17
2443.28,3477.09
1390.15,3323.1
3073.33,3358.09
2972.29,3892.81
3777.41,3713.28
4679.17,3962.48
1994.99,2545.66
3081.45,3543.18
3385.56,3924.94
2134.4,3470.95
4468.91,5262.89
3488.25,4471.67
3194.58,4050.38
2912.41,3553.46
3739.26,4983.4
3208.94,3774.01
1008.71,2031.05
3149.15,4296.47
6376.15,5654.12
3089.91,3132.18
1455.43,1441.43
1839.05,3457.14
1545.64,2960.62
4623.85,3610.08
1767.5,2966.22
4002.76,5694.35
3467.7,4169.49
4187.88,5176.62
5771.15,5857.48
1230.31,1394.75
3809.19,4769.76
2113.8,4223.76
2266.03,3250.5
4066.43,5673.23
1649.62,3201.75
2132.01,3108.95
1054.22,1233.79
2718.4,4938.35
1652.65,3368.27
4335.88,3844.05
5506.19,4698.34
2874.08,3293.39
1554.85,1889.37
2145.86,3100.18
7285.0,5907.22
1427.27,2949.64
2513.2,3408.52
6642.44,5431.75
2514.2,4075.51
2320.4,3823.79
3555.67,4743.82
2394.5,3459.36
1762.7,1660.47
4738.49,5180.77
4842.67,4515.3
2661.12,3918.88
1899.59,3041.64
2702.28,3712.56
2870.42,4396.68
1586.72,3755.75
4817.42,4734.49
2130.12,3037.18
2037.35,2532.5
2064.76,3172.52
3567.88,4603.33
2579.52,3635.18
1510.25,3594.13
3134.99,4310.77
3239.37,2559.18
4719.09,5788.2
2733.88,3926.29
2375.96,4146.49
1874.85,3157.69
3100.75,4628.7
2118.76,3610.55
3477.49,4580.87
2304.47,2907.74
4256.42,5132.7
3423.29,3857.71
3076.23,4639.7
3179.29,3306.07
2865.31,2847.62
1907.9,3160.49
3938.25,4297.32
3801.33,3705.06
4144.66,4748.76
5086.7,4531.22
2178.1,3827.5
3346.48,4567.3
1169.19,2680.48
3319.2,4670.14
4256.59,4812.17
5281.36,5655.1
3184.68,4598.46
2190.16,4221.65
3646.16,4918.71
2250.92,2777.92
7277.53,6517.17
4159.32,4585.41
2283.41,3911.27
1122.38,2830.72
5564.55,5533.36
4017.61,3924.51
2594.41,3991.77
1965.75,2007.73
5020.63,5152.25
1828.39,2141.49
3214.28,3883.49
6052.67,13577.1
6107.49,4965.38
5194.81,5784.93
4838.11,4580.49
3439.03,5046.56
2654.33,3637.25
4938.96,4729.68
1973.9,3509.56
2205.31,3064.91
2063.21,2868.52
3107.74,3798.25
1373.76,3088.54
2790.24,4418.66
2245.11,3233.0
5559.46,4583.81
2279.88,3130.43
1823.49,2794.38
2768.37,3700.61
1760.53,3669.81
2058.81,4037.61
5826.55,5745.43
4965.47,5847.86
1988.9,3130.86
2094.56,3152.83
2764.88,4258.73
2966.25,4174.08
806.84,2346.72
4195.99,4804.48
3825.67,3622.12
2019.87,3343.66
2340.52,3414.55
2341.09,3643.54
5852.99,4404.84
1369.51,3680.59
3513.86,4207.17
2425.62,3175.91
2215.18,3838.87
4713.98,5273.34
2338.95,4019.92
1373.46,3458.99
2432.5,4152.78
2727.54,4682.49
2452.84,4733.67
4575.03,5262.29
5265.7,6187.88
2394.3,4098.06
2368.02,3397.17
4989.57,5398.01
2646.69,4113.4
1438.35,2801.73
3190.25,4469.51
4186.3,4715.79
2043.84,3230.27
5682.81,4007.67
1121.66,2504.75
3263.36,4147.36
2837.83,4158.46
1881.18,3434.71
3404.22,3105.75
2560.88,3359.5
1864.42,4231.13
2698.12,4026.67
1168.4,2670.15
3022.71,4253.88
2710.73,4270.65
1345.96,3493.82
5460.29,5301.6
2640.61,4258.61
3372.38,3610.84
2477.36,3622.14
2565.24,3267.56
1669.94,3083.16
2393.44,3940.07
2150.84,3316.81
4124.5,4861.2
1993.0,2716.01
3759.23,5165.72
2004.67,3488.98
1424.22,1739.93
5011.05,3931.51
1423.18,3054.87
3142.77,4406.46
5845.34,5152.38
1903.44,3911.27
1925.48,3138.06
11296.9,6408.78
1870.59,4005.15
3608.29,4509.78
1538.41,3301.45
2617.94,4888.44
3835.65,3180.51
5141.7,4980.93
4703.39,5115.17
2267.76,3448.34
4016.86,3764.47
2323.49,4075.2
2393.79,3750.82
5432.01,4201.5
2061.5,3011.5
3263.83,3645.44
1872.96,2928.54
2036.96,4021.0
3268.14,4035.28
3040.05,3469.98
2474.6,3195.93
1381.63,3212.11
2326.26,3111.94
1522.97,3766.3
2585.5,2209.0
2261.15,3096.72
2188.47,3230.37
3378.1,4820.65
1571.96,2856.13
1966.95,3912.69
2115.52,3974.5
4124.31,5111.51
2852.48,3445.43
1538.31,3831.9
4069.22,4538.46
3768.37,2245.08
2601.93,3587.01
1841.75,2240.22
3440.45,3802.2
2221.58,4037.34
3641.12,4988.86
1373.04,3204.88
3895.04,4034.38
2137.9,3325.65
3629.54,5018.48
2480.24,4540.49
3615.77,3746.7
2081.48,3563.9
1561.2,2053.57
5069.34,4984.23
5130.11,5463.81
4498.22,4080.8
1777.29,4673.98
2034.47,3842.14
2359.37,3783.17
2703.09,4169.26
3209.85,4568.04
2555.04,3843.26
4917.91,5359.32
5466.1,6324.17
1518.3,2951.68
6413.35,5460.3
5352.25,4883.4
4029.61,4159.96
2611.32,3554.99
2197.06,3559.55
1543.08,3139.75
2917.59,3348.22
7900.2,6593.41
3047.37,2985.0
1794.6,3789.25
1798.26,2630.59
1693.47,2501.16
2907.11,4585.12
1379.33,2365.98
3370.39,3670.14
2025.21,3610.46
1598.33,3528.97
2723.88,4369.75
1609.15,2343.09
732.8,2560.08
2850.47,3930.34
1287.51,3038.38
7060.92,5545.96
4161.37,3788.28
3054.02,3100.18
1749.05,3791.7
5885.52,5590.73
3182.59,4452.49
1545.05,3586.01
4501.77,4295.88
4036.17,3627.86
3524.83,3944.11
2228.65,3302.66
4707.4,5441.81
2897.03,3464.35
4499.91,5274.41
3991.91,4375.25
1329.85,2797.64
2420.94,3075.26
1826.0,1457.03
2360.6,3331.79
4232.93,4917.95
7678.89,9561.17
1350.8,1962.86
3498.19,4119.51
2169.43,3146.3
5312.67,6381.42
2439.36,4163.99
1035.25,2654.59
2312.45,4223.44
2179.48,3100.1
2848.88,4028.99
4786.2,5244.13
6238.66,5594.51
4477.32,5015.56
2983.89,3985.14
1856.14,3120.14
1204.23,2723.07
2368.01,3795.42
1311.79,2801.38
2710.98,4331.79
6088.66,5482.18
1958.17,3320.61
3542.24,4929.65
2711.57,3727.23
1913.55,4253.03
2590.75,4034.06
2051.88,3587.91
2054.33,3832.47
3288.83,3761.62
7251.31,6274.02
3295.83,4574.45
2203.32,4162.11
4497.9,4846.78
3921.34,5123.51
2374.86,4573.96
2035.75,3971.39
1155.88,2665.72
2191.05,3413.46
3959.53,5319.44
1847.16,3271.36
572.7,1772.31
2755.33,3386.19
3635.19,3562.68
2866.97,3764.32
4413.68,5327.27
946.62,1299.63
2693.57,4509.17
1390.42,2725.38
3093.0,3910.56
2784.05,4542.32
2810.01,4167.56
3007.47,3239.91
3404.2,3920.01
2217.3,3985.95
3109.49,4873.9
4348.23,5628.32
5325.87,4557.7
2017.2,3724.93
1991.33,3216.41
4829.17,5701.44
1485.72,3751.89
2692.57,4663.46
2252.78,3254.06
5915.99,5926.56
3083.88,3944.06
7671.24,6377.47
1924.09,3655.13
5056.85,6071.72
2056.89,3336.93
3664.14,4662.19
5004.75,10067.01
3260.26,5900.92
3128.07,4119.39
4516.9,4127.98
3667.21,4101.97
2335.59,2818.46
2555.85,4098.65
2028.24,3789.76
2297.95,2421.91
1518.32,2338.07
3277.03,3861.77
2594.02,4189.18
3920.13,4242.38
2304.36,4007.13
3982.17,4894.55
1806.06,3092.23
4958.79,5297.43
1794.93,2999.32
2564.87,4523.94
2094.2,3744.09
2460.44,3835.77
3714.34,4898.8
3996.9,5457.38
2980.12,4611.68
3520.67,4277.56
8443.73,7638.15
2206.54,4596.84
7072.15,5539.41
879.77,1478.99
2024.05,2672.66
3953.04,3968.2
1662.82,2577.05
2180.77,2889.4
2405.89,2825.97
3067.67,3413.6
4843.3,6083.23
2566.25,4641.02
3709.75,4221.82
1185.11,2685.3
968.11,3004.82
1659.84,2801.24
6195.8,6006.2
1896.41,3053.56
2056.05,3100.55
1979.06,3090.77
3813.71,5479.68
2332.26,2756.88
2737.4,4692.64
2219.99,3518.63
2998.8,4059.78
3346.48,4567.3
3502.18,4810.09
3554.95,3544.47
2912.4,3785.48
6350.0,5504.57
3223.04,4919.78
1549.05,2554.93
2758.6,4133.39
1907.66,2778.85
2117.1,3314.43
4949.02,4675.99
3756.21,5891.05
1598.01,2438.07
1009.43,2688.57
2632.29,3692.87
2216.47,4594.94
1680.17,1993.21
1505.28,2679.7
1185.05,2192.6
3681.81,4319.43
3886.47,5684.93
2552.82,4153.63
2393.84,3098.23
1198.87,3005.11
4658.28,3861.72
3760.75,3655.01
4124.65,4683.48
3152.27,4223.73
1757.29,2608.47
9459.97,6081.74
5262.46,6206.28
3145.89,2669.25
2836.64,4115.42
3082.86,4510.64
2822.53,2970.51
934.46,2720.16
4182.73,4660.36
3760.96,4762.48
5161.99,4192.56
3748.1,3134.06
1875.58,3866.81
2178.64,3143.97
3233.18,4041.51
3285.28,4773.76
1940.65,3055.88
2157.48,2702.93
2565.74,3548.21
3103.48,4052.23
5153.55,4413.32
3661.08,5174.76
7518.33,5677.21
4267.02,4484.56
2292.08,3107.41
3476.36,3839.15
2342.25,3200.09
1544.39,3158.67
1696.58,2469.07
2710.25,3858.94
1512.77,3764.43
2013.21,3566.62
5842.31,6603.69
4322.07,5214.07
6638.15,5198.53
1250.05,1408.76
2854.71,3428.52
3260.11,4235.25
2571.23,3201.52
4006.24,4623.46
2962.59,4648.63
2299.18,3739.04
3187.17,4389.51
2935.1,4191.05
3070.52,3959.01
1348.71,1496.33
4103.06,4217.45
818.86,2575.2
2233.4,3232.23
1709.24,1870.52
1289.54,2893.13
2584.43,3515.17
2252.84,3145.77
3083.25,3560.7
2086.47,3117.92
2386.69,4274.73
2194.21,4172.28
1751.66,3435.44
3163.48,4735.39
3985.87,4821.6
5308.42,4447.59
5161.05,4609.67
3524.41,4908.13
2172.28,2744.99
1979.25,4057.08
1991.22,3982.42
2520.95,3450.49
6155.22,4489.68
2660.74,3486.33
3169.31,4923.89
1365.71,2768.14
3443.79,4583.25
2424.05,3834.28
2950.52,4155.48
2622.63,2750.78
812.76,2582.95
1349.27,2488.97
1586.54,3101.74
2173.95,3941.66
1200.98,1399.85
5677.32,4097.33
2486.22,4630.78
4216.05,5104.71
3467.13,3732.95
1726.86,3225.24
2429.5,2972.79
2659.02,3974.76
3046.77,4716.65
4063.92,4636.74
2083.42,3997.56
1058.58,3122.49
2020.53,3391.38
2992.71,3951.8
1732.31,2783.39
1919.36,2426.54
3171.74,3670.09
2169.43,2012.06
2955.75,3543.18
3066.23,4089.24
4479.58,4732.34
3814.55,3214.18
3484.02,4306.45
1967.01,2590.64
2599.24,3246.12
4227.6,4385.42
2958.16,4025.63
3184.82,3884.16
3583.79,3574.98
4671.88,5131.0
2546.6,4151.45
3352.02,3823.45
4626.99,5218.35
2304.49,3363.09
1569.43,3194.73
3653.43,3662.43
3083.33,4351.5
3228.9,4488.66
4953.07,4051.87
1332.33,3154.61
5272.82,5825.22
4154.96,4565.37
1439.1,2878.87
2428.84,3841.69
3805.51,4286.69
3160.87,2710.01
2957.95,3968.27
4097.63,4394.6
3470.38,4901.73
4991.84,4599.6
5014.89,4887.36
6732.4,7190.38
1873.67,3387.3
3209.02,4402.77
5256.48,5830.45
1226.83,1897.8
1295.21,2393.1
3262.61,2385.46
1817.7,3344.25
1628.08,2087.51
2046.31,3692.91
3053.25,4186.06
4362.33,5369.2
3833.94,3903.81
1703.53,3858.57
1780.09,3228.17
2837.59,4765.77
2568.2,2790.13
5413.36,5385.4
2758.04,3935.19
2043.83,3072.1
2684.87,4542.61
5217.01,3836.52
1593.63,2153.28
3803.15,3859.55
4603.5,4874.16
1636.87,3429.54
5211.98,5668.29
2912.93,4093.98
5192.65,5441.2
1513.39,3440.84
3920.22,4552.7
3396.71,4591.75
1046.51,1787.93
2303.45,3787.06
3929.6,4507.58
4296.57,5369.4
1230.52,2100.65
3512.31,3700.49
3550.29,4618.48
4116.26,4642.62
2185.95,2498.56
2775.99,3559.2
4556.61,5087.85
3015.09,3769.79
1575.69,1957.24
3883.97,4843.35
1053.58,1381.83
3699.52,4730.61
3864.04,5499.22
1318.73,2879.43
4724.82,5066.71
2859.36,3459.77
3170.23,4322.93
3214.97,5614.82
2950.52,4155.48
1526.76,2327.13
3136.04,4079.52
4174.29,4828.71
2015.22,3388.64
2403.12,3436.9
2520.14,3839.67
1750.79,3367.17
1472.47,1881.46
5582.22,4615.24
2755.63,4121.7
1070.19,1952.99
4455.63,4330.84
4867.94,5726.29
1678.84,2236.51
3703.8,4195.87
5174.11,5444.92
2340.07,3684.54
2133.35,3898.65
1694.63,3595.97
1610.32,2197.83
4557.68,5011.43
2976.87,4959.11
2251.37,4234.49
1713.92,3008.11
3699.53,4539.13
1641.57,3899.06
2947.72,5891.23
4474.69,4697.72
2007.46,3320.56
1639.74,2437.95
2590.11,4221.97
3614.72,5020.98
4357.91,3793.41
1746.65,2992.93
1356.99,3059.86
3008.71,4551.39
4338.75,5523.62
1675.61,3043.34
3584.57,4441.17
2516.36,2679.14
3993.31,5219.7
3780.15,4595.77
2521.36,4376.88
1992.49,2403.25
2118.45,3124.82
2591.79,3265.66
2505.65,3887.76
1388.2,3099.86
1736.61,2177.75
3326.08,4468.93
2157.63,2938.54
4671.05,5282.18
5107.99,6470.69
4536.57,4395.99
3149.97,3856.58
2556.62,4665.63
5585.59,4703.87
2276.74,3547.44
4723.23,4102.58
2388.1,3371.66
4084.18,4065.48
1480.72,2008.25
3469.96,3530.28
2660.38,6968.83
2360.43,4600.68
5382.32,5826.18
1560.08,3812.31
3951.82,3749.96
5652.44,3975.95
3278.54,4741.6
5076.91,5433.31
1823.15,3005.94
2189.14,4230.66
2278.99,3733.44
3627.8,4193.8
1522.85,2580.81
4977.81,5638.94
5001.42,5668.0
2229.76,4124.62
2222.52,2653.85
3526.7,5076.29
2195.6,3610.1
2451.15,3553.88
4595.19,5906.61
2496.07,3206.74
3949.02,3970.54
3227.47,3496.09
4220.37,5190.52
2147.09,4274.06
3446.5,4275.93
926.42,2928.11
1561.78,2605.86
1607.15,3918.35
1779.37,2466.26
1192.81,2486.93
1541.51,3066.6
2479.45,4245.28
2087.64,4214.87
1745.57,2696.7
2416.34,3997.93
7218.2,6414.25
3544.55,4521.57
1715.54,2938.06
2806.69,3652.53
2824.59,3279.71
1019.8,1920.54
3997.42,4003.87
1814.31,3678.26
1876.56,3007.25
2842.73,4525.6
2576.49,3501.17
891.81,1778.59
4048.27,5225.3
2380.11,4108.89
2818.46,3171.05
2844.06,4284.62
937.26,2199.07
3698.48,4571.85
2543.93,4052.71
6948.51,4855.9
2100.33,3598.79
5705.79,4120.01
1861.3,3109.99
5339.9,6135.16
3393.79,4199.23
3870.15,4409.51
4426.23,5585.22
1630.91,2492.75
5281.32,4670.64
5172.28,6331.67
5298.17,5225.91
3814.93,4658.0
5012.73,4974.31
2452.37,3214.79
5791.63,4350.17
2786.6,3751.98
1952.1,2984.94
6880.55,5408.67
1808.45,2685.45
1434.17,2842.08
1879.01,2247.59
4232.06,4923.81
4190.89,3746.34
3236.84,4093.72
3597.65,5013.58
2445.18,2328.18
1065.72,2860.52
4751.66,5730.87
2028.48,3220.41
1972.18,2991.36
2543.07,4155.57
3524.99,4050.36
2639.59,3710.72
999.92,2860.39
4876.32,4378.35
3045.9,3849.37
2346.64,3388.49
2048.11,3328.53
2138.71,3062.84
4732.02,4337.8
3249.72,4476.3
4404.51,5729.15
4553.68,4368.62
2930.26,2803.55
2915.54,3770.08
2804.04,3579.67
2582.92,3648.23
2519.94,3664.67
3082.43,2488.68
3696.53,3430.53
2918.12,3569.24
2841.39,3226.41
3151.55,4241.06
2763.75,3129.55
1240.47,1449.88
2696.07,3575.32
4073.96,5400.98
6937.6,5938.95
2725.77,3024.22
3546.67,3798.09
3296.6,3991.14
1886.2,2387.65
5245.88,5517.77
3590.58,4270.74
3041.03,3160.89
2188.45,2216.35
3568.52,4600.98
2561.84,4008.9
4083.49,3831.67
4487.72,4584.18
1552.8,2972.96
6886.31,6304.89
4885.28,5795.36
2498.16,3222.48
2658.19,4143.52
1063.51,3025.04
3093.82,4068.44
3863.11,4015.64
1430.64,3508.44
3378.87,3485.3
2248.1,3810.17
2241.14,2246.31
3601.53,5009.19
3191.04,5358.78
1678.14,1406.51
1456.51,3090.41
1647.0,3101.47
2672.31,4317.22
1965.44,4048.69
3422.08,4776.01
3029.1,4194.96
2781.09,3937.27
4554.58,4837.4
2008.65,3920.11
3302.21,3928.25
2120.45,3894.17
5365.63,4939.51
3718.5,4383.58
2340.76,3156.07
3072.39,5078.14
2854.2,4086.0
5982.0,5356.34
4288.84,5650.55
5517.44,4273.89
2696.21,3642.41
2289.37,4026.88
1669.01,2461.72
4314.64,5034.57
1918.7,3820.87
3996.57,4447.65
1940.63,2846.58
1702.19,3240.61
2005.09,3651.33
2883.74,4113.19
1990.6,3386.78
5226.27,8206.13
2697.68,3461.73
7032.03,10254.11
2008.9,2766.45
6881.37,6313.48
2294.07,3872.14
2629.07,3890.23
1970.54,2526.24
1451.35,2867.51
2282.47,4860.67
1451.63,2951.33
2068.91,4002.75
1977.24,3841.56
2100.21,3232.69
3809.07,3233.16
1600.7,2351.75
3156.29,4944.45
2722.02,4407.36
2253.44,4536.52
3265.63,4823.17
2008.8,3992.22
5482.29,5731.64
4933.63,5240.2
4095.79,5176.34
1949.33,3712.73
2005.69,2648.77
3380.39,4763.86
863.11,2620.7
2514.14,3550.01
1516.18,4054.31
2088.23,3814.19
1114.55,2704.27
3902.83,4232.27
2096.42,3617.67
1485.92,3728.14
1988.95,2677.54
4676.97,3949.86
1154.35,1381.74
1144.03,1993.48
3190.39,3773.66
5219.38,4096.16
3462.44,3747.8
2710.98,4331.79
4843.79,4019.2
1176.96,2593.77
1278.41,3009.34
3444.64,3686.11
2687.06,4303.3
3261.72,4088.93
3837.59,4814.1
4204.79,4859.62
1025.68,1755.26
3051.33,4404.85
3587.2,4490.28
1596.58,2880.44
2366.16,3880.75
4189.64,3570.87
8822.78,5442.64
1529.03,1707.61
2440.86,4243.46
3723.74,4532.91
2691.81,4685.18
2697.12,3866.34
5371.56,4426.33
2321.63,2556.44
4094.63,3868.72
2833.16,3381.76
3747.74,4770.49
2492.33,3834.73
3142.66,4194.01
2299.34,3923.65
2155.35,3925.11
2715.26,4003.53
2023.41,3666.99
3180.4,4814.04
2623.38,4700.28
3133.03,4661.39
2420.62,3241.82
2867.64,2720.47
2488.93,3393.4
1414.06,2714.28
4964.76,5199.48
3657.68,3816.46
4593.46,5049.48
2231.67,2672.04
1489.55,3102.27
4643.21,5304.48
3767.52,4483.32
4238.17,4312.82
5880.87,5438.72
1245.19,2022.42
6521.73,5692.24
1748.72,3484.92
2483.65,3250.83
1520.03,3102.39
1515.37,3093.85
2097.36,2589.47
3202.89,3673.35
1903.41,3422.26
3319.1,3957.61
3896.37,4819.62
2502.13,1842.72
4667.62,4923.23
3475.83,4100.43
3100.52,4074.26
2011.92,2875.42
2800.33,4096.27
3587.79,4479.34
2559.47,3987.47
2518.39,3747.5
2368.24,3001.88
2439.03,4112.45
1823.07,2383.63
1476.74,3275.07
4115.64,4842.87
2272.19,4004.05
4442.94,4496.26
6264.95,5775.48
2295.08,3106.1
3453.01,5006.26
5605.36,4883.94
2146.69,4229.23
1057.08,3217.62
4916.58,5182.12
1961.37,3169.97
1783.73,2619.7
2498.17,4236.6
3825.43,4614.91
2162.91,3940.55
1811.5,3503.93
2103.66,3657.84
8589.2,5742.34
1686.89,2707.0
5733.13,5346.79
1736.57,2461.27
2366.44,3772.94
3430.28,4673.92
1826.51,2875.02
1560.27,3011.07
2855.6,3904.81
2154.71,3562.39
2295.51,3242.55
2708.14,3208.49
5457.37,5957.52
1716.96,2635.97
1702.79,1981.58
3409.56,4511.31
4729.96,4834.86
1123.8,1404.53
2287.86,3209.37
5298.18,4425.04
2316.89,3758.02
2459.76,4579.6
1847.17,3186.2
4335.96,4517.12
4137.15,4825.5
2434.35,3944.76
2324.32,2735.19
2216.56,4800.51
2008.71,2012.64
5368.89,5355.18
2592.57,4596.17
2800.76,4137.85
1284.13,1390.39
2111.36,3660.75
2850.01,4511.54
5203.85,5343.19
2013.62,3547.1
3251.56,3670.55
3088.78,4531.78
2971.18,3524.7
4296.53,5340.19
2935.61,4884.08
4591.94,5349.15
6216.46,6222.12
3905.46,4065.54
3701.91,5493.86
3300.59,3648.13
2514.66,2794.62
2219.44,3743.03
4183.44,4629.43
3019.28,4124.26
1432.88,1391.0
3429.69,3870.09
6090.24,6502.03
1216.5,1408.75
1872.51,3975.5
1903.44,3911.27
1204.85,1417.33
4866.3,4356.03
2719.21,3145.26
1641.96,3326.19
5447.32,5371.69
1480.46,2635.99
1262.65,1405.39
6806.93,5606.93
1557.64,3286.63
2107.45,3083.35
1306.88,3050.2
3724.42,4775.6
5296.1,5044.96
1421.26,1431.76
748.77,2591.5
2325.19,4596.66
3022.18,3296.21
2554.05,3041.78
2882.38,3796.24
2216.06,4290.42
4222.25,4680.53
5768.89,4950.42
5538.36,5692.47
2620.16,3896.52
1164.62,1254.67
1985.58,3092.35
3661.77,5013.3
2837.41,4279.94
3424.69,4273.06
1604.71,3265.35
2415.16,2858.09
5069.83,6324.5
1533.68,1589.02
4689.9,4296.93
2251.5,3160.32
2129.8,2703.37
3111.82,4482.29
3216.19,3482.17
1514.3,3224.29
3142.85,4595.57
3494.66,4630.65
2805.86,4434.01
5213.89,5841.98
3841.39,4606.68
2288.1,3353.9
5504.42,5089.59
3537.68,3317.38
3485.14,3757.24
1775.56,2917.12
2223.68,2721.96
3332.45,4515.16
2985.75,3952.27
5345.49,5779.73
5056.52,5432.98
1227.84,3337.27
3891.99,4984.9
1885.96,4057.35
3347.33,4672.05
5459.01,6695.21
3214.54,3560.74
2036.1,2590.22
2907.76,4150.71
1384.89,2161.16
1641.49,2386.74
3844.44,5149.08
1954.12,3094.82
1787.62,3120.37
1997.06,3237.33
1783.24,3608.71
998.63,2690.84
740.14,2780.75
5556.54,6595.97
2559.07,3834.11
6041.03,4924.92
1975.6,2672.22
3832.8,5694.31
4364.03,4787.8
3610.22,4911.92
5973.29,5522.45
2931.44,5000.65
3934.54,4225.07
3520.54,4804.69
1649.93,2495.2
4320.73,4580.06
1723.31,3371.84
6544.51,7134.7
2331.58,4855.02
3926.68,5078.14
1744.75,3273.26
1539.77,3063.48
7549.06,5162.05
3281.74,3635.94
3003.36,3283.31
4319.03,4754.0
2934.31,3980.42
2103.17,3219.79
3596.5,4954.59
2273.99,3637.15
2522.82,4378.91
1887.54,4617.33
2767.71,3712.29
1211.77,1365.69
2425.5,3221.82
880.18,2966.3
2564.2,4010.28
1768.92,3626.4
2472.84,2556.27
2996.49,4414.74
1960.2,3182.04
2513.04,3343.02
2458.32,3225.39
2275.87,3235.56
3082.32,3280.84
1719.06,3299.61
1634.94,2705.28
2090.95,4005.95
1575.89,2563.4
3039.96,3527.81
1741.81,3920.19
3615.17,4618.07
2998.07,4378.12
1517.71,1961.87
5278.02,4868.75
3633.9,5301.59
1947.72,3167.36
2390.61,3973.27
770.75,2703.21
1473.59,3162.85
4829.27,5855.46
1775.53,1586.27
2008.87,3007.2
944.51,1778.97
1464.73,2809.83
856.67,2545.15
3051.35,4485.96
2303.64,3205.98
1289.76,2841.22
3946.56,5015.45
3970.84,4197.02
3120.84,3813.2
4353.94,3899.04
3643.94,4582.41
2798.55,4774.71
3522.52,4708.75
5703.35,6559.79
2969.19,3405.14
2261.84,3852.79
2005.91,2598.33
2410.22,3745.0
1256.53,1392.39
2335.83,3574.75
1867.99,2985.84
3171.77,4098.83
1114.73,2784.56
934.89,1747.31
1725.24,3034.5
3572.1,5206.98
1253.57,1419.81
869.53,2327.69
2566.51,3404.69
2578.09,3258.87
776.59,2556.8
4817.65,5302.98
3051.77,3301.1
4582.34,2390.23
1791.01,3059.07
1686.96,3604.17
1827.34,3080.46
2405.6,3153.11
5025.46,5004.72
4582.76,5321.0
2448.9,4085.59
1779.64,3451.24
3775.75,4900.28
6174.22,5916.51
2134.08,2575.47
2427.31,4156.86
1078.1,2979.84
2340.05,3547.22
3375.22,4074.17
2263.22,2610.02
1297.15,1393.12
1713.95,2977.36
3440.9,4704.06
1546.66,2199.39
2339.91,3066.55
3168.88,3604.91
2622.15,3037.19
1100.04,1946.95
2191.64,4656.55
2747.87,4001.58
2077.76,2375.32
4683.91,2681.48
4453.5,4115.42
1255.39,2118.62
1928.53,3061.76
4483.35,4593.38
2970.32,4723.02
4337.0,3476.88
1366.59,2795.87
6002.25,4935.03
1418.13,3586.31
3787.61,4471.09
3262.4,2548.99
2399.28,4094.87
1280.75,2754.31
1822.13,3482.46
6263.75,5538.35
1354.19,3181.28
5852.98,6055.12
2828.94,3818.7
2451.71,3349.16
4876.39,4686.2
3001.77,4265.03
5068.26,5233.3
5206.16,5216.06
1345.22,3318.53
1982.76,3078.85
1590.42,3913.06
1502.85,2839.15
4011.99,5515.98
2177.72,2628.0
2386.1,4716.57
3229.91,4050.72
2141.47,3892.75
2368.04,3594.77
2829.3,4675.13
2344.73,3941.64
1916.59,2362.41
2835.27,2987.37
1643.76,2678.99
1737.21,2432.12
4464.31,5378.44
3624.48,4595.73
1169.29,1375.29
1875.6,2752.6
2645.33,4158.0
1623.84,3449.17
1285.0,3031.38
4129.21,5044.87
4439.1,3998.12
2038.67,3650.57
1601.61,3153.76
2195.9,3643.8
5365.39,6190.32
3070.52,3959.01
1824.53,2587.12
3525.23,3525.22
2584.76,5006.67
4773.48,5650.35
7078.9,4401.89
2734.5,3848.01
1845.2,3636.97
2208.87,4312.45
2416.42,3924.04
5787.71,6140.87
2754.64,3697.06
1096.48,2848.96
1621.92,3891.79
5574.31,5630.21
3287.16,4196.67
4159.13,5517.47
3711.78,3898.07
4273.92,3770.67
834.67,2994.33
2118.69,3680.9
2092.63,3489.66
1364.6,2210.01
2390.81,2877.38
5543.76,5397.97
4461.53,7379.27
4246.1,3782.75
2862.35,3449.72
5883.18,5559.39
2824.47,3371.73
4145.4,4655.74
2205.26,3217.84
4014.69,4462.98
3101.89,4000.58
3077.47,4224.75
4895.58,4285.91
2677.1,4152.09
2821.53,4686.2
2333.92,4311.63
1329.47,1394.94
1863.94,3678.18
4814.93,4644.75
3461.87,3509.55
3784.93,4787.6
6058.76,5207.63
2100.38,2702.12
1966.73,3097.45
1770.73,1995.17
3949.43,5702.16
2621.79,5080.94
5941.54,6288.14
4069.66,5755.25
2855.66,3212.3
2650.79,4264.42
2074.1,3803.21
2686.3,3125.27
3889.67,4619.29
3482.32,4473.42
3111.15,4702.23
2553.72,4181.69
4551.39,5269.92
3155.53,4827.28
4211.47,4744.78
2619.22,4457.83
2346.0,4639.97
3307.54,3650.11
2387.35,3616.39
1362.03,3478.5
1697.37,2216.11
4082.48,5082.02
5019.52,5406.88
1897.93,3884.29
988.28,2194.49
3137.0,4251.24
3243.85,4573.49
2444.95,3456.33
1454.35,1967.27
6828.1,5829.32
3493.78,3876.47
2622.06,3870.63
1849.56,2685.97
3584.42,3410.46
2219.75,3022.26
3177.95,4257.74
2122.74,2375.8
2237.14,3745.9
1334.77,1399.62
2061.8,3534.92
4249.82,5720.06
2294.53,3225.83
3012.43,4578.34
2592.79,2413.68
1861.29,3218.37
6865.01,13810.99
5590.89,4650.78
1825.21,3142.1
2611.23,3348.63
1668.03,2951.26
1431.25,2848.61
5153.5,5053.04
2247.2,3670.31
3536.0,3994.55
2469.15,4904.71
3064.75,3986.51
2476.11,3636.98
2007.76,3418.21
2489.69,3260.75
2327.18,2831.76
1832.07,2387.83
2696.43,3553.31
2678.76,3015.46
2381.88,3128.34
3222.54,4611.59
1771.42,3163.36
1194.45,2904.47
3598.62,4595.06
2238.72,3577.56
3001.65,3068.77
3192.89,4958.37
3156.0,4898.47
1092.77,2466.89
1357.54,1822.0
1293.77,2852.22
2719.35,3642.18
2757.31,3982.2
2666.43,4393.21
1509.7,3431.84
1120.47,3403.89
2921.86,4629.44
2382.04,3563.91
3417.87,4434.51
2142.61,4123.11
2957.02,5008.31
2716.14,3437.48
2527.33,3621.94
2141.97,3422.11
927.58,3026.43
2619.65,3966.65
1722.06,2646.71
3008.31,3478.89
2794.96,4215.22
3246.2,4330.19
2149.05,2650.55
3509.97,5930.59
3411.49,4796.51
3717.64,3768.89
2056.09,2616.05
1642.39,1963.24
3214.23,3972.73
1446.84,3290.94
2345.05,4282.35
3199.48,4878.55
4089.79,4425.94
4282.78,5036.79
3378.1,4904.62
3162.65,4678.15
2264.86,4109.18
8421.25,7636.71
1949.74,3250.79
1578.56,1918.7
6445.74,5787.58
3226.64,4039.96
1787.34,2922.92
4688.96,5221.33
1684.64,3223.25
631.17,1718.96
2476.78,4233.26
1325.21,2012.46
1512.78,3693.63
1821.05,2623.6
1396.54,2805.33
4128.61,4578.58
4263.23,5108.22
1401.74,3094.26
968.69,2402.81
1793.62,3357.9
1680.7,2080.32
1864.98,3174.73
6417.49,5532.15
2464.2,1597.05
2019.46,3322.17
5280.37,5549.06
4598.42,4609.18
2398.74,3968.93
1494.92,3810.0
2081.68,3576.0
1596.82,3925.02
1887.53,2787.17
1451.86,3506.32
2114.03,3546.74
4249.82,15328.88
2365.09,4661.84
3078.1,3732.37
1291.69,2756.56
2091.8,3799.58
2633.13,3894.72
1513.71,3120.68
1290.33,1899.51
3577.61,4156.75
1439.99,3426.59
2884.41,3616.7
1355.48,2878.59
2062.29,3320.9
2695.97,4049.95
1655.82,3542.58
2536.06,4762.74
3382.29,5057.82
2025.56,3192.42
3905.13,4643.51
2646.11,2656.4
2901.78,4368.22
1429.36,2318.56
6197.22,4459.12
5258.07,5205.42
2755.82,4231.76
4884.33,5408.79
4483.1,5208.1
5853.48,5717.65
1677.03,3166.13
2134.33,3804.03
4237.98,3906.64
5464.32,5126.25
2246.53,2815.53
2861.04,4083.45
2913.83,3838.62
3117.22,4760.19
4639.19,5536.35
6790.12,5811.52
897.12,2680.96
5523.74,6233.68
5832.07,5923.15
3044.88,3479.08
2246.21,3947.64
2545.15,4369.21
1962.54,3292.31
3321.04,3800.4
847.06,1768.38
2203.49,4185.71
2723.67,3826.05
4400.13,4662.51
1904.55,3189.76
2581.1,3817.09
1155.72,1387.28
5174.61,5001.74
2250.43,3886.87
1174.81,1386.55
2346.43,3755.61
4772.62,4554.2
4050.35,3789.28
2348.65,3125.18
4266.61,5632.39
3156.71,4214.58
3673.26,4802.58
5388.35,5164.87
2294.87,4293.56
2580.15,4772.79
2650.06,3504.77
3583.12,3347.86
3083.04,4940.37
3181.79,4211.69
3182.99,4044.51
2209.56,4812.3
1965.4,4241.89
2369.8,4691.27
4020.5,5478.45
6732.58,6097.28
2780.26,4680.87
1397.69,1901.62
3890.08,5697.0
3545.09,3784.92
4043.95,4965.01
2162.54,3970.81
1210.82,2880.16
2822.18,3976.61
3824.68,4677.56
3841.08,5239.95
2249.44,2714.0
2618.34,3671.19
5525.9,5603.92
2207.99,4103.53
2067.57,3174.13
2984.45,3159.09
2045.39,3838.65
3137.0,4251.24
2537.66,3795.99
5448.99,4533.67
1466.55,3078.87
4499.53,5154.89
4381.87,4174.03
1797.69,3066.33
2025.33,2856.37
5017.9,5417.3
4489.75,4957.33
2632.08,4184.29
3125.42,4230.46
4869.26,4851.68
2985.4,3961.08
2388.79,3871.55
3702.33,4504.8
4851.87,4926.18
1591.15,3081.28
9437.3,8665.03
3889.53,4090.82
1188.9,1397.85
1831.95,2412.57
2630.55,4212.51
3500.64,3728.98
2719.19,4155.69
2320.68,3175.03
3103.82,3241.04
2502.93,3790.93
4255.79,4917.47
3841.29,4108.45
1825.73,2020.6
1353.76,2743.45
2509.89,4968.19
2773.0,3616.01
2610.72,3448.27
933.13,2609.19
5379.74,5729.45
1993.97,3039.55
2631.09,3451.28
2608.7,4284.97
5226.92,4746.5
2466.04,3105.96
3178.78,3755.24
3512.37,3822.44
1427.26,3685.16
3455.1,5101.77
1881.9,3339.52
2665.51,3269.11
2441.02,2813.18
2125.85,4111.16
2729.97,2986.33
3534.01,4721.15
3518.5,3680.04
4645.23,4635.25
2196.64,3025.74
2530.61,3443.11
2997.92,3976.55
3687.96,4597.23
2401.59,2321.47
3292.79,4471.15
4754.71,5707.28
7117.54,5149.56
2948.59,3528.89
3089.92,4420.7
2605.29,4130.75
2321.97,3526.12
2443.98,4138.38
5384.95,5486.3
3505.37,6307.07
2294.95,3537.78
2130.03,4611.31
4182.9,5634.31
5186.15,5309.04
7717.12,13929.9
1760.61,2945.62
3828.4,4475.62
3281.9,4218.48
3962.41,4978.16
5473.58,5378.33
2730.63,3753.44
3085.19,4416.8
2823.75,2806.7
2059.19,3928.6
1170.46,2844.91
2634.35,3863.31
985.12,2850.19
2504.58,3103.16
2171.21,3221.7
2244.0,3360.55
1992.24,2578.15
4441.86,4899.61
1328.16,3455.37
1430.1,2890.2
1701.95,4562.25
2451.38,3742.33
1713.59,3744.21
2187.86,3144.9
2480.88,3574.06
1259.43,2931.34
2684.03,4057.41
3004.85,4874.11
3200.23,3722.85
2672.37,3692.51
2038.1,2696.3
2046.91,3729.47
4697.64,6067.67
2923.82,3296.22
4366.53,5506.25
2047.03,3202.2
2513.9,4592.65
2689.79,3959.64
4981.27,5477.89
1095.56,2860.35
2033.32,2826.04
2644.16,4693.08
3749.82,3653.83
6672.63,4602.28
7556.6,5806.38
5239.28,5056.06
2005.22,2669.39
2803.22,4797.51
4518.46,5919.21
3185.8,3878.92
4199.38,4529.77
2807.55,4554.86
1437.58,2891.42
3920.46,4522.59
1874.0,2541.38
3745.3,5693.13
2558.99,4015.78
5172.4,4844.69
3121.03,3995.29
3656.41,4566.84
1974.88,3408.84
3028.19,4563.89
2367.49,3945.7
3155.35,3769.45
3096.62,3951.65
3278.0,4032.02
2222.86,3635.17
6636.75,5595.72
1834.85,3202.8
9272.64,6923.19
2006.94,3312.34
3443.2,4169.49
3183.23,4690.21
2798.88,4691.34
2877.13,3424.83
3341.34,4777.47
3231.83,3796.15
3828.99,13378.93
9463.15,5730.88
3189.57,4194.03
2498.38,3265.1
2575.07,2877.54
2650.5,4564.72
2918.64,4297.4
6576.66,4689.19
2296.19,3974.15
6054.4,4844.7
7811.86,14751.56
2122.14,3845.46
2921.05,2420.12
3146.86,4535.35
2854.62,4727.57
1672.86,2798.12
2047.0,3975.82
6338.39,6622.05
1875.07,2436.78
1857.51,3525.95
2043.47,2669.82
1072.03,2702.67
1897.82,2996.35
4132.24,4894.71
2029.76,2006.38
2216.34,3036.38
2761.43,2855.7
2413.56,3542.79
5199.24,5341.45
1977.04,2902.97
4932.68,4626.04
5163.28,6221.02
1911.07,2791.25
6118.0,6118.05
5614.71,5375.92
1849.62,2882.43
1293.41,3290.28
2471.33,3794.63
2230.66,2246.89
3258.68,3936.01
2095.83,2241.73
2002.51,3795.47
3551.5,4998.72
1281.23,1247.79
2201.33,3259.77
1770.86,3494.97
2057.79,2845.6
2999.08,4488.65
2324.38,3177.62
6127.09,4181.11
5130.13,4909.18
2034.32,3197.92
3255.36,4143.18
6544.79,5530.32
3688.22,3786.81
1332.98,3128.97
1286.01,2866.95
2517.63,3142.88
699.17,2216.63
5161.42,6023.09
2897.45,4048.52
2881.96,2942.68
2471.53,3630.67
1095.57,1797.93
6999.95,12306.38
668.73,1858.41
1518.75,3425.45
3058.22,4633.65
3906.0,4691.59
2497.39,3103.03
4054.33,4211.26
2757.29,3850.18
2190.64,3142.83
1947.07,3038.15
1755.79,3293.59
4067.7,4809.54
2012.13,3494.71
3731.95,5174.97
3893.57,4561.21
5947.15,6601.43
2089.42,2205.83
1910.73,3204.37
3124.72,4074.08
1042.87,2784.95
3245.21,4017.17
2588.19,3690.02
4356.72,4846.1
3493.42,3449.4
2063.42,3284.71
1923.45,3937.03
817.85,1137.38
2630.23,4208.29
3349.71,4679.1
2650.14,4359.75
1176.86,1339.44
5396.28,6201.96
3806.14,4068.36
5593.07,6749.56
1416.29,2251.88
1831.45,1925.99
5532.15,5114.26
2882.88,4432.28
3374.14,4794.91
2441.62,3136.26
1695.2,2236.69
2210.54,2966.62
5141.15,4797.26
3957.98,5685.22
1937.88,3182.21
3003.56,5000.85
2665.77,5110.69
2650.35,3988.22
1847.09,3323.91
2936.81,4227.43
3705.03,4373.09
1860.81,3806.27
2048.09,3205.62
2360.41,3142.72
2603.52,3676.38
2343.79,3933.21
2381.09,3565.99
2247.63,4858.21
1853.7,3760.82
1909.36,3067.08
1578.44,3246.79
2585.93,3629.49
2193.84,2480.05
1226.89,1363.8
2547.8,4672.68
2097.58,2257.03
1577.08,3800.65
3816.21,4280.22
2699.91,4257.0
3832.56,3756.81
1465.32,2924.21
2715.49,2730.72
3937.45,4824.85
1674.9,3136.11
2203.57,3100.17
3621.09,4532.6
2280.04,4759.19
2092.09,3260.19
1524.14,1371.82
2802.31,4678.64
1960.13,3525.82
2778.84,3655.13
3555.75,4534.77
759.95,2623.24
1994.56,3806.55
1471.83,2662.82
2192.25,3574.02
1575.68,3119.56
5845.34,5152.38
1976.86,2610.54
3395.23,4733.34
2375.62,4363.41
1714.59,2197.96
1653.13,3118.92
2332.45,3192.46
2704.55,3100.78
2109.68,4640.82
3958.49,5239.05
4834.1,4477.05
2160.07,3343.13
1771.29,4187.64
2686.57,4116.91
5835.85,6239.57
4143.4,3302.34
4045.23,3688.3
2637.22,4463.03
1841.54,3767.46
2019.57,3072.68
3551.59,3548.75
2200.05,3912.79
2922.78,4697.77
5764.1,5778.45
1521.95,2958.61
1773.66,3131.1
1537.88,3919.39
4333.37,5108.14
2738.64,3443.72
1800.77,3358.84
3678.09,9268.27
3424.51,4179.68
2807.71,4173.66
4094.77,4936.93
2535.13,3732.03
2401.74,3678.15
1452.41,3161.33
2731.75,83153.57
1951.1,3053.04
1242.95,2604.1
5546.33,6352.54
7904.76,4881.65
3112.8,3626.1
3110.3,4179.53
6174.85,4497.6
3161.95,4018.68
3191.64,4020.84
3525.9,2911.77
4131.98,4139.28
2103.8,4018.35
3934.05,4302.89
2605.09,4112.56
2223.6,3103.8
3428.55,3687.29
4406.89,5773.13
3543.76,4662.03
3059.36,3593.91
1628.49,3253.19
3404.11,3935.58
5138.07,4805.5
4152.92,5369.81
3563.76,4777.02
4743.63,5738.57
4569.04,4425.5
6993.37,5518.31
2512.33,3062.48
1070.58,2713.91
2378.57,3906.61
4007.95,3720.53
1714.48,3009.97
1525.0,1989.77
3999.67,5078.13
3136.35,4293.48
2156.29,1631.4
4079.42,3729.33
5276.38,5183.96
3145.85,3690.35
1294.63,3423.44
4415.19,5736.3
2507.76,4099.58
5508.19,5670.52
6560.02,7960.89
8759.83,7033.59
2441.53,4349.35
903.06,2579.6
2370.92,2441.07
3728.45,5065.53
3202.01,4589.82
9371.07,6292.04
1639.29,3459.05
2010.41,3236.36
2712.0,3439.06
2310.68,3739.19
2346.4,3831.67
2997.09,3691.87
5455.97,5055.67
3473.57,4186.29
1473.63,1885.43
3206.04,4143.61
3726.67,4322.31
2869.75,3460.35
6742.18,6430.96
2989.8,4704.6
5269.01,4756.1
2519.16,4605.54
3843.29,4263.46
4107.17,4938.35
4953.44,6239.81
4734.77,5416.34
2274.39,3259.43
6485.67,6106.35
1358.25,2601.54
4925.55,5093.29
6293.97,5506.23
3327.66,3903.8
1262.79,2686.57
4085.2,4679.93
2952.63,4735.19
1168.87,1393.81
3547.91,4197.02
5104.87,4712.03
2748.61,4025.87
3207.07,3799.01
3203.0,4202.25
1769.65,3751.78
4579.01,5246.6
2077.72,3741.71
2022.05,2455.64
3902.54,4666.02
2349.1,3650.81
3334.96,3903.68
1699.9,3439.46
1129.59,2535.03
1995.94,3099.45
2209.83,3981.75
1508.09,2655.48
3234.6,2088.99
2327.98,3241.06
3401.73,3597.02
2578.09,3258.87
1368.87,2053.35
4438.91,4700.65
2974.55,3942.78
3859.55,4522.7
2522.37,4027.83
1643.36,2401.36
2560.02,2888.2
2987.66,4883.48
4565.26,5619.17
3704.47,4145.93
2405.33,3394.06
2888.75,4956.01
403.5,2133.76
2320.11,3583.83
6132.66,6634.99
1401.86,2852.48
1913.74,3869.49
4649.53,4027.96
6399.7,5196.06
1587.01,2772.59
1216.85,1398.52
1452.63,3248.08
2027.95,3194.45
1672.77,2343.78
2841.08,4050.59
4396.8,4638.53
2661.46,3809.7
4348.05,4203.81
1565.67,3096.48
4223.96,6073.31
2538.8,4648.02
3001.17,3631.28
2666.31,2785.9
1380.98,3226.3
4005.43,3688.36
2357.89,4285.01
5579.58,4625.74
1231.81,2003.97
2759.54,3277.21
1533.05,2837.32
974.08,2589.66
1853.73,2564.7
2237.86,3723.02
1868.54,3177.3
1890.66,3431.92
2112.7,2593.12
1878.63,3534.97
3689.24,4079.08
2123.94,3210.71
1342.13,1393.14
1758.05,3083.52
5480.57,5203.93
3178.43,4990.49
4225.18,5375.45
2189.47,2703.57
3469.58,4210.41
1221.95,1854.62
3567.59,4189.48
1315.46,2810.32
6306.74,6639.94
2300.13,3380.49
5407.27,6533.6
3228.81,4536.86
1596.56,2703.23
2531.46,3827.85
3155.92,4956.77
1904.52,2573.31
5088.03,4907.44
1733.01,4485.47
3311.96,3745.0
5174.98,5129.71
1824.15,3410.07
5918.44,5958.43
3424.69,4273.06
2096.81,3627.44
2003.05,2633.81
1546.69,2913.9
2452.56,3883.51
3409.53,4476.07
4614.84,4205.6
2658.45,2998.22
2546.23,3175.63
2514.59,3794.54
1630.9,2882.3
2042.89,2362.63
2706.16,4004.82
5188.21,10018.27
3405.33,4855.6
3488.01,3517.08
1993.28,3118.33
1590.47,3101.37
2154.11,3365.54
2786.95,4339.21
2312.82,3046.17
1350.02,2526.49
1339.35,2287.04
2795.94,4145.09
1598.29,3099.58
2867.35,3903.37
3091.97,4355.76
5225.39,5345.21
3626.35,3836.57
7577.27,6411.54
2543.99,2942.05
1376.46,2781.78
4032.05,4391.6
4932.23,5720.18
1270.68,1842.5
5554.75,5139.78
4376.42,4956.07
1247.98,2781.17
1252.37,1401.02
2538.38,4701.61
4269.6,4957.75
3542.12,4948.29
2019.07,3959.13
1878.1,2019.86
3329.31,3537.92
3704.42,3453.36
6574.64,5573.85
1719.09,2417.18
2838.46,4167.69
2238.01,2508.75
941.36,2520.35
2871.37,4516.75
2081.28,4101.92
2770.22,3582.26
3749.53,4329.68
2670.51,3830.51
2659.68,4440.29
1590.39,3556.17
4445.4,3974.45
3925.89,4498.43
972.68,1985.67
5377.33,6221.79
2129.15,3514.12
2543.92,3272.33
4259.48,4579.56
1288.31,2740.12
2063.04,2717.09
2192.25,3574.02
2585.41,4063.63
983.12,2897.88
1785.61,3837.56
1774.57,2707.4
1829.08,3598.41
3171.19,3874.65
1900.99,2733.25
2295.67,3765.94
3097.61,4020.43
2197.65,2795.98
3130.48,6344.45
2402.08,3701.8
2302.43,3138.23
3077.73,3445.62
7843.24,6037.06
2082.73,3797.85
2021.2,3382.84
3580.34,3962.85
6197.24,5110.14
3490.65,4204.89
5259.68,5020.19
2889.67,4414.66
4104.32,4915.33
1763.32,3809.76
4358.82,5065.72
2140.55,2262.27
4360.61,5280.11
4346.83,5092.19
2309.16,3155.2
1242.56,3139.1
1829.09,3164.11
2358.12,3797.24
3520.67,6758.97
3159.82,3674.37
2706.28,4253.2
4140.83,5635.54
2642.15,3788.67
3182.1,3204.77
892.96,1141.86
2556.46,4158.63
2791.65,3615.37
3933.8,6674.82
2980.99,4782.13
2657.25,3338.79
2288.3,3106.87
1696.56,3858.78
3871.16,4849.24
1660.02,2114.45
5858.14,5366.77
5403.69,5371.93
2246.04,3808.26
1394.88,3021.57
1420.83,3310.22
4773.46,6221.08
829.89,2628.86
3672.88,3913.12
2298.03,3454.7
4423.79,5173.01
1490.63,3764.73
5149.57,6214.28
955.62,2142.15
2018.87,2682.96
4243.77,5081.5
1604.59,1493.97
1245.6,1845.25
2578.42,3861.59
940.47,2821.91
3220.73,4687.75
2887.33,4849.96
2837.17,3842.22
1877.5,3420.81
2219.28,4611.12
1243.27,1401.25
2254.46,2983.97
1952.83,3926.94
1454.63,2253.26
2261.7,3764.51
3065.72,3036.41
1927.63,2890.6
2159.31,2670.37
1014.67,1769.12
2896.54,3603.06
6328.75,5522.57
2735.42,3350.13
866.52,2687.2
5393.4,5038.52
2671.4,4007.59
3283.59,3876.7
1414.49,2140.71
2149.58,3278.77
2461.55,3885.47
2467.07,3290.18
3106.85,4544.98
5906.99,8228.3
3298.69,4686.46
3082.21,4386.91
2336.89,3865.5
2662.68,3600.48
1215.49,1393.56
2811.85,5336.13
4485.52,5105.71
6082.36,6629.88
1286.13,1402.72
1450.85,3102.02
3055.4,3232.6
2206.04,4005.34
2104.11,2299.94
1625.73,2440.18
3763.58,4032.74
3163.93,3365.88
1714.48,3009.97
3847.45,4922.73
2723.12,3024.82
4452.72,5067.92
6821.72,6307.98
1590.39,3556.17
1575.05,2978.73
3879.59,4588.51
641.17,2355.31
1176.86,1339.44
2788.02,3866.12
1743.58,2933.73
1370.29,2737.97
1921.25,2221.92
5918.65,6639.52
2377.52,3916.39
1769.08,3879.01
1062.15,1745.66
1870.51,3449.91
2640.93,4712.17
2465.46,3875.02
2587.55,3745.3
1774.28,3109.78
4541.99,4012.64
3232.55,4667.68
3105.58,4251.41
3650.95,4777.48
1470.65,2484.9
2005.57,3393.39
4083.82,4999.74
2336.47,3712.16
1726.49,3125.29
3104.89,3925.32
2606.95,4346.86
4249.26,4786.32
3066.14,4799.26
3486.36,4723.1
3199.93,4958.79
1381.41,2517.76
4228.54,5833.04
3725.87,4135.51
1244.35,1431.0
2406.63,3288.88
7308.88,8335.12
3100.08,4115.67
1497.17,2833.12
3798.87,3347.0
4220.92,5303.34
2677.04,4472.83
2776.04,3219.0
6108.6,6101.79
765.63,2708.84
1616.59,3601.22
1052.11,2556.39
1999.17,4012.04
3439.8,4942.25
3195.16,4290.89
2447.93,3274.26
2600.44,2766.6
2486.7,3536.04
2367.81,3926.23
3577.02,4091.77
3725.11,4188.84
2265.82,3202.65
2475.49,3608.59
5034.34,6300.32
3276.27,3848.9
4457.57,5563.96
1927.89,3511.58
4801.83,4619.33
3602.76,4487.85
1226.45,1385.55
2366.36,3718.24
3544.07,4967.57
2662.19,3857.08
1452.08,2776.79
2291.64,3099.66
2001.83,3364.18
7102.8,6138.12
2263.46,3400.54
4515.43,4448.16
3259.18,4806.05
1630.44,2880.91
1958.01,2926.9
3701.28,5074.02
2271.82,3759.18
2499.35,4172.64
1189.63,2970.36
1601.25,2715.13
3571.37,4624.51
1117.33,2378.11
3361.17,4697.84
1201.22,2456.86
3245.82,4201.43
2458.33,3288.57
1063.51,3025.04
1609.39,3350.57
2192.04,1462.93
2393.53,3742.53
3999.56,4990.43
1948.17,3927.05
3221.53,3649.3
1188.35,2416.96
1991.83,3221.02
4361.27,5078.58
3798.72,5466.05
1629.34,3448.31
4721.68,4619.74
7555.55,10428.16
1855.46,2554.07
3551.57,4244.7
3480.01,3978.18
4042.01,2227.56
3585.33,5081.0
961.55,2304.32
2227.99,3929.34
5483.99,5604.02
867.28,2711.53
2444.35,3083.44
2182.69,2568.58
3375.19,4561.9
1068.44,1912.88
2126.25,4089.33
3520.75,4581.39
5246.04,6556.94
2673.28,2848.16
3734.06,4591.89
1106.63,2949.79
3062.56,4273.83
4734.52,4685.34
5011.71,4025.51
4391.23,5188.65
3126.45,4043.35
4075.91,3604.44
1280.67,2435.99
3619.86,4834.74
3033.98,4019.53
2148.79,3210.81
2555.0,4183.21
1324.83,2811.4
5761.23,5724.98
1949.92,4034.22
2542.46,3473.47
2570.28,4052.1
2184.99,3202.17
2673.3,3473.42
1779.37,3826.08
5211.42,5672.97
1420.52,2324.8
3427.49,3531.4
3864.88,3386.94
2073.53,3598.72
2437.99,4810.11
1784.07,3695.1
1149.27,1395.78
1662.31,2981.51
1950.37,2649.51
1336.08,2986.64
4784.41,5223.11
6798.12,11231.72
3923.1,3834.35
1719.86,3894.39
2858.74,3297.15
1419.26,3322.65
1587.0,2980.18
2967.21,3543.02
3056.21,4437.68
3084.12,4946.43
5396.99,5711.66
2308.83,2519.67
2533.28,4035.52
2513.06,2441.86
1184.56,2094.0
2897.56,3295.77
3875.55,5111.81
4921.5,6570.94
1672.77,2343.78
1184.69,3290.8
3260.18,4566.34
5513.53,3393.57
2146.8,3269.62
3408.32,4782.51
1801.87,3158.45
1886.13,3262.24
2974.92,2415.87
1956.79,3239.24
2501.11,3126.19
1179.85,2887.58
5518.44,4488.68
3656.39,4307.65
1605.24,2269.6
1395.13,1730.09
1255.14,2495.84
1664.83,3246.21
2770.3,3699.25
1847.64,2075.47
1896.11,2948.37
1550.29,3103.39
1523.55,3193.57
2822.31,4106.41
1814.26,3116.76
5182.12,4350.43
2022.44,4257.04
1736.39,2663.62
2616.6,3229.61
2564.18,3299.83
1738.19,3046.37
939.14,3078.52
1829.08,3348.38
3142.68,5020.01
1126.47,2768.52
2666.24,4699.47
5014.6,5120.64
2314.85,4080.97
2005.46,3492.61
1677.77,2918.36
1786.55,2658.39
4471.44,4544.81
2695.44,3753.66
2080.82,4665.73
5010.56,4025.02
3744.44,3798.15
1173.93,2911.86
2717.41,4006.37
1354.57,3114.13
2210.99,3180.3
1940.68,3233.53
1559.87,3756.84
4326.67,5223.78
4027.45,5268.37
2003.1,2714.13
1387.62,3173.48
1787.24,3307.91
2148.4,4009.25
5849.69,5091.76
2311.91,4697.94
6004.89,5586.27
3583.75,14513.74
1334.3,2403.67
1174.38,2095.37
2253.28,4716.83
3447.44,4564.03
2154.47,4016.68
3045.39,4128.78
6209.75,5025.07
2927.17,4204.76
4390.96,5335.6
6293.59,5510.8
1543.45,3102.39
1716.56,3096.08
2592.08,3819.8
7043.81,6311.34
5536.58,6306.04
3968.72,4501.09
2081.21,3885.68
1918.04,3893.9
6118.79,5797.15
4696.62,3788.05
2002.25,3553.95
1419.71,2650.78
2443.31,2135.23
3513.82,4949.59
1751.2,2560.38
5491.13,5146.05
2620.42,3452.03
1421.66,1885.77
1910.68,3968.91
1965.24,2704.96
1322.31,1970.42
4294.46,4514.76
2609.84,4633.27
4203.83,4873.06
1752.68,2598.2
2166.42,3812.7
2433.9,3908.51
2145.67,4627.62
3193.94,3447.29
964.96,2378.05
2423.26,3917.15
3936.54,5327.59
2084.4,4630.57
1359.5,1940.01
1769.07,2744.66
2455.9,3223.73
2347.9,3421.25
2858.21,5040.64
3461.64,4928.7
4515.71,5704.46
2658.85,4137.89
3021.65,3587.27
3236.17,3610.23
4401.72,4682.84
6073.62,6432.19
1130.88,1343.87
2287.08,3844.88
2785.31,4282.26
1490.66,1881.35
2736.84,3468.28
2263.14,4063.27
1631.1,2793.31
1138.69,2728.7
3192.65,3776.58
12120.9,6101.83
4303.71,5618.69
1350.54,2650.11
2426.43,4098.8
1572.78,3820.24
2089.37,3932.15
4053.61,5113.05
3843.95,4946.71
3453.86,4767.89
6560.68,5466.83
3396.55,4645.34
2487.58,3207.23
1843.45,4899.17
3728.55,4363.37
2890.85,3184.99
1336.66,1976.8
962.27,2517.05
1615.38,2664.01
3248.47,4804.28
1283.13,2869.4
1701.24,2043.77
4975.1,5476.04
6572.26,7210.36
5048.88,5786.65
1828.78,2631.85
2167.4,4349.96
2129.79,3618.94
1375.57,1401.48
2196.25,3268.31
1668.1,3129.74
2419.42,3557.5
1963.43,3027.51
4549.0,4943.16
3528.64,5547.7
2435.57,3538.57
3279.28,5035.12
2215.1,3699.09
2399.48,3492.48
4273.83,4490.9
3111.38,4968.3
4082.34,4771.71
5676.63,5360.76
2219.24,4012.05
1874.76,2924.78
3903.2,4394.73
3138.43,3387.99
3206.54,3685.89
2219.17,3420.34
1724.05,3451.66
3070.22,4112.99
2615.72,3182.44
4025.03,4747.96
3617.37,5295.8
1537.8,3112.75
3926.24,4180.24
2581.0,3434.81
3713.44,4946.16
2533.76,4401.58
2185.46,3067.17
6267.95,4904.85
2284.16,3776.94
2757.31,3682.63
2705.54,3297.77
3661.16,4410.1
3264.99,4685.68
1466.97,2838.85
1836.17,3285.04
1851.85,2794.7
1762.43,2169.86
1819.84,2750.63
3149.22,3630.13
2053.84,2519.02
1695.23,3064.82
4700.83,5671.55
3069.7,4465.93
4922.04,5630.34
1292.34,2062.46
1499.71,2743.8
1356.03,2628.03
2676.73,4302.6
816.99,2573.26
2965.92,3796.68
1967.35,4653.5
2571.92,3292.33
2178.57,3083.62
6424.36,6142.53
3418.13,4355.24
5784.87,5248.65
2034.8,3328.16
1242.39,3302.93
4756.2,5963.76
3480.04,4488.63
5568.27,3535.82
2688.1,3869.17
3423.68,3931.1
1454.79,3087.66
2049.1,3811.42
1670.76,3192.63
5134.3,5197.62
2874.73,3679.19
3050.08,3061.33
2062.18,3601.76
1216.08,2744.15
2023.55,3168.99
1993.19,3691.04
2043.35,4021.16
1635.39,2369.0
5056.85,6071.72
1702.44,4057.08
1169.24,3205.58
1604.31,2724.2
2388.73,4753.41
4076.57,4333.89
1891.91,3089.71
781.11,2606.87
2062.41,3744.84
1698.41,3845.71
1259.9,2058.51
3414.02,3525.36
2902.52,3640.85
1836.09,2437.87
2772.1,4683.61
1691.5,4044.1
5266.73,6000.35
918.72,2642.25
2046.4,2569.8
2189.1,3282.27
1949.27,3313.32
5308.29,4817.0
1471.58,3761.31
2113.35,2695.43
6449.89,5487.45
1167.33,2968.61
2715.23,3615.63
1837.86,1533.08
2951.34,3234.02
2598.61,2831.32
3227.35,4441.87
3596.13,4657.84
3017.92,3979.62
712.79,1900.96
1926.77,2614.34
5117.68,5696.06
4327.18,4033.05
4856.68,5397.85
2568.89,4260.31
3070.62,4237.88
1760.51,3150.6
2661.63,4683.75
3886.22,3896.35
3519.59,3748.98
2223.68,3266.22
2715.45,3855.28
3031.32,3039.87
1378.0,2732.6
2138.44,2968.22
1598.09,2022.46
1187.23,1375.29
1683.18,3649.91
2506.02,3556.49
1423.69,3881.28
3328.24,4568.07
3387.42,4726.34
2400.53,4151.57
1983.14,3445.28
1475.71,2952.05
1588.47,3430.59
3503.62,3631.48
5614.4,5562.17
1326.94,2034.09
1408.0,3772.87
623.42,2331.25
4437.56,4674.69
4808.35,5172.41
2758.48,4716.53
3530.34,3491.27
3567.78,3927.6
2012.2,3805.32
2716.65,4299.93
1215.87,1385.8
6415.92,5259.3
5632.17,5718.34
1901.29,3177.11
2449.03,4874.61
2268.72,4077.02
1703.59,1514.93
2006.3,2740.81
4854.15,4835.55
2163.5,4250.64
2794.0,3534.17
5244.24,4245.64
1293.95,2495.38
4536.95,4993.86
1767.05,1683.96
3228.36,3799.68
3563.05,3928.29
2716.87,3983.46
1921.0,3023.41
1911.53,3198.9
2037.88,3011.29
2436.28,3503.82
5070.17,4733.89
3490.4,3750.26
1964.43,2736.91
3384.48,4767.64
2123.17,3801.54
3502.81,5693.36
3646.96,6039.14
2689.79,3959.64
2544.63,3659.36
741.73,2710.46
5701.47,5450.43
3362.87,3870.22
2696.57,3741.8
1514.48,2581.13
1283.32,2158.51
5078.95,4457.2
2079.36,3694.32
5868.68,6650.04
3721.08,6259.12
1637.35,3562.47
1198.56,1384.95
5028.79,5254.6
3062.1,4865.88
1829.46,3514.56
2636.59,4340.22
1897.74,3076.12
1879.35,2379.09
2758.34,4306.3
2944.92,3833.91
3118.17,20282.63
2215.93,4008.58
1726.71,3179.16
3329.45,4042.26
2779.55,3295.83
2902.68,4354.7
2006.28,3076.39
2218.38,3551.04
7039.68,11962.71
1551.74,3131.57
2999.68,4516.27
2436.28,3706.95
2226.69,4237.87
1598.95,2926.35
2452.0,2662.5
3687.59,4875.06
4427.24,5268.88
4985.12,6201.63
3038.75,3484.21
3923.76,3863.61
1495.7,3413.56
2543.47,3543.49
2863.6,4183.42
4299.09,5206.52
2167.14,3492.19
7180.36,5559.8
4117.3,4568.4
2736.89,4839.62
2241.24,2432.62
2580.83,3547.05
2076.86,3519.33
2932.62,4635.4
3650.77,4542.85
2209.13,3078.75
2984.68,4511.94
1980.97,3346.2
2298.65,3348.38
5087.98,5189.69
1806.77,2658.1
4481.19,3818.52
2117.09,4302.16
1795.34,3986.96
3506.76,4406.95
2343.79,3790.91
3104.89,3925.32
2085.79,3109.46
1797.52,4035.59
2700.65,3474.81
944.41,1748.13
2001.29,2996.54
2006.46,3991.04
3405.94,3952.24
1933.33,3042.06
4221.6,4353.0
1499.35,1967.71
4152.05,4255.28
4114.29,4306.74
2538.52,3983.07
1500.55,1891.23
5859.62,5914.0
1860.55,2518.72
3352.45,3435.88
4691.09,5281.34
5856.96,4552.5
1181.61,3309.77
6507.81,6353.71
3197.13,4864.0
1581.79,3532.83
2162.65,3236.68
1756.15,3082.34
2149.28,2963.2
3526.11,5120.05
3052.7,4730.52
951.34,2663.35
2629.13,3569.84
2816.61,4161.19
3258.9,3716.58
2352.04,3383.07
2713.57,3755.76
3689.19,3494.83
3649.77,4193.37
1712.32,2834.21
2802.59,4273.02
4607.21,5334.2
4529.11,5270.03
2064.14,3709.02
2275.05,3744.45
2720.38,3580.07
3034.6,5551.03
3572.63,4049.34
3067.98,4478.31
3009.46,2630.98
2233.79,4018.33
2075.01,3360.84
1796.17,3249.11
7294.31,6006.99
6967.9,5323.7
937.01,3032.07
3475.05,4924.91
2702.02,2643.11
3080.21,3449.31
2742.09,4644.63
4123.73,3816.33
6620.22,5641.69
2186.12,3076.35
771.47,1089.19
6299.94,6636.34
4836.82,5330.61
2818.64,3701.39
2920.95,3808.13
4996.13,5281.61
2116.45,4272.72
5039.02,5508.31
5235.62,5298.37
5719.12,4385.24
2549.04,4660.35
4379.67,5719.12
2931.22,3833.3
3786.84,5455.13
1996.35,2966.51
3057.63,4152.73
1993.92,4726.01
3736.01,4738.3
3268.36,4687.83
5515.27,6251.71
4520.84,4602.97
858.15,2183.45
2758.94,3916.3
2469.15,3755.43
1834.85,3202.8
3612.7,3985.65
3611.43,4127.71
2755.96,3205.42
3689.95,4877.85
2979.33,2898.26
2835.67,4653.58
972.6,2640.03
3193.61,4437.22
2089.77,4154.66
2211.48,4038.37
1976.74,4093.5
2577.52,3169.23
3767.46,4141.19
1212.01,2062.28
2064.58,3360.89
2766.85,3581.48
2711.77,2667.2
6354.06,5661.87
1242.38,2151.19
6756.15,5837.04
1679.09,2340.4
4214.69,5068.4
4121.3,4798.0
2957.76,3806.18
2518.83,4386.45
3689.27,3611.01
4961.46,4743.28
1497.46,2860.41
2934.05,2091.29
6582.74,5792.18
6386.01,6284.62
1220.54,1393.0
988.27,2202.73
4328.14,5645.54
2437.53,3318.76
1311.3,2886.47
5818.14,5680.4
2109.77,4228.14
4890.65,5273.34
5164.06,5900.28
2129.8,2703.37
800.23,2563.76
2123.54,4269.71
2589.29,3341.85
2128.16,4214.51
1628.82,3268.4
3847.17,6173.85
6677.45,5701.76
1740.74,2792.62
1691.43,2562.96
1762.06,2814.73
2110.19,2995.45
2450.08,4346.55
3282.55,4675.33
1052.84,2991.81
2454.22,4026.34
5066.35,3966.67
3580.15,4019.15
5610.5,6211.6
3059.21,3673.07
1931.78,3402.0
6062.0,4230.18
2803.99,4712.95
3630.48,4673.92
2939.93,4094.54
3895.82,5709.8
2090.94,3437.4
1826.1,3032.53
1755.85,3317.69
5676.87,4891.94
4724.9,4791.44
3769.91,4807.84
3868.91,4951.38
2513.53,4557.14
2127.94,2586.57
3078.29,4930.05
2642.54,3891.61
4563.32,5592.76
4685.49,5270.47
1310.34,2295.65
5036.67,5349.11
2574.55,3628.82
1103.36,1320.62
3690.46,4379.35
2622.46,4092.86
1660.95,3138.65
1981.88,3107.76
5066.58,5406.45
809.93,2579.07
2404.0,3901.02
4275.07,3464.69
2242.02,3341.23
3439.79,4955.17
3389.11,3822.36
3071.49,4495.37
6623.32,5668.48
4864.74,4908.5
7440.34,5716.76
5337.82,5269.65
2821.09,3273.51
3355.89,4788.56
3127.82,4279.89
2816.63,4331.03
3689.71,4410.59
1784.02,3954.35
1572.37,2551.5
2013.23,2923.24
1878.55,3393.01
5960.42,5754.47
2351.79,3681.41
1547.2,3775.82
2174.42,3574.01
1495.41,2809.89
1995.18,3854.62
1657.51,3916.93
2201.73,3261.55
2193.13,3589.94
2462.2,4127.44
1231.36,1356.61
5393.13,4684.31
1489.68,3230.26
5079.38,5420.87
4322.83,5110.86
4179.66,5501.18
1503.81,3256.94
1326.82,2532.35
3972.81,4700.8
3506.72,4947.11
3981.63,3614.09
1958.89,3008.37
4553.51,4344.45
2018.31,3806.19
1500.72,3349.62
2703.64,3855.68
6566.59,7728.94
1599.62,2120.41
2298.05,3088.62
6095.02,38588.7
2163.15,2840.36
2135.7,3782.77
1996.83,3642.86
3963.82,4564.27
2542.75,2196.8
2813.63,4556.19
1790.47,3205.82
2124.31,4286.53
1708.76,3918.82
2124.63,3192.14
1740.73,3468.04
3302.82,4775.98
3306.55,4738.6
3911.27,4716.14
5289.84,5556.04
2783.22,2498.88
5292.45,5657.02
4518.19,5150.56
1878.57,2363.12
1461.32,2653.03
1544.27,2669.88
3459.84,3817.04
4283.99,9397.26
2034.04,3617.83
2143.31,3346.23
827.6,2298.91
1513.38,3078.0
3262.23,4857.87
2773.63,3220.53
2427.95,3518.55
1941.56,3873.12
2336.49,3076.96
2736.24,3734.91
1940.1,4082.56
2972.98,3492.74
2722.04,3248.62
3764.44,4567.19
1804.12,3709.5
3948.83,4986.84
1910.81,3905.79
6147.31,5678.11
2535.99,3144.14
3505.46,3407.13
3863.11,4015.64
1803.31,2696.7
1774.32,3149.18
2626.47,3073.13
2193.12,3263.66
3811.44,4004.09
5455.16,4123.26
3138.69,4416.19
1196.4,1389.32
1260.66,1894.31
1914.72,2196.29
1721.5,2620.28
3455.03,4034.36
1987.3,3906.77
4134.97,4776.57
3401.89,4432.41
1523.5,2339.02
2123.78,3327.93
1900.11,1483.38
1781.52,2901.71
4664.93,4970.27
3786.41,3635.75
2145.33,3720.36
2955.84,3474.22
4240.25,4794.78
4001.14,3734.38
2478.39,3287.96
4484.83,4862.26
2712.53,3890.46
2454.72,4073.18
3318.79,3993.21
4495.97,4839.52
7319.87,6354.97
3954.94,3540.04
2191.98,3371.11
2686.08,3158.26
2166.09,2774.44
3543.76,4633.79
2562.38,3817.36
3652.15,3766.51
2073.22,2882.21
2843.96,4021.19
6293.1,6265.33
3371.8,3605.74
1770.36,4007.81
4646.01,5174.05
3583.4,3399.46
2516.39,3212.37
5415.91,5790.34
4684.14,5687.28
2796.0,4571.06
2549.48,3938.62
3419.54,3754.9
5768.89,4950.42
5017.16,5302.06
2267.03,2621.43
4251.04,4926.13
3425.09,3680.7
2740.36,4485.72
2344.44,2962.41
4312.2,5632.82
1714.76,3265.63
2000.86,4694.13
3601.06,5041.66
3543.97,3650.76
6203.01,5735.03
2401.2,3756.73
3838.54,4038.47
5512.97,5415.65
1740.01,3368.33
2065.98,3281.22
2647.6,4217.36
1756.98,2719.86
3043.12,3298.08
1281.08,2616.65
2852.26,4530.0
6746.2,6145.86
2478.23,3792.75
3930.01,4180.65
6973.03,5493.13
2397.58,4250.66
2531.14,3748.35
4088.6,4873.73
1843.74,2076.31
2354.09,4102.1
2649.56,4134.66
2985.4,3961.08
1874.48,2801.55
4876.03,4563.54
2132.51,4089.93
3197.96,4490.01
2746.33,3054.29
4635.79,5211.21
1118.09,1887.57
897.92,2584.3
3949.43,5702.16
2202.07,2220.35
1773.8,3590.36
5525.41,5530.15
1857.85,2267.16
2233.32,4015.28
3102.77,4798.87
5130.66,5762.13
5886.8,6621.06
3156.63,4531.03
1915.69,3190.82
4715.52,4921.59
5193.38,5595.29
2731.36,4755.18
3920.86,4423.91
5778.82,6625.28
5142.25,5143.49
4418.75,4424.18
1748.3,3488.56
3526.44,3460.48
6476.41,5267.43
5800.48,5528.24
2465.13,3068.29
1430.21,1351.92
4139.0,4614.26
4097.63,4281.81
1654.42,3492.31
955.75,2638.29
2537.48,4108.16
3985.26,4595.6
2447.61,3263.15
1869.59,3863.04
3699.56,3895.9
3073.57,4268.98
1430.31,2995.77
1078.68,1930.64
3294.64,4225.03
5141.05,5454.21
2359.52,3838.72
2963.49,3325.08
2328.56,4164.74
1121.9,1920.89
759.01,2570.04
3381.32,4368.13
2871.01,4000.22
3676.7,3718.95
1391.19,2570.48
2169.97,4858.16
1815.87,3264.53
2374.6,3240.74
4289.95,5349.03
3844.24,5036.08
2786.69,3225.87
2351.97,3341.89
2808.64,4478.86
1792.13,3099.43
2119.83,3335.92
2054.81,3253.97
4564.94,5658.39
4969.95,4890.14
1700.15,3721.55
4682.36,5877.74
2656.93,3810.37
1510.3,3227.14
2118.21,3051.03
3547.36,5693.16
1925.45,4162.77
1938.32,3859.74
1872.23,1444.29
1644.93,1941.05
3159.07,5039.02
1830.42,2658.24
821.79,2726.6
1983.34,2655.49
6133.23,6105.86
3833.01,4627.39
1017.43,1742.82
2509.7,4104.02
3815.98,5131.63
5380.57,4331.11
1624.37,2479.14
1221.78,2115.65
3047.26,3995.5
2177.49,3387.76
1496.85,3311.32
1620.01,3211.78
2581.22,2880.11
3209.61,3255.69
1646.42,2879.56
998.24,3211.34
5590.23,5029.34
3015.19,3733.92
1167.26,2653.96
2157.32,4165.43
3818.01,5060.76
5968.25,4672.41
2873.82,4242.91
2015.64,3632.56
6658.65,5512.8
1997.66,3156.67
2483.91,3203.91
2739.02,3782.95
3985.55,3968.36
2189.86,4024.58
2374.27,4606.96
2843.64,3551.8
5688.54,5362.47
1288.65,2738.28
3916.41,5700.12
2081.36,3476.26
1836.79,3209.56
2240.43,3831.36
2431.52,3356.22
3181.5,4675.84
3266.83,5007.55
2256.63,3209.3
3928.49,4588.17
4122.18,4805.3
2281.97,2052.94
3846.6,5039.31
3795.91,2174.7
3530.79,4585.94
2578.52,4003.78
5503.53,4303.31
2820.8,4657.43
2787.91,4715.47
2987.45,3690.9
5136.35,4913.18
4054.36,4601.15
1817.81,2935.88
4267.92,4561.68
1551.14,3806.75
3784.96,4349.78
2236.7,4188.3
2334.61,3674.59
1491.04,3380.58
4066.07,4706.43
3277.4,3638.42
1865.62,3329.42
3768.6,5570.58
2399.15,3261.83
3965.69,5295.12
2907.41,3700.88
3791.33,3905.91
2937.49,3581.82
8920.27,6766.44
2578.96,4975.27
1197.67,2675.01
1777.42,3306.68
1662.17,2418.19
3748.43,5605.61
3013.91,2900.52
4757.67,5127.95
1051.53,2159.7
1656.06,2582.17
3187.17,4389.51
5791.2,4690.05
3215.85,4734.43
3711.91,3691.36
2201.28,3849.84
1614.71,3732.62
1621.31,2684.65
2768.96,3110.45
4923.65,5417.2
3986.29,5053.38
4549.2,5268.61
3430.02,5092.23
2113.76,3840.52
3325.47,4122.26
2008.24,2406.08
3245.21,5104.34
2427.96,3810.11
5070.36,5646.9
1716.58,3720.16
1605.05,3155.19
847.3,3024.16
3869.26,4881.13
6250.16,5679.63
1829.19,3805.09
4659.28,4013.3
5538.41,4911.09
7060.92,5545.96
3467.73,3357.19
4114.52,4657.81
3075.51,4199.12
1571.23,3624.77
3125.0,4554.07
1258.47,2531.72
3178.04,3513.29
2333.21,3999.19
2300.46,3727.35
2745.68,3526.0
3348.19,4953.77
3064.95,2568.37
2359.3,3771.62
4256.44,4978.52
3283.37,4383.44
5470.0,6187.88
4378.09,4008.35
2932.58,4266.67
2227.36,4152.87
4690.71,4972.65
3006.86,5512.32
3936.91,5699.0
2363.26,4786.25
1556.89,2482.19
1324.17,2886.32
5297.64,6195.44
1471.05,1880.73
7505.74,5937.93
1127.33,3271.36
2282.92,3264.93
1487.41,2265.7
2453.69,4363.99
2603.6,4270.79
3438.97,4527.81
4863.13,5801.07
1485.93,3440.21
2475.75,3275.28
2233.93,3952.9
7366.08,5488.89
2306.74,3050.46
1750.67,3151.04
1866.97,2648.13
1622.07,3132.29
4635.15,4635.94
1941.0,3928.02
1409.18,2219.63
3408.49,4281.6
2240.34,3095.16
2220.37,3878.3
1274.4,3079.56
1877.81,4053.85
2864.0,4116.0
1771.24,3669.8
1847.48,3858.98
1720.04,2535.7
3317.93,3724.74
5527.78,5514.51
765.35,2614.17
4649.4,4351.66
1486.64,3225.32
4466.76,5206.17
4898.05,5330.02
2479.16,4146.39
3218.87,3844.71
5289.76,5349.29
1599.84,3275.79
2277.26,2386.91
3195.68,4453.56
5227.53,4201.5
1471.05,1880.73
2296.3,3885.16
6241.27,5213.12
4431.14,4632.97
1033.19,2858.5
4667.3,4320.47
4282.43,5560.34
5408.3,5743.24
2023.91,3415.45
3711.05,5372.6
4600.0,3784.62
3363.12,3824.43
1415.69,3309.58
1537.48,2575.9
4745.91,4323.12
1982.84,3488.56
3801.44,5562.6
3334.66,4441.4
2179.4,3205.51
3293.86,3747.83
2029.94,4065.18
2190.49,4021.95
1345.64,1843.9
3028.03,3806.46
2672.37,4398.28
1992.27,3597.79
2342.47,4672.79
4881.18,6089.51
3725.31,4384.88
1184.23,2958.38
5402.02,6197.95
4488.18,4594.91
2661.32,3263.03
2782.07,3614.48
2988.71,4350.65
1618.26,3694.08
1193.1,2682.57
4485.66,4615.32
4423.76,4966.28
2081.8,3274.43
3373.38,3719.07
5740.04,4683.29
2747.21,3704.52
4694.26,4397.19
1680.92,3787.07
2594.52,4158.68
3351.95,4042.18
2033.85,3571.55
2814.86,3437.54
792.15,2561.66
1892.81,2271.95
3335.79,3648.49
3084.95,3637.84
2791.08,4298.94
2974.05,3806.29
7400.07,4502.82
3762.33,3697.65
3415.85,3797.46
2300.6,3186.69
1855.74,3204.65
2458.0,3235.5
1519.38,1777.24
2323.81,3684.37
4615.64,4610.89
3329.14,5150.92
4126.72,5482.07
1547.4,2819.84
3143.43,4861.48
6748.1,5807.76
1472.29,2003.11
1602.44,2177.93
1185.78,1294.66
1829.4,3476.67
1993.65,4235.68
1760.98,3266.95
2341.09,3755.89
2470.77,2893.71
3020.76,3542.62
4763.48,4594.15
3236.53,4967.57
1547.35,3378.85
2438.89,3472.19
2063.31,3510.85
1942.41,3330.04
1251.57,2703.52
2243.93,3176.49
3363.23,3496.89
3293.22,3843.54
2684.39,4113.17
2883.74,4113.19
2221.75,3320.27
3906.0,4691.59
2988.7,3663.53
1820.46,3175.42
908.14,1312.5
3642.63,5107.05
1723.0,3346.06
2794.59,4946.36
979.53,3036.89
3633.29,3384.3
2136.51,3857.89
2192.25,3574.02
4217.37,3600.13
2009.1,3087.98
3059.07,3311.72
3046.24,4313.47
6320.87,7383.45
2363.57,3844.0
4087.73,5732.09
6298.92,4281.17
2247.39,2652.97
1753.98,2682.57
3717.21,4424.5
1665.93,3545.83
1461.09,3345.74
1504.36,2663.35
2534.07,3237.94
1983.61,3764.29
5441.73,5592.53
2458.32,3225.39
4649.53,4027.96
2176.06,2779.87
2656.36,4261.52
2620.61,3813.64
5278.09,6760.22
2247.59,3983.54
2887.41,3524.22
1955.06,3530.41
1808.8,4216.54
4289.66,5673.01
3043.64,4577.75
3368.41,3790.09
6009.82,5484.78
3870.64,4421.08
2486.57,4673.86
2198.07,3932.78
4513.88,20099.61
4316.91,4334.67
2375.71,3736.22
2863.68,4037.82
2702.06,4060.7
2337.0,3648.79
2836.8,4400.52
3753.89,5064.54
3593.05,5085.94
3230.66,5024.05
1835.72,2996.92
6620.54,6340.29
3094.97,3504.02
5075.34,4726.63
4296.66,4360.85
1482.57,2897.23
1723.05,1960.2
6777.64,6048.29
3392.81,3538.02
1933.05,3106.94
5747.11,4501.03
1973.36,3688.54
3302.23,4318.22
1998.61,2507.95
2937.95,2096.69
1505.87,3270.29
2741.53,4867.54
2021.13,3398.11
3631.67,4413.64
810.76,2563.92
2468.05,4006.77
3236.94,3923.57
3099.99,4861.42
3026.74,3375.15
2961.54,4601.2
1302.32,2477.2
7615.74,18034.9
3257.72,4810.21
2661.07,4073.4
3551.82,5587.14
8206.79,5941.31
2123.45,4007.86
3084.12,4946.43
1369.91,3428.05
5527.35,5137.72
4907.77,5429.99
2843.58,4204.42
1784.05,2022.37
3205.76,4187.89
2650.92,3951.54
1406.22,3411.69
5477.2,6008.03
2332.58,3549.43
4065.29,5634.25
2301.04,3774.67
4578.95,5670.11
2194.63,4186.97
2826.53,4380.34
4861.38,5204.82
2650.14,4359.75
3797.35,5073.13
2016.97,3193.36
2292.14,3333.58
3144.22,3200.78
6454.73,6589.76
2641.84,4068.91
3764.03,5758.13
900.33,2632.25
3103.0,4025.22
3271.49,4445.06
3697.68,3888.29
3724.32,4389.8
2546.51,3216.16
2614.07,3052.67
3370.16,3203.27
1196.63,1374.9
1694.38,3560.52
2305.82,3796.34
4682.88,4928.9
3703.19,4919.79
3127.38,3063.73
1369.11,2922.07
1009.62,3052.71
2059.6,2712.01
3030.4,4421.98
1639.18,3439.36
1903.26,2821.67
4696.99,4657.51
6196.01,5759.64
1876.75,3319.31
3970.53,3827.31
3041.27,4773.67
6350.11,5768.44
2963.18,2830.94
2119.67,2702.39
1919.8,3671.72
4141.59,5616.38
3776.41,5764.2
2779.53,4095.92
979.93,2467.12
2048.34,4211.31
2327.25,3893.68
902.99,2980.96
1865.96,4090.66
3967.19,4632.41
2388.47,4106.61
2159.77,4216.0
1607.36,4183.06
2794.36,3973.6
3005.78,3967.81
2475.79,4480.16
4331.0,4414.34
3129.05,4105.02
1917.03,3548.94
2143.37,3731.75
2871.3,3333.39
3130.54,4593.49
916.27,2654.8
3242.73,4488.7
1333.19,2439.85
2347.53,4264.81
2298.61,3489.44
2631.3,3962.45
2814.08,3591.68
2436.65,3069.01
3742.2,3979.38
5314.87,5666.55
2416.48,4320.92
1752.5,3127.9
1087.45,2180.05
5848.4,5129.48
2352.58,3331.76
4299.68,4242.87
2097.1,4074.32
2280.12,3865.89
3915.28,5593.87
3263.8,4084.8
2103.39,4616.59
2646.31,4184.3
3921.4,3916.05
4847.66,4661.71
1902.44,2611.25
2831.47,3768.36
1362.54,3125.93
2632.97,3630.61
3367.16,4730.62
3352.24,3362.89
2675.99,3307.98
4059.61,4349.66
1986.61,3097.19
1736.12,2971.3
2178.56,3031.58
2981.58,4012.57
1565.96,2400.42
4869.79,4923.45
3181.5,4675.84
4474.83,5741.8
3744.55,5000.6
2414.2,3224.45
1921.12,2272.03
2803.22,3404.1
2701.51,4877.32
2379.9,3619.12
2945.83,4708.23
6101.39,5367.36
1147.63,2142.4
2969.83,3826.64
4696.65,5959.77
3018.61,4215.14
1911.32,3133.02
2596.46,3456.71
1474.5,3700.75
3328.74,4700.44
3052.63,3081.23
2341.39,3545.11
2535.17,4756.74
2113.7,3859.2
3778.28,3443.34
2048.08,3707.15
2966.69,3653.94
2435.36,4641.37
8587.31,13550.92
1649.14,3149.11
2261.67,4641.73
952.01,2698.95
3284.75,4489.29
800.35,2942.19
1388.27,3235.08
2134.99,3455.35
2319.79,4644.97
4972.31,5161.09
3932.73,4083.64
4253.25,3929.65
2801.18,3259.04
1236.67,2343.07
2419.16,4153.45
2870.2,3239.92
3382.9,4136.68
1557.51,3340.4
1888.47,3174.9
4505.34,3912.45
1733.16,3650.57
2992.92,3733.92
1965.91,3211.65
2420.53,3561.49
3990.86,5028.25
4432.57,4900.72
3078.26,3539.03
1884.4,1802.11
5580.46,5345.78
1342.47,2812.72
2532.0,3560.8
2645.56,4986.65
3831.08,4833.61
2337.11,2474.26
2908.82,3702.98
4225.68,4923.02
4611.28,4683.51
2945.76,3758.24
5500.3,5595.75
1830.78,3521.29
2744.79,2504.88
4343.66,4855.3
1494.29,2572.13
1231.61,2102.06
2030.26,3544.19
1824.71,3646.38
5418.13,5087.19
1590.57,3696.99
3598.48,3836.84
1901.42,2565.1
5849.6,5549.37
3667.01,5791.35
1184.46,3091.94
1617.04,2844.55
3446.2,4757.29
1260.47,1349.47
4157.55,3907.9
1988.9,4664.45
1987.46,3047.04
1540.24,3474.94
1715.46,2936.54
1415.84,3311.16
3795.08,4157.57
4375.95,5380.85
2486.84,2746.64
1988.56,2988.96
1167.38,2983.49
2360.71,4590.26
2373.4,3909.97
2525.93,3206.39
1809.19,4192.01
2015.62,3910.62
2552.82,4153.63
1693.47,2501.16
1899.87,3872.87
1344.95,1395.61
2329.49,3903.99
2792.24,4347.03
3430.48,5128.56
2483.73,3361.17
1462.45,3116.91
2735.28,3217.66
3346.53,3935.65
4428.29,4736.02
3317.51,4287.71
1671.34,4041.3
2169.59,3619.35
3049.67,3677.77
2956.46,4824.74
3369.98,3404.5
2117.44,2719.27
2403.37,2611.67
1697.6,2542.21
2145.62,2643.01
2460.93,3521.79
1977.05,3552.62
2780.69,3506.46
4497.28,5952.24
2324.0,3722.5
3531.22,3606.75
1901.85,2598.85
798.27,2598.19
1084.82,1851.79
3814.2,4307.21
6042.19,4993.79
1351.48,3053.1
2215.31,2946.45
3298.9,4518.42
4103.13,3747.31
2963.09,4033.93
3917.89,4595.31
1669.78,1968.4
2131.65,2633.25
2068.9,3051.77
2551.55,4602.88
1171.54,2445.95
910.86,3004.23
5528.15,5735.86
2025.52,2581.94
3691.55,3624.55
2585.92,3425.5
3310.44,4801.14
5867.05,5212.22
2491.64,4086.91
3445.0,4092.82
2275.96,4657.26
6782.01,5501.21
3051.33,4404.85
2451.56,4625.67
1453.8,2693.74
3491.0,4775.82
5535.12,5119.87
2485.49,3565.67
3833.96,4950.81
2106.2,2555.25
1993.7,3467.5
1091.67,2883.98
5452.07,5754.56
3167.22,5104.22
2768.84,4441.93
3225.07,3602.03
2654.62,3187.12
3705.43,3600.3
3700.87,5674.95
1632.32,3831.12
3712.35,6353.75
2147.93,3085.76
1670.11,3081.77
1410.02,3290.19
2074.28,3066.15
3919.52,4530.66
4776.45,4014.51
2560.06,4194.8
5039.02,5508.31
4434.48,3817.04
1175.19,1408.75
4928.9,4638.15
2117.74,3072.01
4683.6,4864.07
3997.04,4577.62
4998.18,3650.07
1527.46,3097.87
2494.65,4313.2
2346.64,4247.16
2497.25,4090.21
2109.2,3641.74
3345.02,4757.34
5137.07,4773.26
3651.71,4930.49
3344.38,3786.05
6460.81,5548.99
2536.65,3812.92
3479.51,3717.64
2016.97,3193.36
2339.18,3408.97
3666.61,3735.31
5519.69,5393.75
2741.1,4008.61
1993.46,3692.84
2359.61,3127.96
2544.33,4029.82
1071.26,1851.49
2079.78,3044.19
1827.6,2824.3
2796.04,3842.07
2128.94,3117.73
3061.21,4837.5
1958.82,2682.53
2117.44,2612.28
2550.04,3710.51
4997.41,5700.22
5590.08,6590.45
5666.83,6293.32
2474.14,3643.67
4932.69,4343.7
2758.28,4051.98
5703.75,4608.29
4528.53,4872.49
2977.97,3998.9
3843.51,4751.98
1030.36,1783.31
5033.92,2461.15
3879.07,4143.32
2148.12,3100.34
3319.01,3879.84
2579.31,3666.52
2532.07,3473.5
3708.68,4986.22
2457.54,3833.71
1644.8,2488.23
4820.46,4560.57
2992.53,3638.88
1988.44,3209.14
5738.58,6547.3
2867.87,4477.84
2399.1,4168.83
2638.6,3599.29
2098.78,3882.85
2914.3,3290.1
2158.25,4589.24
2804.39,3469.5
5448.05,14618.31
2824.24,3603.47
3647.24,3262.49
2602.47,2703.51
1916.77,2974.2
3549.19,3502.88
2546.59,3899.13
4077.15,5187.09
5635.56,5311.62
2981.1,4068.88
2986.5,3943.24
1139.22,2717.15
3090.79,3320.94
2265.88,3714.96
3809.46,4036.14
2307.23,3325.94
2494.2,3736.72
1782.06,2903.53
3660.63,4870.67
4691.29,4925.31
2680.56,4674.25
2789.71,3342.79
2736.92,3488.8
2847.22,3715.85
2297.9,3355.1
3867.74,4616.18
4304.87,5187.85
7011.86,13717.91
2670.54,4747.67
2847.17,3290.97
3785.49,4841.8
2713.22,3200.19
3589.39,4398.75
2196.64,2277.64
2287.6,3532.09
2196.03,2110.05
1295.39,1379.1
4411.18,5378.36
1931.73,3509.52
2066.04,4083.42
2572.76,3318.75
2825.62,3658.09
1844.12,3081.06
3236.3,4592.9
6183.64,6526.37
3249.41,3354.59
2487.8,3338.26
2662.19,3857.08
2925.33,3679.06
3454.17,4981.14
2646.19,4129.32
3595.15,4622.17
3573.7,4646.34
2634.97,3931.76
1421.75,2811.38
2756.3,4390.91
3512.21,4931.65
3852.31,2187.2
2700.02,3882.66
2145.11,3394.39
2476.47,3736.18
2569.57,3137.72
5121.94,4981.83
2813.15,3885.41
2464.12,3242.56
3778.19,4730.63
4139.31,5202.67
5449.58,6673.63
2136.1,3530.98
1989.97,2354.22
2010.1,3227.0
2215.87,3158.65
1413.03,1431.48
3005.49,4688.89
4960.1,5309.65
4206.16,5628.52
3221.14,4562.51
4131.72,5105.62
1870.11,4513.71
2560.19,3227.45
2738.97,3112.32
2249.1,3006.66
1342.15,1418.54
5849.3,5715.85
1819.33,3237.6
1497.46,2860.41
4070.83,4544.88
1405.57,3240.35
6183.78,5124.39
3952.33,4633.18
5406.09,4871.36
7543.18,6727.59
2942.93,4315.8
4508.2,4743.13
2772.71,3338.51
3604.75,4705.79
2426.05,4810.48
1852.39,3454.51
4048.73,4655.68
3472.63,4365.36
1924.4,3433.59
2834.85,4696.66
6883.94,6321.65
3575.52,4886.56
7463.79,6279.28
2278.08,3431.94
984.5,2572.11
1643.69,3084.85
2867.2,3663.6
3045.23,4632.77
2693.66,4589.41
3079.69,3316.93
2699.7,3374.27
2995.83,3141.84
1547.6,2496.79
2284.07,4063.61
1663.04,2520.97
2194.34,3192.63
5205.32,4873.79
1214.95,3177.87
1920.39,4256.49
4459.82,4649.56
5283.28,4386.19
1792.89,3326.97
2804.43,3264.07
2431.86,2690.36
2168.88,3843.55
3028.62,3497.62
2276.31,4772.81
4343.45,4191.76
1068.49,2943.84
4347.34,5647.86
7782.52,18453.85
8183.06,14445.59
1876.03,2335.88
1633.14,1940.86
4403.24,4577.9
4812.35,5391.24
1980.07,2578.86
1430.06,1930.83
2083.04,3118.01
3702.49,4432.2
2489.31,3826.18
2032.58,3311.75
7290.6,5551.45
2093.64,3546.25
2855.79,4899.12
2045.71,3990.14
2846.93,3057.69
4270.66,5039.49
1613.52,2402.93
7071.49,5556.58
1375.24,1380.05
7423.77,5123.24
1933.72,2321.22
2647.33,4130.8
1666.37,3400.77
3074.34,3661.74
3783.4,4948.97
1206.87,2785.11
3331.95,5122.12
2007.58,3261.27
1640.54,3945.15
4737.72,4912.64
3398.98,4588.1
2883.21,3809.25
2588.68,3960.29
1992.95,3215.36
1388.32,2761.81
1950.12,3160.93
1429.72,2980.83
4929.06,4498.38
3028.22,3992.88
2365.92,3589.15
4941.42,5266.72
6656.84,6365.88
4835.89,4622.52
1342.13,3121.12
4271.0,5641.01
1677.62,3948.28
6978.54,6370.74
2581.04,3033.41
3121.31,4470.4
2172.47,3524.4
2884.58,3544.81
1995.92,3696.87
5417.73,5541.34
3377.39,4251.78
1612.57,2816.92
4841.42,5737.15
4260.96,4825.35
3334.36,3888.3
2512.75,4616.7
4909.06,4969.54
3111.7,3373.95
2500.64,3668.18
2071.97,2535.75
1857.21,3775.1
5574.49,4724.82
4674.22,4444.53
835.47,2679.05
3574.07,4807.56
1817.41,2700.73
3976.44,5624.67
1597.02,3776.8
1353.93,2096.0
4471.18,5340.99
1402.72,1940.28
4026.86,5312.16
2860.39,3528.55
3762.19,5413.11
1524.9,3316.26
7043.62,6573.52
3425.93,4337.03
1735.9,2851.37
3382.91,3121.7
2288.21,3224.48
4747.36,4679.94
4042.09,5136.49
3105.99,2621.56
4753.45,4464.49
1383.26,2817.33
1556.71,2794.13
3943.27,3847.7
2609.18,3580.24
2597.43,4041.34
2672.37,4678.41
1882.95,3840.35
2808.65,4662.34
3952.76,4729.59
3296.35,3791.11
1452.34,1958.01
2542.83,3219.98
5053.66,5215.55
2341.94,3313.36
2415.18,3615.0
1322.49,2937.62
4333.53,5545.95
3688.71,3582.67
2310.92,4529.71
2891.06,3663.62
4298.52,5383.98
4460.92,5369.26
2332.32,3581.96
3728.84,5393.14
2098.92,3555.19
1107.49,2081.83
766.63,3181.91
1346.43,3810.68
2898.91,3338.8
1962.85,4242.05
2297.03,4058.18
4806.14,5248.15
1055.46,2637.28
2438.27,4677.59
3401.88,4740.9
2366.44,3772.94
4594.87,4530.06
1684.66,2456.19
2933.58,4166.6
3157.85,3709.6
3932.12,4748.65
2214.23,3429.65
4806.43,5031.74
1726.22,2927.7
4564.43,4852.42
7569.95,5235.05
3428.11,3706.17
2496.89,3319.83
1400.48,2853.05
2116.77,3917.81
3178.18,4194.9
2657.01,3601.56
1892.38,4118.93
5117.02,5374.12
1260.66,1894.31
4041.45,4187.88
3102.87,3923.13
2383.21,3200.33
3525.81,4247.03
2431.13,3161.74
3221.18,4261.92
5007.34,4521.07
2561.6,2752.98
3551.1,4395.49
1372.46,2162.49
4807.41,5664.11
1507.01,1977.29
4100.31,4736.59
1222.55,2394.77
2959.46,4545.01
6091.64,5644.74
2468.69,3643.46
2828.27,3768.6
2094.15,3082.23
3368.57,4780.13
2635.5,3901.97
1908.73,3190.69
2789.98,3827.94
1898.41,3301.16
2441.81,3621.36
3343.88,3585.43
2643.33,3869.12
3246.12,3994.82
4269.55,5131.97
1847.82,3282.82
1657.04,4037.77
1323.59,1766.63
4074.89,3419.98
2646.65,3981.81
2832.23,3219.48
1077.77,3317.84
2032.0,3563.73
5687.69,5336.68
3523.62,4715.44
2599.68,4677.59
2642.32,3008.55
2468.92,3479.88
1463.47,3923.52
1473.57,2933.41
2386.4,3771.65
5239.13,6179.93
1590.47,3101.37
3494.1,4274.62
5023.91,4892.48
2903.59,4389.14
3488.52,4134.13
3851.34,5580.59
3301.83,4472.49
1400.98,2299.19
1542.47,1907.45
2008.44,3669.51
2155.09,2535.15
9627.96,6762.29
2386.42,2667.39
3144.28,4256.32
1859.86,3314.92
2940.49,3616.78
1289.63,2986.86
3320.62,4415.26
5477.19,5169.98
1870.93,3477.66
1034.15,2112.91
926.26,1955.83
5993.3,8328.14
2785.28,3359.58
6316.85,5758.68
3028.22,3992.88
1885.93,3459.62
3250.45,3804.95
2827.49,4241.41
3937.94,4492.71
2639.22,4155.82
1728.96,2859.46
3435.28,4711.05
1987.5,3522.88
5283.39,6090.82
3128.6,3670.45
2964.33,4104.04
1695.55,3725.93
2892.99,3434.97
1926.02,2230.02
3416.14,4625.27
2581.21,3620.46
4630.3,5226.65
7039.69,6283.2
5690.06,5168.25
5475.32,4877.15
1848.84,3268.22
1562.74,3360.48
2067.33,3920.38
2028.29,2905.71
7143.76,6710.89
1740.61,3195.37
5540.36,4714.59
2072.88,3801.25
2908.91,4350.77
2170.91,3161.32
1941.08,3910.75
1500.92,1959.3
2645.3,3602.63
1980.17,2643.5
4039.29,3665.42
1702.31,2089.55
913.14,2743.98
3887.52,4230.86
1915.69,3190.82
3322.85,4106.01
1671.9,3356.38
1792.57,3364.35
1856.75,2575.6
2094.93,3352.36
4374.41,5699.58
2659.49,3537.31
4012.35,3962.34
2273.15,4654.66
3505.46,3407.13
8109.93,6006.86
2034.66,2915.58
2469.65,2504.56
2442.66,4150.69
4913.14,4603.72
4876.87,5358.72
1787.08,2798.34
3708.23,4549.49
1799.0,3228.2
740.9,2212.66
2307.42,4722.38
6919.4,5524.85
4376.95,3821.5
2504.37,4310.49
5727.76,5386.12
3462.67,3626.05
3022.16,4465.32
2503.84,4031.87
2997.3,4441.85
2527.72,3217.54
1790.03,2559.67
2096.22,3093.95
3888.23,5109.84
1309.79,2724.78
2885.96,5031.25
3402.97,4767.63
6808.99,5403.48
2162.5,2811.37
2849.45,4122.83
3942.94,4494.95
2786.12,3863.25
3004.45,3748.5
2060.81,3097.13
3260.24,4357.75
1130.13,2717.52
6211.85,5255.85
6111.63,4976.19
2020.44,3225.27
3029.18,3966.77
4027.21,5690.89
1454.68,2320.63
6035.47,5188.22
2987.01,2911.87
1948.11,2621.36
1872.86,3115.35
2877.95,4312.27
5765.09,5413.43
2354.25,3495.06
2037.77,4943.68
857.91,2630.51
1944.55,2813.29
2369.6,3553.23
1864.98,3174.73
3518.66,4414.74
3955.28,5417.7
2473.99,3644.69
3710.98,5100.45
2039.69,3109.0
983.46,1775.08
2109.14,3054.97
2010.99,3086.77
1770.12,3184.25
1296.29,1405.87
2388.49,2693.96
4670.54,4627.17
1645.96,3130.69
1384.96,2067.12
3661.36,4189.48
3173.35,4527.26
3644.47,4687.54
1615.09,3236.81
6866.31,6252.16
2323.16,3385.0
1261.87,1412.32
3449.32,4180.28
2418.75,3419.04
966.05,1738.29
7035.76,4930.5
1624.03,3458.36
2327.04,4585.35
6406.55,6150.82
1554.33,3110.22
4542.09,3457.27
1515.88,3251.07
2936.02,3343.03
6431.19,10276.26
2278.71,2578.64
1848.21,3044.79
1351.97,2593.56
2450.6,5147.79
5022.24,4776.37
3117.46,3998.85
3962.03,5371.06
2594.11,3575.07
1222.26,2670.9
2913.94,4102.84
1840.74,3259.32
2672.76,3594.76
2719.35,4345.88
2494.55,2741.41
6785.06,6301.89
3136.48,4477.34
7521.22,4833.14
2759.86,4681.05
1082.91,3784.74
1104.14,1995.08
3597.42,3523.45
3261.72,4251.75
4419.91,5562.84
1226.89,1363.8
2327.43,3084.36
4028.94,4859.05
5560.36,6488.19
2218.12,3820.28
3285.74,4298.56
3739.6,3905.7
3828.99,14911.05
3519.03,4660.63
2257.53,4032.76
4898.64,5211.1
1928.88,3453.1
2541.84,4420.58
4182.44,4686.62
5815.66,6274.41
874.95,2596.06
2203.32,4162.11
1857.01,3990.11
4562.66,4969.49
3276.11,4613.12
2297.54,3781.29
2989.84,3869.25
6445.05,6329.49
1319.78,3200.14
1884.67,2942.76
2725.76,3089.79
2189.93,2827.05
3203.08,4022.23
4528.66,4803.17
1946.16,2178.28
1164.88,3102.49
2265.18,2876.66
2681.03,3303.43
1713.29,3030.97
2699.34,3239.91
4014.21,3514.67
3515.7,4600.43
1394.4,3231.48
1503.81,3256.94
3751.82,4919.73
2374.18,4168.65
1699.82,3453.12
2546.95,4102.12
3283.8,4130.82
2394.62,3765.98
4629.05,6468.29
1945.59,3183.8
3329.86,4319.22
2605.05,4484.03
3991.42,5624.94
1265.87,2723.76
1898.43,3456.9
2532.47,3284.97
1491.8,3343.53
2132.83,4119.45
3942.79,3960.44
3218.34,4467.04
1299.92,2402.52
6698.87,5537.94
2870.94,3273.38
1416.12,2349.84
3547.22,4024.31
1038.7,1763.08
4671.47,5337.91
1658.9,2518.69
4280.58,4866.16
3263.1,4187.13
4272.43,5309.94
1837.23,2637.24
3955.92,5341.14
3557.34,2578.09
5173.57,5637.63
1523.37,2012.25
2166.58,3401.5
2603.74,4050.08
2238.05,3069.56
3018.3,3043.47
2380.99,4121.91
2033.99,2625.41
3899.86,4799.4
2003.33,3186.31
3916.39,3853.78
3598.67,3946.87
2596.49,3286.84
1684.44,2904.0
1967.27,3082.46
2706.85,4793.21
2419.97,3393.07
3582.35,4588.31
2671.69,3365.53
2582.31,3942.58
3424.09,4426.95
2811.56,4120.31
2903.75,3674.73
5089.59,5175.09
2637.28,4328.25
2381.51,4061.1
2608.0,4703.9
2166.05,4194.04
3300.02,4575.92
1451.28,2270.84
1313.02,2815.02
4371.95,5352.86
2933.58,4166.6
2240.77,4888.63
4148.28,4401.83
4973.04,5042.3
3005.7,3349.64
1454.45,3813.27
5201.07,5317.19
2898.52,3846.27
2120.81,3258.62
3285.33,5023.29
3110.66,3873.91
2652.62,4146.5
3094.08,4271.25
3937.45,4824.85
2716.64,3849.25
1851.9,3069.71
4326.36,4702.93
2412.41,3896.23
3788.58,4400.15
2204.47,2591.1
1765.83,3289.18
979.75,2664.59
5033.3,5195.35
4650.24,4517.67
2717.02,3142.16
3311.34,3475.93
3117.36,4179.84
3017.93,3402.96
2724.61,5303.01
1895.18,3186.31
8228.99,5064.48
4232.86,3985.91
1848.15,2884.85
1441.05,3761.07
2388.28,3702.37
3461.54,3721.9
1821.65,2778.6
2734.99,3614.8
2068.67,2159.47
1981.41,3709.75
4903.71,5332.88
878.27,2563.9
8359.22,7334.7
3350.61,3510.4
2752.28,2149.32
1660.97,3281.09
2848.88,4028.99
3597.81,4853.99
4911.05,5349.14
2705.57,3294.75
1677.48,3769.54
1512.18,3278.58
4807.17,5128.94
2224.77,3847.8
5400.8,4659.32
845.81,2188.48
6943.71,5063.97
2075.58,3903.13
2024.58,3088.28
2125.76,3639.46
5061.95,4272.21
1933.55,3478.95
7386.48,5177.32
3500.42,4332.48
6389.26,6346.78
5002.58,4746.55
2923.08,3892.38
2288.21,4127.73
1499.54,2552.13
2684.1,4061.14
4193.82,3938.86
2612.2,4652.78
3052.49,4078.34
4075.61,5185.98
2707.23,4186.52
3008.1,4561.45
2469.8,4152.86
2714.74,3759.29
1418.54,1977.94
5418.58,4738.24
1856.63,3138.82
1708.24,3327.73
3157.78,4288.53
929.37,2440.64
2433.41,3760.89
2058.54,3765.81
3271.9,2464.4
1249.86,2563.27
3230.47,3173.49
2297.18,3103.93
2389.34,4593.98
1723.0,3346.06
3817.15,4831.44
5397.02,5248.89
2219.57,2604.94
1319.11,1464.85
3840.61,4978.61
5903.17,6687.33
3715.25,5117.07
1863.94,3678.18
1430.59,2627.89
1453.21,3485.67
2447.21,3285.09
4573.17,4066.1
4403.55,4725.63
2048.22,3971.53
4176.81,4642.5
2671.6,3465.39
4038.63,5331.63
4727.64,5467.87
2039.52,3535.73
1702.15,2536.1
4306.49,4424.01
1170.17,2897.3
1390.31,2148.54
1940.07,4356.76
2557.29,4274.08
4464.43,5175.5
2633.99,4321.17
2331.21,3266.15
1982.5,3151.38
2153.64,4597.07
2261.78,4204.23
3572.97,3998.52
3164.86,3302.12
4140.53,4989.12
2640.28,3965.51
1804.81,2701.42
3999.04,4389.7
2060.51,2767.78
1706.06,3437.69
4004.35,3890.04
1202.5,3218.36
1824.32,3801.35
3660.83,4455.68
2564.45,3980.24
3073.37,3756.47
2987.17,3308.55
1682.48,2866.62
3807.8,5417.88
2148.61,4643.8
1064.71,2811.27
4522.35,4230.3
2337.85,4101.94
1766.84,3266.66
2207.9,3574.01
2937.36,3272.08
2505.61,2905.51
4636.3,4916.27
2317.46,3819.52
2235.66,4400.66
7657.9,6306.63
1084.19,1196.94
1737.4,3197.79
2447.6,3508.75
1950.41,3759.74
4508.42,4193.88
1706.3,3422.8
2149.94,3679.97
1918.07,3230.33
4738.93,5117.42
1886.87,3817.33
3843.11,4838.01
4448.52,5677.39
2041.89,2640.48
6211.7,14654.01
2470.39,3378.81
2212.5,3273.55
2909.42,3704.55
1897.26,3084.6
5471.81,5659.64
2691.34,4272.74
4870.61,5484.96
3891.13,3757.89
2288.3,3106.87
3545.42,5152.46
2900.88,3285.22
1246.46,1376.87
3871.94,8251.93
2149.18,3100.9
3035.97,4213.5
5384.98,5132.23
1727.23,4065.62
5247.62,6345.9
1869.84,2390.93
2624.32,3331.18
1231.49,3098.61
1837.92,3070.27
2223.26,2784.84
4435.84,5640.0
3304.7,4032.96
2495.67,3685.55
2926.96,3398.67
988.58,3037.41
6208.97,5747.84
2541.94,4357.11
2234.67,3335.47
4130.19,4787.35
5292.19,4418.77
1811.67,3430.07
3925.57,5123.74
1904.49,4088.07
5625.47,5276.49
1783.7,2864.75
1694.4,3036.9
2417.34,3554.61
1410.22,3922.8
3661.45,4482.43
2487.69,3707.49
2895.0,3777.86
1715.84,3223.35
2305.37,3373.23
2148.02,3174.87
2897.78,4705.93
2173.41,3817.57
6748.87,5928.34
2424.84,4707.73
2213.24,3635.28
2159.86,3044.03
1545.32,3103.31
7656.79,4366.26
1631.06,3285.61
1134.22,2767.31
3681.69,4474.6
1892.99,3031.51
2340.11,3134.04
3239.69,3878.7
5766.06,4971.43
2179.9,3862.63
5073.45,5490.96
5455.03,6224.66
5690.06,5168.25
2925.36,2855.52
3211.25,3908.72
2327.78,3153.49
2004.38,4007.9
2193.88,4741.5
5825.46,5749.73
2033.52,4228.86
2420.55,3893.38
5196.77,5320.27
2345.8,4076.06
1983.8,3345.63
3220.06,3920.08
2601.95,3984.05
3557.46,4400.89
1906.83,3211.8
1347.47,2186.32
6978.1,12282.53
1929.05,3452.85
1541.81,3026.41
2388.47,4198.76
3437.98,3735.22
2773.3,3208.89
2650.9,3462.91
2944.5,3610.34
1806.18,3746.96
2289.68,3105.9
3027.1,4145.63
4298.09,3980.33
2104.11,2299.94
749.59,2841.7
1435.91,2743.72
1186.52,1399.62
1623.55,2445.23
1775.44,3220.37
2076.11,3852.95
2897.25,3405.39
3047.95,3784.06
2439.77,4094.5
3129.14,3594.32
2220.88,3958.99
2499.68,2998.84
2852.2,4645.79
5434.95,4931.8
4414.97,5274.56
6424.36,6142.53
3480.44,4069.27
3536.32,3735.81
3092.67,4021.79
4553.44,4546.61
2526.46,2827.76
2429.54,3949.98
3220.34,4436.36
5176.37,5028.51
2076.0,3086.58
1817.05,2029.76
2173.45,3966.5
3343.7,3222.33
1787.55,2602.94
3354.61,4523.45
4390.73,4872.07
1667.33,4039.05
2933.91,4391.4
2418.75,3419.04
2437.63,3444.11
4444.95,4535.56
972.03,3051.71
3296.29,4030.7
2324.38,3177.62
1848.2,3454.07
1632.54,4057.08
4006.03,5064.64
3040.65,3560.32
2788.56,3338.46
1621.54,3177.18
5216.59,5086.55
2849.8,4813.37
3681.25,7732.25
2028.56,3043.02
4970.05,5264.36
4893.03,4917.79
2141.72,4152.12
3250.21,4046.95
4484.83,5503.35
1947.46,3599.46
2255.77,3172.08
1550.43,2259.28
1828.78,3376.0
2089.61,4062.83
798.04,1788.33
4312.2,5632.82
1319.24,3165.29
1438.99,2501.33
1723.05,1960.2
1991.8,4190.57
4656.71,5142.61
2493.85,4121.76
2809.02,3429.18
6382.49,5823.7
7461.9,10713.65
2840.47,2789.39
2197.57,3615.6
1996.44,4558.63
1839.67,2682.21
2060.47,3200.23
2486.5,3544.52
4281.06,4881.03
2148.5,2845.2
2117.61,3050.75
4274.09,4315.38
5464.8,5432.52
2293.03,4110.29
4731.86,4999.22
4838.06,4687.85
2254.59,2759.01
3756.25,4859.61
2574.38,3927.39
3336.42,4268.03
1882.61,3821.67
1304.43,3400.39
3997.38,3861.31
2807.32,4448.74
2125.28,2641.91
4082.57,4867.71
2811.38,4606.55
1875.35,3870.73
1083.28,2194.35
1186.51,2529.47
5710.6,4637.19
1929.42,3160.27
1575.46,3095.15
1612.81,2663.46
867.87,2542.4
3222.94,4443.93
2241.45,3192.4
3206.9,4335.25
2192.4,3321.84
5474.68,5051.97
2146.35,3844.79
2219.53,2929.43
2497.57,4274.69
2021.87,3708.99
5173.24,5004.04
2172.97,3163.94
2447.08,3728.69
2347.13,3435.09
2775.29,3177.81
2219.31,3746.09
1431.55,3062.08
1349.37,1848.09
5789.17,5763.17
2643.15,4409.09
4190.08,4532.77
3247.28,4102.52
6292.03,5902.12
1471.87,2595.35
1809.76,1998.35
1958.31,3271.79
2757.31,3982.2
1839.93,3210.17
897.92,2584.3
1462.45,3116.91
2917.35,3320.0
3119.69,3575.44
2733.87,3175.43
2671.03,3367.33
1641.95,3824.45
2092.95,3052.87
7544.67,16833.0
4937.12,4931.01
2234.61,4221.34
4516.72,4979.18
1497.85,3362.22
1904.22,3519.9
2065.1,2588.25
1516.89,3770.18
2320.7,3730.38
1708.93,4162.39
1299.59,2015.64
2299.94,2340.23
1957.34,3606.19
5556.54,6595.97
1053.23,3034.98
6241.7,5903.81
2431.11,4453.52
1801.35,3585.46
1376.67,1992.72
828.75,3024.51
1536.03,3098.57
4887.13,10288.69
3476.97,5056.06
848.04,2591.75
1263.74,2692.94
1731.09,2455.92
3516.44,3751.07
3334.46,4207.46
2867.28,3400.56
1201.62,1382.62
2457.66,3211.93
1140.81,2817.16
4215.03,5052.39
5422.22,5415.62
1998.12,2702.9
1660.08,2157.39
2588.66,3790.88
1807.63,2210.19
2735.91,3546.16
2573.85,3934.46
1729.67,2350.45
1221.05,1393.96
7377.58,5986.31
7027.58,5842.31
1147.4,2869.03
3568.39,4754.09
1464.71,3686.34
3816.72,4345.53
4914.48,5969.92
4962.42,5412.24
3497.96,3967.23
668.88,2524.72
2564.75,3119.79
4245.89,4592.02
2474.8,3752.15
1809.39,4608.93
2143.73,4661.58
5092.26,3593.14
3313.7,3992.08
2686.6,3319.02
5426.32,6235.79
1819.33,3237.6
1806.74,2370.58
2397.42,3617.13
1830.68,3894.85
5147.05,5582.64
3126.88,4548.35
949.19,2088.3
2787.14,4195.39
2216.99,2709.47
2892.8,4488.7
928.88,2762.82
5276.99,4386.53
3463.94,4627.64
2054.57,3971.19
2267.83,4677.16
1956.74,3869.18
5006.88,5311.69
3276.65,4094.99
5821.87,6790.09
1313.1,1893.29
5779.8,5808.58
1311.75,3450.37
1933.64,3651.58
6755.78,5804.52
4633.53,5521.23
4164.15,5130.26
1649.55,1960.29
3098.96,3385.26
1558.46,2829.54
2273.55,3271.59
2789.41,3803.18
4671.85,4251.13
3618.28,4843.54
5433.62,6220.21
4369.46,5934.17
6404.69,6275.24
2510.31,3865.07
1026.34,2014.11
2401.06,4353.29
3166.57,4934.87
3636.05,3698.62
3666.96,4035.58
3781.95,5605.52
4049.37,5410.23
4843.5,5514.2
2116.31,3041.37
1146.57,2603.94
2009.95,3770.7
3354.02,4227.71
2190.08,4186.34
1993.92,3573.25
3163.39,3838.77
1717.82,3841.76
2871.88,3814.96
2391.66,3260.4
1994.98,3077.04
7126.49,19424.18
2586.26,3922.57
5416.34,5660.63
3174.28,4776.85
2185.29,4697.25
3719.25,4589.64
3679.06,4451.84
8739.4,6933.53
3066.04,4731.19
5219.27,5697.8
2712.71,3262.02
1150.38,2631.47
5097.55,4552.18
1952.41,3798.12
2204.48,3078.15
2326.63,3779.82
4318.77,5066.95
3189.58,4024.94
1500.35,2951.01
2769.8,3693.74
5735.67,6582.99
5415.18,5575.37
2649.05,3997.23
2203.64,2591.45
4452.96,5252.27
1837.44,4830.04
3115.08,3528.06
3223.26,4514.27
2227.04,2417.9
2950.28,4565.64
1515.62,2561.75
1474.57,3516.88
1919.74,3648.57
1840.39,2981.55
1212.31,2102.92
1669.28,1841.68
2228.02,2099.3
1928.0,3482.48
2064.11,3334.78
1874.16,3324.37
2026.29,3180.32
5066.02,4938.03
6886.31,6304.89
1833.88,3276.08
3475.05,4924.91
3796.0,3839.97
1221.78,2115.65
3855.57,5697.93
2517.63,3695.69
3422.13,3711.65
3366.97,3858.51
6020.62,5469.35
2829.28,4111.28
2494.07,3864.76
2078.3,4024.37
4044.29,5153.97
4772.02,6224.29
2093.36,2436.76
1984.72,3668.54
2594.5,2892.41
1408.86,2304.23
1221.78,2115.65
1668.45,3010.19
2466.78,3492.48
2319.62,4258.85
2662.39,4441.88
1011.98,2929.89
1834.35,3089.95
3990.14,4899.11
2338.89,4114.89
6661.0,6447.19
2125.8,3253.19
2653.99,4286.05
2904.95,3130.73
1031.69,1772.8
2711.4,4466.92
4613.74,4954.22
6413.08,6626.58
2231.41,3283.91
2444.33,4103.4
3628.86,3649.5
2950.77,4005.22
1245.7,1380.68
5031.76,5273.51
1706.06,3437.69
6533.13,6037.79
3992.74,4983.28
1809.5,3502.42
2474.7,3147.82
1460.58,1441.5
3733.09,4754.89
1943.59,1970.96
2941.98,4042.76
2981.59,4373.85
2018.62,2748.1
2323.88,4153.17
1516.93,3013.81
2738.3,3989.71
2185.38,3935.45
2367.15,3500.75
4786.69,5334.47
1228.32,2827.71
4209.54,5076.2
1793.45,3783.3
1949.69,3181.2
2859.01,4136.54
1911.03,3663.18
2620.51,3758.92
3655.44,4953.02
2999.82,3979.24
2232.7,3566.66
742.7,1720.29
1832.91,3508.83
2982.83,4535.68
6674.93,6576.2
3330.54,5119.62
1920.46,2316.88
5236.28,5596.53
5239.82,4708.16
6175.22,5456.61
3162.98,3489.94
1696.51,3413.48
2792.24,4347.03
4047.94,4776.36
4665.68,5690.57
1131.22,2972.66
3128.59,3394.01
5934.44,5171.38
2873.56,3546.8
2484.66,4975.83
3098.38,3951.96
4805.21,4750.72
3281.83,3411.61
3814.33,4808.68
2887.59,5234.95
2718.47,3375.67
2638.79,2894.72
2307.14,3777.63
3051.71,2822.22
4718.52,4855.67
4657.8,5206.2
1552.72,3521.69
2487.18,4059.68
2968.34,4614.19
2228.39,4067.05
1273.52,3101.64
4794.4,5337.03
2667.38,3487.07
8006.94,5410.52
4363.93,3904.79
5650.42,5629.75
2532.37,4155.82
4213.11,4779.06
5522.11,5337.28
3083.85,3374.19
1174.29,2317.48
1017.98,2512.0
1896.13,3292.45
2964.93,3890.64
3810.39,4292.54
1916.99,2719.18
2196.21,2765.52
4304.96,4131.75
1635.05,3452.75
3139.96,4165.53
3097.21,4471.86
2070.93,3310.08
1884.59,2959.85
3197.12,3910.1
2087.72,2635.26
1798.92,2990.34
1544.9,3097.27
3600.91,4490.37
2476.35,3206.46
3877.08,5665.34
3704.18,4237.4
1008.14,2882.38
1269.69,3343.63
2325.98,2252.85
2585.17,2966.07
1874.67,2714.11
3170.8,3292.18
3557.5,2613.16
2527.07,4616.27
2916.91,4523.34
1800.75,3233.51
3577.61,4156.75
933.89,2110.73
1991.54,3229.33
2447.97,3792.13
2009.31,3189.04
2656.13,3827.43
2646.68,3981.74
5186.17,4831.59
1975.33,3469.8
2283.27,3916.97
1908.15,3414.09
2065.74,3269.38
6293.43,4380.48
3478.32,4779.94
2253.63,3314.71
2975.07,3548.6
1915.88,4223.84
2244.77,3926.18
3113.91,3293.93
5559.32,5232.24
3292.56,4515.14
2262.33,4682.42
1595.7,3077.45
5687.66,6380.24
2009.66,3085.98
3283.61,4456.64
1309.91,3055.21
1729.61,2586.41
3064.71,4266.44
3766.41,4486.55
5635.72,5886.77
2432.26,3983.9
2632.71,4684.09
995.89,2194.2
2662.21,4576.38
1922.77,3091.93
2082.99,3391.85
2064.66,2710.99
4145.58,3994.96
1632.57,3604.2
1408.68,2748.19
1177.71,2290.65
2426.41,3798.8
2687.51,4165.09
4342.72,4706.51
2652.01,4149.07
6018.31,4809.84
4572.12,4845.42
2194.43,2552.36
2125.84,3081.28
3590.55,4562.34
1569.44,2017.28
1474.58,2840.44
4082.29,4739.39
2055.55,3319.79
4566.5,5768.52
1022.48,2184.27
1949.37,3184.84
671.16,2550.97
3313.2,5123.65
4642.86,4306.02
2288.84,3406.95
4444.32,4368.62
1931.01,4595.93
3861.89,5012.55
8481.69,6774.84
1769.31,3222.64
1341.05,1456.34
2262.7,3159.38
5364.28,6201.43
1411.6,3356.74
2151.32,2625.9
3804.52,3739.12
2829.77,3706.49
6181.03,5742.51
1808.33,3489.72
8066.78,6991.87
4601.22,4470.57
2017.91,4010.31
6187.25,4957.65
3081.08,3931.61
4314.29,5062.46
1946.24,3716.07
1225.49,2657.19
1561.52,3397.29
5248.54,4922.85
1840.4,3749.86
2156.64,3465.13
2583.71,3227.97
5581.73,6224.04
2526.33,4898.78
3962.72,4559.52
2389.58,3547.45
2800.61,4472.54
2144.51,4700.65
4152.47,4657.39
5409.36,5455.54
4694.89,4598.83
3474.7,4923.73
3695.78,4042.36
2430.89,3599.29
2222.18,4083.85
2231.41,3740.87
4155.28,5257.12
2305.94,4647.94
4883.82,5746.65
3580.15,4912.25
1222.97,3391.49
1434.72,1911.23
2043.81,3720.93
2815.33,4095.06
2528.32,4322.21
5055.77,5401.42
4694.9,4966.46
3522.66,4617.45
1699.04,3847.12
4570.85,4526.03
2864.94,4663.17
2549.38,3245.04
708.54,2597.8
4925.59,5268.14
1680.52,3911.43
1422.1,2728.2
3901.73,4447.37
1460.81,3307.73
1448.73,1913.14
3165.07,4832.51
1248.89,2679.37
2294.13,4087.85
3722.85,4485.48
1691.31,3488.83
1382.66,2736.68
3878.73,5604.44
2503.56,4193.86
6721.38,4492.47
3051.63,3556.72
2413.65,4566.73
4079.13,4739.56
3397.72,4251.43
1885.85,3288.23
1740.59,3328.75
4905.01,5479.49
2596.69,3354.54
4130.05,4529.74
4999.0,3422.0
2990.12,3719.67
2304.09,3260.92
2962.34,4463.11
2277.55,3180.04
5106.22,4766.05
2816.62,5108.85
1474.5,3211.35
3921.48,3038.07
3383.45,5717.01
2551.92,4107.92
925.17,2187.65
2448.25,3148.7
6207.48,5491.65
2307.07,3107.8
3176.6,3671.58
3582.16,4538.2
1020.9,2600.42
2170.38,3991.16
3278.92,4016.25
2557.28,3949.62
1188.46,2654.67
7203.61,5706.89
719.0,1943.42
2175.62,2612.2
3541.85,4320.9
2414.78,4691.55
2785.16,4357.99
1907.46,3163.19
905.26,2190.75
2892.17,4626.08
2767.28,3595.88
3314.59,4522.9
2856.64,4037.34
3312.28,4242.76
3198.04,4485.49
7031.49,5859.55
2609.95,3215.68
4100.74,4423.96
3997.42,4003.87
2785.64,4187.05
2374.18,3225.34
3350.72,3760.89
3024.68,3552.41
3345.16,5379.64
1818.86,3403.34
2413.59,2729.55
4093.89,4887.28
6641.58,5829.59
1766.67,3097.61
2514.67,4120.09
4426.37,5200.51
2723.41,4342.51
1247.2,1391.26
1534.85,3100.63
2151.22,3775.07
2563.51,3199.58
3537.73,4287.52
3863.46,5084.22
3582.73,4027.35
1935.05,4828.54
1577.06,2031.97
4959.27,4637.64
4229.55,5617.7
1336.09,2493.59
2028.17,3173.45
2704.04,3674.0
1785.81,2638.03
2007.98,3437.8
4989.71,4329.4
1992.84,2237.42
1502.78,3144.4
2282.06,3677.29
2972.69,4379.05
2402.4,4297.5
5790.56,4894.96
2951.6,3883.08
2668.98,3304.79
1658.06,3486.74
1803.44,3819.48
8159.11,17275.4
2105.46,2613.98
3139.77,4814.44
1228.54,3058.76
1773.59,3025.16
1541.52,3080.04
1978.26,3437.02
2480.15,2445.12
2751.72,3019.72
2957.79,4644.6
2025.88,3041.83
1980.47,2945.28
783.36,2669.77
3042.28,3766.67
3114.15,4769.15
1308.47,3234.34
3384.54,3944.53
1302.96,2951.74
2353.46,3518.77
3210.41,4477.97
2528.32,4322.21
1593.1,2118.45
1996.88,3041.76
1771.28,2020.28
1034.78,2385.17
1963.25,2532.05
4513.48,4747.11
2796.47,3719.23
1536.59,3396.87
3074.74,4884.99
6397.91,6315.45
1673.85,3435.6
6032.93,6782.74
3154.31,3871.15
3595.93,4146.08
4658.18,5268.11
2038.44,3752.4
3334.54,4476.74
1240.88,2795.39
1593.43,3436.3
4285.11,5750.94
4650.64,4543.06
2414.55,3784.14
2625.12,3733.87
3103.31,4217.15
7867.52,12146.63
3522.13,5576.64
2011.1,3086.42
3408.85,4139.13
1341.81,1922.65
2589.7,3926.29
1835.29,3024.97
1708.64,3631.89
2707.62,3286.69
3946.65,4539.25
2507.22,4610.25
1542.78,2165.36
3795.44,4289.04
4450.39,4196.78
2022.86,2585.27
4372.16,3503.49
979.95,2566.81
2231.01,3283.33
2240.34,3285.11
2293.03,4895.04
1891.27,2848.86
5366.43,5702.92
4264.1,3962.0
2430.52,3299.54
3027.1,4145.63
2656.3,3323.18
2839.39,3996.46
2446.4,4811.65
2863.61,4444.72
1372.3,2478.16
3072.15,3331.02
3660.05,4207.41
1980.95,4254.38
2537.73,3769.52
5404.58,6210.92
3815.04,3534.89
2186.59,3567.88
2310.38,3190.7
4152.56,5616.61
2086.34,3049.2
2664.14,2607.4
2362.12,4328.39
1512.33,2906.31
2224.98,3219.79
3031.15,4483.33
2339.99,3297.93
2441.81,2747.44
3870.47,3880.04
4041.32,3388.25
7997.71,14427.01
2379.21,4629.9
2999.74,3393.32
2742.45,3354.02
2510.92,4103.57
6730.37,5518.83
3303.43,4928.16
3591.86,5167.66
2051.04,3597.11
1416.88,2827.58
2502.35,3268.51
8128.46,6275.97
7237.0,5024.96
2701.74,4190.86
1934.5,3086.85
7554.93,15677.12
7105.49,6015.58
6734.72,5915.2
3610.26,4537.78
4814.93,4644.75
2368.04,3384.76
2625.39,4660.88
1810.58,3018.01
1306.07,2804.32
3087.69,3734.87
1539.73,2580.15
1163.12,2701.35
4067.53,4387.34
2814.46,4175.41
2244.9,4009.54
4311.14,4363.57
3034.08,3344.21
1813.61,3505.31
3591.79,4781.87
3781.08,3742.96
2510.59,4067.36
4254.89,5626.09
6336.77,5738.87
4444.8,5224.07
4244.14,4410.57
1659.3,2788.99
1001.85,2003.7
5395.34,4994.85
3686.05,4072.85
2227.58,3108.28
2609.83,4912.37
2634.88,3290.36
6174.85,5537.55
1849.44,3375.62
2128.76,2667.46
844.8,2906.94
3319.0,4687.58
3880.31,4561.82
4335.88,4662.19
3280.06,3670.0
3775.55,4697.42
3938.89,5180.87
3352.4,4162.8
1291.0,3053.77
5818.17,6022.71
1937.93,3229.24
3194.4,4602.01
3196.69,3767.38
3024.03,4572.9
1811.12,3528.48
3226.64,3881.14
1620.4,2665.08
5354.56,5416.62
2879.49,3460.71
5657.14,5851.36
1824.09,3286.36
1977.33,2291.54
7617.02,10701.85
3250.5,3478.26
4632.49,5339.97
4907.02,5054.48
3079.86,4020.98
2558.7,4085.18
1534.99,3773.34
2506.63,3883.3
1725.51,3209.69
1109.44,2210.7
4219.2,4582.56
940.22,2622.52
6816.14,3962.65
2089.25,2577.95
2531.43,3359.71
3842.2,12013.74
2425.85,3643.43
3151.36,5070.49
1512.74,2236.27
4714.03,3754.01
3898.87,3758.05
3589.87,4148.47
2628.98,3474.06
1625.3,3256.92
1243.42,1395.96
2668.43,3174.05
2350.2,3451.8
1948.34,2579.33
1634.11,3039.77
1998.39,3209.95
2715.3,3225.87
4171.16,4631.57
2468.85,3601.74
3287.54,4233.35
5128.0,5485.7
5604.21,4069.6
2757.81,3222.29
4159.55,4757.81
3147.08,4076.98
5117.68,5696.06
2688.89,4006.57
2033.72,3226.68
2279.22,4432.54
1885.51,2625.34
1831.16,3037.78
4939.39,5865.88
7253.86,6331.64
1653.5,2512.81
1919.88,2547.95
2970.96,3623.28
2421.31,3486.3
3398.36,3522.81
1990.35,2769.2
4382.18,3595.33
3239.86,4939.93
3655.11,4950.14
7291.77,6413.99
1826.57,3107.92
2867.39,3965.21
2857.11,4349.62
1905.96,2689.32
3688.22,5137.23
4452.34,5256.7
2262.36,4207.87
1642.68,3871.11
3237.18,3645.52
1581.65,2853.7
1698.34,3175.06
1821.65,3092.32
3755.49,5218.77
1189.1,2692.83
2128.02,3578.93
2096.86,3128.98
1680.6,1833.95
2199.52,3779.38
1393.5,2884.68
3200.78,4023.36
5264.2,4748.07
3693.67,3788.32
2791.26,3319.61
1498.98,1995.81
2347.54,3209.88
2933.58,4166.6
5244.79,2485.5
2073.99,3037.9
1294.94,1888.02
3619.0,4610.52
2105.0,3195.12
1390.31,2148.54
1123.88,1945.21
1170.5,3669.12
1985.73,2564.65
2359.8,2801.82
980.0,3038.76
8232.05,5698.55
2353.49,2606.35
2919.02,2758.76
1832.45,1540.63
2321.6,3804.18
4434.91,4921.95
1920.04,2902.98
1997.15,2784.93
1481.41,3584.15
2341.72,4365.16
4616.73,4686.88
4759.23,4950.95
5024.66,5442.68
3936.95,5708.49
2713.89,4183.37
2325.12,2716.78
5582.81,5127.15
1257.92,1398.88
4107.93,4840.61
4180.76,3676.0
794.84,2197.2
5119.79,6027.02
2332.61,3572.86
4921.36,4681.3
4342.2,5713.96
2196.8,3546.53
1944.39,3258.81
2840.63,3841.92
6665.48,6334.82
3386.07,4009.83
3588.61,4720.68
3893.56,4752.96
2031.45,4140.71
5440.75,5345.71
1822.83,2679.86
4342.53,4480.74
1467.22,3509.26
4999.59,5497.17
931.85,2581.87
1294.33,2030.21
2369.17,4006.76
2259.41,4330.08
6253.3,5406.37
2379.58,3126.77
1417.28,2053.3
1816.69,3926.73
2251.42,4585.13
1491.32,2133.76
2363.28,1997.43
2145.07,3110.09
987.48,1736.67
4428.99,5634.52
6542.49,5815.78
1741.72,3151.98
2602.47,2703.51
8872.24,14960.24
3050.75,3319.66
1403.14,2269.81
5027.55,5316.84
3188.9,5496.55
5328.12,6195.34
4373.63,5059.97
1705.73,2652.96
1523.11,3770.07
1928.73,4057.08
1854.5,3617.06
2560.31,4426.42
8636.95,6457.94
2130.03,3432.05
2392.39,4040.77
1188.91,1378.56
3381.31,3540.5
2438.84,3331.08
4789.37,5875.19
2972.01,3900.12
2497.78,4115.53
3452.33,4405.63
2156.06,3757.49
3003.45,4571.41
4680.91,4155.17
1746.3,3215.8
2618.34,3671.19
3533.33,4797.91
1074.89,2828.12
1635.99,3077.07
4981.9,5027.57
3739.6,4874.49
3819.95,5246.88
2489.0,3431.06
2750.11,3624.97
4508.71,4688.25
2588.62,4221.09
1184.47,1971.05
1949.78,3650.62
2099.45,2609.46
1546.69,2913.9
2060.62,3246.97
2918.16,4158.83
6137.32,7637.97
2470.91,3669.25
3243.52,4630.17
2522.93,2192.24
2087.52,3594.24
1740.55,2182.1
2965.27,3221.09
2152.03,2377.06
4088.86,4100.1
4232.16,3757.46
2431.77,4033.73
4795.68,5345.27
5113.1,5744.36
3129.92,4549.0
1953.79,2455.9
1977.58,3641.78
2087.37,4611.32
4788.54,4795.37
2344.81,3288.42
4166.71,4887.87
1370.61,3310.56
3458.78,4178.74
4002.97,5162.7
1490.76,3770.02
2107.76,2882.96
4449.21,5558.81
2976.95,3390.86
2555.19,3189.25
1355.74,1871.65
2631.56,3497.03
2545.33,3587.15
3867.81,3286.39
2688.77,4372.44
4533.59,5141.7
1710.49,2594.6
4784.99,5791.73
3468.68,4256.1
2085.29,3992.87
2661.91,3966.67
2058.28,3504.75
3068.87,3754.52
6361.1,5463.11
2077.72,3741.71
2997.32,4567.19
1577.55,3026.61
1944.68,2358.79
3184.04,4826.3
2738.65,4664.62
3977.94,3712.3
6894.65,6329.79
3904.35,4437.88
2047.94,2993.87
4430.62,4772.53
3527.03,4625.7
3994.1,5007.21
2279.39,4788.61
3363.17,5065.27
3491.73,3590.31
3103.46,4063.97
1677.56,2731.29
2577.04,4267.1
1497.04,3447.57
3030.05,4913.02
2251.35,3949.07
2265.19,3126.64
2872.67,3285.81
2891.24,2979.99
3206.97,3904.65
1837.27,3658.66
3870.64,5690.95
2370.66,3842.4
2755.44,3180.78
6094.42,5703.18
4747.11,4574.02
3475.38,4158.07
1749.26,3486.14
4625.55,5402.74
1534.26,3112.99
4464.53,5516.49
1848.73,4118.15
2723.13,3197.89
1743.7,3821.95
3012.19,3706.99
3952.16,4444.26
1735.15,2946.32
1480.55,2473.19
2183.44,2562.09
1741.8,2776.73
2289.3,3525.54
2608.42,3212.27
4314.49,5074.55
2676.18,3927.65
4720.74,4850.06
2339.65,3096.26
2792.54,3687.92
1992.31,3881.88
3277.72,4569.18
5383.16,4047.17
4090.28,4782.76
4644.93,5118.8
2846.36,4040.15
2379.78,2613.49
3122.59,4526.82
2520.42,4196.13
3666.32,4624.34
1538.07,3785.32
4543.8,5131.86
2339.8,3960.34
5434.0,5322.82
1314.85,1366.0
1503.81,3256.94
3471.67,3737.07
5358.32,4672.05
2664.07,4157.05
6945.81,11890.29
2317.24,4485.42
3857.17,4121.07
1773.17,3354.62
2266.03,3233.63
1522.1,3055.68
2157.23,3955.78
1491.56,2910.1
2837.17,3842.22
874.41,1336.21
2361.71,3255.18
1812.1,3696.41
2729.86,3895.98
4795.11,5202.19
3251.98,4319.02
3600.27,3822.93
3997.57,4474.86
3704.5,4480.3
3633.73,4979.31
1989.87,2568.19
832.74,2570.9
2303.42,3739.62
5282.87,5422.79
2271.96,3539.71
1058.41,3073.04
2059.6,3995.64
3501.93,4989.06
3561.37,4570.62
6684.16,5921.28
2158.78,3030.03
2670.47,4106.71
2186.98,4043.48
2825.05,3834.66
2976.77,3297.81
2255.52,4080.02
5605.82,6232.76
7660.83,8246.02
4869.5,5453.61
2202.0,3711.73
3974.88,4364.42
2115.81,3246.9
6615.38,4747.72
5740.94,5541.84
3025.02,4126.69
1473.71,2558.81
4666.66,4854.04
1868.62,4577.8
4969.92,4770.17
4891.31,4544.38
2001.49,3786.44
3784.06,4324.84
3084.54,3539.95
1846.9,2365.22
2968.59,5263.03
1354.52,2874.43
5166.85,5727.13
3864.48,2192.91
756.36,2552.57
1140.16,2857.53
4956.09,5371.73
4118.53,4812.88
967.95,2907.41
2733.42,4134.49
1615.89,2579.6
1404.26,1894.45
6744.4,5634.7
2034.47,3842.14
2523.66,2856.86
2790.9,4114.2
5034.44,4697.04
2533.9,3909.42
2350.25,3255.2
1490.89,3155.9
1291.59,3839.29
2888.19,4179.5
2050.65,2827.12
1211.21,1983.44
1118.17,2840.8
4081.78,4341.48
3716.7,4230.97
1844.76,2952.22
3665.25,3768.89
1517.22,2984.31
3519.88,4973.27
985.92,2843.68
2576.33,4058.92
2658.23,4058.05
1179.83,2211.35
2085.47,2487.24
4908.3,5354.48
1620.35,1932.23
2401.31,3735.2
3287.93,4198.36
4063.22,4378.33
7115.06,4964.99
5570.63,5060.4
5173.09,5129.87
3796.36,5100.57
3888.12,3723.89
4723.45,5302.36
2612.98,3509.15
2946.28,3251.09
4346.38,4666.75
2551.29,3267.44
8773.52,28900.49
1963.64,3798.77
1664.2,3103.74
5190.56,4756.13
2524.04,3373.64
4506.3,5667.91
1357.28,2288.03
2719.35,3736.4
2190.17,3095.07
4808.45,4814.24
1512.32,2807.83
4199.28,4335.18
3432.05,4499.43
7051.74,5601.03
883.5,2642.89
8433.87,8734.88
3213.83,4162.69
3379.48,3622.97
2264.63,3839.91
3429.99,3576.59
2394.24,4152.15
2287.84,4335.47
3105.75,4276.72
2428.84,2797.99
2678.38,3475.44
1717.84,2293.21
1736.29,3843.03
7195.11,5626.96
6371.84,6654.26
6885.29,6347.81
2797.7,3695.52
2429.22,4353.54
3457.94,4788.72
2486.17,4619.66
945.39,1780.32
2090.3,2814.61
1150.8,2809.0
2442.47,4729.34
2103.36,3645.21
2039.12,3565.16
2868.41,3054.11
1992.23,4224.85
2835.49,3945.57
2184.83,4179.29
2136.51,3857.89
2195.93,3880.49
5352.18,5414.35
2855.66,2751.35
4067.76,4941.4
1699.24,2675.15
1321.5,1798.51
2067.07,3164.64
3701.83,5022.51
2598.26,4683.17
9200.19,9080.7
2934.2,3851.11
3956.9,3851.56
6710.2,5608.27
3450.72,3649.17
1441.73,2836.41
2086.2,2696.05
2824.8,3943.72
1181.71,2159.97
1059.63,2934.53
1398.71,2947.4
3980.86,4658.19
1975.76,3789.55
1979.59,3229.59
1768.38,3304.44
3835.78,4695.42
2246.76,3121.01
1240.08,2663.11
4682.31,5586.3
1601.31,3077.96
1733.62,3496.18
2757.35,4307.23
1226.1,1399.62
5104.09,4898.7
3220.23,3666.81
3294.06,3227.05
6128.63,5028.46
3192.96,4126.96
4156.19,5120.93
1561.88,3435.47
2800.34,4657.59
2592.32,3626.43
2931.07,4032.76
4917.17,3882.9
2464.92,4152.95
1936.34,3500.4
1123.5,2774.2
1857.61,2713.57
2649.42,3493.96
1451.71,2645.21
2423.06,2612.66
4610.7,6448.81
2314.45,4126.65
4835.73,5254.6
3205.3,4297.88
3271.53,3304.01
3237.52,4442.44
1969.37,2218.28
1863.82,3996.0
4867.16,5321.38
2515.02,3398.35
1297.38,3747.45
2536.19,3294.52
9121.02,8003.46
1973.39,2486.28
1030.15,3072.19
3291.71,3596.15
2178.32,4888.22
4611.74,5092.88
1673.14,3429.84
3447.88,4915.09
2513.99,3325.67
4575.91,5341.69
4411.94,4988.29
1668.62,3279.76
2199.57,2549.42
1922.34,3988.52
1337.42,1431.96
1547.0,2641.86
3026.68,4059.2
4215.77,3778.44
8476.81,5779.51
3074.17,3600.95
1990.94,3864.1
1801.09,2363.97
782.51,2566.94
3301.52,4370.47
1459.73,3925.5
5734.6,4181.27
1298.16,2769.82
4773.45,4323.19
1509.36,2166.07
2658.72,3610.9
2427.6,3099.44
1606.13,3550.8
3872.0,4295.74
2995.9,4081.81
5411.19,6268.99
1995.48,3043.04
3940.34,4331.07
1073.06,3034.62
2765.68,3267.36
3846.6,5172.02
2928.96,4879.87
2648.65,4074.31
3533.73,4551.36
4002.15,5700.07
1974.49,3470.5
2136.23,2992.81
2048.49,2960.25
3067.43,4127.44
3558.4,4992.4
1503.94,3485.14
4168.1,4820.55
2485.32,3731.93
2750.77,3202.7
1295.53,2270.44
2122.13,3321.74
2218.23,3362.03
1550.97,3760.03
3853.78,3994.89
8293.12,5267.21
3470.31,5054.74
2526.33,2192.48
3986.56,5691.3
1838.04,2506.55
3538.52,4401.21
4296.25,3755.1
3532.3,4200.95
2519.99,3305.74
2473.07,4141.32
3539.05,4424.36
1241.7,2126.3
3468.46,4585.85
2945.09,4385.5
4724.03,6403.2
3811.56,5417.95
1826.5,2670.29
4483.4,5286.4
3363.12,3504.2
2361.49,2660.07
2303.37,3052.35
2227.1,3467.69
2077.1,2722.44
3007.2,3970.12
1217.27,2715.71
3530.54,5146.36
3559.62,3426.78
3085.29,4041.85
944.16,2187.94
4845.82,4319.81
2687.98,4111.28
1316.16,2900.17
1480.81,3214.19
3437.09,4512.72
2569.61,3773.31
2331.28,3240.57
3247.97,4797.09
1841.16,3032.77
3897.62,4060.48
2179.13,3596.62
4831.35,6223.09
2745.78,4750.94
941.25,2186.11
2365.76,3104.44
1860.2,2853.38
2529.35,3414.82
2628.51,3810.89
1606.72,2587.95
2626.66,3660.96
3998.54,4690.99
3497.63,6074.97
2314.63,4196.85
759.5,1720.76
2345.82,3554.56
1742.64,2469.55
2121.0,2769.11
3292.77,4419.52
1771.24,3212.64
2810.8,3281.91
2706.1,3854.49
3492.01,4209.41
5801.93,4799.14
1125.8,1397.53
3661.36,4802.43
2053.82,1787.7
2690.37,4369.29
3032.36,3220.27
2828.94,3448.85
2026.24,3391.4
5477.95,6547.65
2814.22,3203.93
2511.86,4139.48
997.01,1799.58
939.81,2663.86
1442.0,1486.56
989.16,1734.96
1178.42,1397.4
1904.61,4385.69
2244.83,3365.3
3005.79,4174.67
3894.87,4432.09
3378.1,4820.65
3169.0,3305.25
1504.95,1871.59
1239.44,1246.66
4429.81,4910.77
2128.94,3142.89
2834.87,4062.86
3720.45,4253.94
2297.64,3497.65
3123.46,4681.36
1788.16,3148.13
5663.16,6118.98
1181.36,2872.23
2797.23,3584.98
4822.98,5329.15
2861.96,3599.43
2214.08,3469.82
2078.67,4660.53
1544.96,3807.68
4334.71,5049.11
1681.99,3042.38
1274.4,3079.56
1980.89,3820.14
2705.96,3858.86
1614.28,3284.79
3872.89,5062.54
2766.99,4652.77
2441.04,3892.28
2187.44,3571.66
3373.73,4510.34
4459.58,5381.4
3510.61,3647.45
4052.27,3908.31
2418.96,4015.04
2300.34,3553.2
5532.94,5263.69
3179.13,4019.45
4394.39,4774.4
2254.84,3374.91
3100.55,4090.27
2867.88,4244.29
1071.26,1851.49
3218.52,4091.38
1342.33,2319.47
2748.51,4345.54
3068.67,4996.26
4639.34,4881.18
2988.56,4224.27
2664.57,3841.94
2663.14,3882.92
6939.71,5210.85
4983.39,5853.52
2907.18,4171.58
3269.75,4347.51
3685.24,3777.74
2543.79,3067.32
5416.8,3547.43
2327.5,3766.48
6318.23,5243.17
5975.38,6236.87
4914.74,4492.33
2203.06,3587.29
6635.19,6288.22
2287.63,4075.03
3930.63,4354.89
2542.62,3843.46
1568.8,3566.28
5217.86,4998.95
4667.0,5513.7
3255.71,4165.11
4765.1,4221.36
1975.83,2794.93
1527.57,2151.82
6600.45,7588.02
1817.95,2887.34
2146.1,4232.65
1187.25,2702.04
3338.43,3220.5
2889.23,4248.32
2224.83,3811.1
5332.34,4919.18
3154.03,3366.65
4495.28,5962.48
2121.7,3086.66
4896.05,4682.64
2826.61,5092.26
3076.25,3887.75
2870.3,4196.02
2521.33,3335.71
2388.1,3371.66
1398.94,2801.39
2683.08,3612.52
2914.62,3381.8
2903.12,3889.46
1543.57,2742.16
1167.34,2934.74
1218.36,1885.52
4860.69,5439.91
3127.96,5001.53
1363.67,1896.07
4501.65,5224.38
1878.3,3705.99
4024.16,5329.31
2178.7,3155.44
1911.13,3536.73
2529.12,3474.02
3329.45,4194.84
1902.93,2913.37
4257.54,5589.39
1540.58,2492.75
1113.53,3295.38
1836.09,3416.25
2368.33,3713.05
1998.22,3308.04
3561.37,4570.62
2463.26,3411.5
1619.99,2383.75
1799.65,3268.16
4386.34,5598.83
2079.08,4698.7
1516.54,1967.06
1571.32,2819.84
1834.2,3279.23
2504.03,4032.32
1757.28,3336.74
2389.16,3638.58
3489.73,4168.14
4339.33,3656.44
2005.18,2610.03
2127.94,2586.57
3653.55,4910.67
4647.27,4839.93
1514.4,2845.31
3948.38,4501.19
3193.72,3650.98
1311.79,3027.03
3002.87,4180.8
926.54,2635.3
747.64,1709.58
1277.82,2418.98
1793.97,3076.6
7069.47,5602.67
2544.4,4678.47
4645.76,5161.22
4504.52,4763.32
2505.75,4047.53
1186.08,2459.37
2073.55,2615.24
2707.92,3453.75
1016.96,2628.12
3214.34,4220.43
4319.79,5190.66
2265.07,3394.49
2018.27,4082.88
3873.41,5587.67
2785.76,3543.96
2284.83,3969.18
923.86,2189.18
1619.39,3911.48
2885.72,4171.31
3810.39,4292.54
2588.57,4131.69
2602.99,4607.33
3205.43,4944.35
4357.85,3720.93
3465.24,4570.82
902.95,1806.99
1925.39,2550.56
5240.69,4683.05
3108.02,2979.41
5542.88,5119.76
3308.39,4183.01
3430.91,3954.46
1913.52,3767.42
2299.4,4045.37
1788.64,3392.4
2420.06,3955.44
1793.62,3410.65
2608.14,3706.23
2559.09,4166.55
7039.69,6283.2
2539.16,4118.29
1513.13,3138.17
2219.02,3197.52
3278.62,4154.19
2036.1,2590.22
2510.53,3750.1
1630.32,3177.53
2022.25,3554.57
4498.21,3673.16
5800.58,5983.9
2803.21,3392.31
1699.45,3839.63
2606.95,3688.21
2327.59,4806.8
6315.09,6312.31
1182.15,3227.77
1842.31,2627.03
5147.08,5211.43
6294.88,6122.58
3780.63,4633.9
4631.85,4074.99
2242.63,3164.25
1729.34,2485.77
785.87,2551.34
3661.95,4989.96
1999.24,3045.58
4222.37,5412.67
2717.73,3197.84
1765.39,3294.59
2164.97,3193.53
1746.2,3015.12
5378.34,6543.92
2306.19,3741.76
2712.23,2722.29
1341.13,3056.61
3998.39,3992.7
1649.68,3915.48
4289.3,5624.46
2599.1,2585.59
1918.45,3217.33
3791.2,4495.75
2883.02,3818.92
2555.49,4171.99
4979.37,4637.03
4434.18,5562.34
2044.75,3785.22
3797.93,5743.11
4656.11,5653.01
3051.11,3726.73
2763.1,3496.76
1560.48,1500.63
5046.88,4366.92
4371.61,4999.11
7637.35,10398.41
2205.67,3625.36
5470.1,5406.04
3351.42,3971.57
2140.8,4071.83
1805.33,3179.22
1879.04,2297.2
2026.18,4255.72
1825.33,2993.36
2935.65,3940.64
2141.67,4170.57
3193.97,4918.19
6549.1,6774.46
2718.44,4379.12
1833.39,3410.97
3502.1,3368.11
1932.04,3200.29
5597.31,5300.18
2819.71,3392.81
2533.38,4247.12
1284.73,1417.47
1428.34,3367.51
2543.49,3933.79
2453.7,4038.05
1814.08,1944.9
1331.05,2272.27
1900.52,3372.09
1468.34,3030.98
3833.02,4918.13
857.14,2718.24
2462.34,3224.55
1247.2,1391.26
1585.93,2964.58
3491.28,4097.44
3984.14,4717.26
4528.2,5205.59
4644.01,4800.81
1421.66,1885.77
3766.43,3775.55
4814.76,4758.27
2952.97,3487.48
2795.93,4324.52
768.7,2596.78
6097.18,6507.4
1676.71,3491.31
3369.97,4050.48
5245.5,6407.23
2271.98,3340.14
6237.65,5198.14
7087.34,6242.72
1551.41,3311.94
5107.6,5103.35
1859.06,2362.96
1860.44,2851.48
4052.44,4153.86
2502.73,3222.37
1185.27,1402.77
2200.49,3735.66
3592.76,5077.29
3532.0,3390.9
3700.77,4288.69
2927.14,3888.24
2208.81,4019.73
3312.79,3456.33
4799.08,5732.08
2323.07,3093.23
7699.57,6297.15
1013.85,2184.52
3571.0,4283.32
4996.05,4304.1
2697.67,3415.08
1902.12,3034.16
7224.66,6324.62
3139.3,4078.13
1917.72,2513.37
4004.58,5664.57
1706.76,3489.74
2576.6,4440.93
3389.73,4724.35
2248.59,3832.56
3795.67,4719.52
3033.61,4406.09
1918.76,3095.53
1231.11,1392.06
2772.06,4281.26
2790.49,3918.41
4700.97,4635.0
5318.27,5298.36
2150.19,3075.67
2863.83,3715.85
1926.6,3812.3
2163.86,3375.77
5014.89,4887.36
3397.57,3762.36
1069.7,1788.97
2407.51,4268.74
1069.22,3046.91
3252.33,3345.15
5213.96,5611.39
1353.11,2559.28
6777.24,6592.38
1711.48,4072.75
1771.15,3644.38
5174.14,6265.47
2491.94,4004.32
1595.95,2434.31
1196.31,2641.37
2543.6,3481.36
2788.35,4131.36
4210.18,3729.99
2151.16,3095.83
5795.09,5307.52
3684.35,4394.01
2637.05,4295.24
3926.3,5452.5
2449.78,3215.82
2627.84,4169.26
5496.41,3556.98
1698.22,3817.72
2350.61,3266.49
1911.82,3460.17
3015.78,4411.92
4850.19,5678.7
2826.91,3549.91
2908.12,3301.31
1629.9,2860.94
1159.64,1395.82
6512.72,5394.17
1779.41,3754.45
4224.41,4012.55
2172.67,2863.08
2780.04,4719.15
2786.13,3810.94
3567.24,5636.45
6056.7,5187.61
6124.98,5135.85
2126.26,3167.02
3055.11,4445.54
1663.54,3120.11
1746.2,3015.12
2064.49,3719.99
2069.02,2803.09
1229.45,1409.68
3392.94,4917.73
4459.38,4263.33
1663.79,2815.4
2901.04,4136.17
2463.12,3424.6
4602.57,5143.31
1665.07,4045.5
4168.87,4709.27
7010.92,6391.15
5185.1,4690.72
1741.0,3118.65
1357.31,2684.95
2549.16,3134.24
4225.52,3901.41
1578.17,2107.32
3268.86,3878.46
2469.21,3786.59
2104.79,3538.52
2922.45,4595.36
1422.47,3175.52
3381.38,4257.2
3854.14,3175.67
2122.38,3232.54
5228.06,5044.38
2512.16,3615.21
3204.24,3300.99
3298.96,4172.61
1991.95,2094.75
4511.05,4589.64
2108.18,4311.28
4529.06,3768.58
2047.84,3281.59
2200.5,3134.2
5243.5,5147.24
3079.12,3869.65
5246.05,4413.08
2651.08,2716.38
4515.95,5313.51
1702.85,2993.77
1912.46,2572.9
1023.74,2757.37
2891.73,3121.98
782.28,2503.06
3406.43,4473.74
1849.05,6532.77
1165.88,1399.03
3494.49,3451.14
5090.13,5385.63
6040.38,6115.83
1760.48,3954.43
2769.16,3720.47
2319.65,3450.12
1428.41,3881.32
3129.27,3356.23
4073.5,5143.91
1621.36,3284.01
4145.47,4249.9
4541.88,4840.15
1561.28,1996.18
3009.61,4391.07
2539.75,3026.32
1825.96,2725.31
1541.21,2757.7
5219.18,5313.24
2362.16,3546.21
2083.28,3402.7
2524.0,3750.11
632.71,2384.88
3390.17,5639.97
3867.4,4773.68
2063.33,2715.29
3283.0,4232.36
1970.4,3952.86
2526.81,2517.81
1887.47,1974.24
2082.61,4252.75
2430.02,3389.14
2753.41,3230.12
2708.23,3331.93
6442.72,6629.35
1442.43,1956.83
2079.9,2516.76
2123.91,2567.68
5447.6,105476.8
4377.03,5230.14
4550.14,5678.78
2795.62,3448.94
3381.32,4368.13
2726.78,3388.01
3904.93,4736.32
6961.36,5517.86
3966.2,4870.69
4979.13,3957.07
5238.9,6220.12
4374.41,5699.58
4981.36,4828.12
3386.53,4354.64
2431.52,3356.22
1360.05,2290.52
3967.32,4225.19
2448.94,4066.46
2696.71,3334.12
2082.09,3092.52
1947.74,2449.9
1316.64,3106.85
5089.82,5079.52
1430.09,2291.5
2182.26,4621.12
1804.59,3080.61
2538.62,3668.52
3706.84,4767.04
2096.8,3551.31
1791.39,3179.0
3737.87,3978.66
1782.06,2903.53
1612.14,2760.66
2696.98,3439.72
1999.61,3059.68
3012.12,4690.86
2377.19,3141.99
921.01,2424.45
1437.49,2113.29
3580.3,3332.71
2503.71,4128.49
923.73,2988.76
2156.73,4263.03
3245.09,4459.6
4069.14,3651.82
2446.63,4592.62
2447.93,3725.43
2632.1,3959.03
4190.67,4865.84
3031.12,3578.52
3370.44,3849.7
2182.58,2533.67
3240.08,4948.13
1624.37,3356.57
3258.34,3289.81
4161.64,3928.88
2877.92,4001.38
2755.01,4676.65
5629.1,4393.87
2443.35,3403.47
2337.67,2883.41
1741.79,3113.45
4757.63,4949.61
2240.1,1571.75
3884.99,4161.81
1492.14,3757.59
4763.61,4108.87
2029.09,3845.29
1478.6,3762.33
2146.44,3872.11
3508.62,3528.74
1427.35,2772.54
2429.22,3591.46
6267.45,5082.68
3185.93,4994.61
1450.42,3275.98
2034.26,2729.8
4075.31,3982.19
5392.64,5502.17
3864.64,5137.72
2652.7,4103.05
1300.91,1411.89
2230.98,3806.19
1081.95,2873.16
1213.75,2485.93
2884.62,4370.3
2807.56,3034.37
6116.02,5792.62
4358.08,5171.69
2849.89,3512.35
1998.9,3908.08
5373.98,5736.59
5576.53,5654.45
2447.47,3237.67
2179.68,3908.05
1958.07,3455.69
1499.17,3102.71
2525.17,4335.3
1790.28,3439.01
2411.97,3842.86
4026.72,4592.37
3632.12,4835.51
3078.01,5034.3
1833.31,3580.53
2879.09,3856.0
1092.77,2466.89
1065.36,2193.49
3035.56,3493.2
2421.59,3342.55
5950.51,6646.49
2705.58,4689.67
3932.24,4628.03
1105.93,2715.63
1654.2,2955.17
1544.03,2126.29
5023.73,5561.98
5930.37,4443.57
5587.19,6232.14
3981.76,3497.4
4011.72,5077.8
2034.66,2915.58
3924.8,4829.29
3217.11,4375.55
5916.14,6532.91
6488.52,6335.72
3506.19,4830.85
2751.21,3637.26
2584.07,4148.39
5055.5,5299.91
2015.28,3373.77
3772.25,3681.96
2896.83,4390.89
1837.74,3150.45
3904.49,3533.16
2261.99,3815.65
2811.96,3398.71
3935.14,4198.44
4297.05,2436.04
3821.85,5047.04
2652.01,4613.19
1977.77,4628.92
3694.61,4168.89
2016.28,3037.7
3015.0,4877.29
1811.57,2790.17
794.1,2636.01
2985.0,4494.95
1503.81,3256.94
4065.25,5674.64
4164.9,5623.5
2931.06,4438.87
2837.41,3236.41
3367.63,3361.88
1954.94,3060.87
3264.0,2621.85
3665.28,4993.62
2039.84,2537.83
3312.4,3762.86
1545.71,2050.51
2711.37,2952.59
1899.82,2672.74
3126.45,4966.92
2292.49,4111.27
2140.76,3136.59
5008.54,5859.02
2103.52,3962.86
845.54,2182.85
2417.2,3656.65
2911.65,4178.63
1464.3,3006.68
2994.81,3274.47
2868.66,3892.06
5058.83,5914.13
3740.93,4845.86
2471.6,2425.71
1738.9,4049.53
906.06,2474.33
4242.15,4838.23
1925.63,3074.53
2116.94,3952.68
1036.79,1842.72
1615.85,3425.57
3996.74,4501.82
6226.21,5960.08
3985.8,4968.54
3727.89,4249.4
5350.36,5187.07
1212.35,1388.01
3100.9,3217.24
2485.95,3612.48
4391.11,6414.54
1992.05,3643.11
2493.19,4112.59
2002.83,3948.38
3653.8,4648.63
3307.17,4626.07
1807.29,3955.15
3081.5,3434.66
3124.58,4257.61
3441.57,3481.49
1953.25,2360.37
2047.94,3960.73
2436.04,3891.06
2683.6,3076.57
2601.04,2897.59
838.97,2410.45
2447.11,4012.49
2580.5,3014.78
1950.03,2531.34
2203.53,3493.41
3155.38,4478.11
4419.95,5227.8
1962.55,2710.61
2080.18,3518.96
3229.46,3247.31
2883.74,4113.19
955.03,1781.57
3244.46,4310.34
7279.35,4132.75
5911.11,5763.38
3335.47,4276.4
4429.55,4854.35
2463.12,3424.6
2189.78,3530.16
887.2,2687.98
2147.06,2660.92
1921.64,2684.34
3063.44,4290.69
5200.78,5113.72
977.34,2175.06
3832.1,5175.94
1391.95,3048.72
2729.55,3846.5
2203.45,3974.6
2430.5,3367.66
5351.81,5378.08
2191.24,3943.33
2483.71,4468.47
4562.96,4977.58
1451.72,2062.93
2353.58,4009.84
3499.32,4750.15
2884.88,4111.32
4414.58,12295.58
5447.75,5493.38
1639.4,4105.82
2305.42,4631.5
1999.72,3745.03
5009.75,5247.67
2637.59,3387.97
1187.86,2827.96
2571.02,3831.48
1693.17,3081.97
5553.41,5170.79
1473.23,3756.73
3015.75,4868.43
7011.3,6373.67
2300.86,3569.24
3272.88,3654.01
2608.15,3505.31
3607.1,4446.81
3040.62,4162.81
4357.78,2309.99
2590.28,3246.88
4934.71,4631.55
4884.44,4470.2
2630.58,4739.5
2229.24,3898.96
2020.06,3973.85
2102.74,4628.02
1967.05,2990.74
1519.75,3505.27
2761.93,3840.4
1476.94,2148.98
1754.89,3864.24
1557.25,2576.1
2431.74,3257.1
2220.55,1978.32
5103.69,4930.14
5467.95,5963.52
1928.27,3364.86
5522.89,4053.34
4186.59,4446.51
2336.89,3865.5
1605.93,3356.25
2169.74,4211.32
3122.09,3346.01
4877.73,4475.14
2828.6,3226.87
2252.34,3703.15
2641.01,3212.76
2625.66,3521.46
2600.18,3562.84
1064.87,2705.04
2559.81,3910.1
1627.77,3944.55
1449.26,3079.08
4618.93,4714.7
2964.53,4078.74
2925.36,4658.84
4140.14,4943.21
3146.27,4650.58
1480.82,3755.45
3021.08,3504.65
2298.37,3262.01
4013.69,4887.0
7322.8,5558.06
3267.03,4453.86
6276.43,5596.25
4823.49,4655.01
2765.92,3610.58
2278.04,4083.76
2325.57,3444.21
4317.85,4537.69
1918.42,3317.9
3079.54,4197.38
1543.68,3746.33
4734.09,4395.14
2458.32,3225.39
1802.88,3576.54
2375.26,3530.76
4391.91,4341.08
1308.97,2473.72
5444.4,4816.97
5656.83,5703.92
2613.02,3716.06
3558.94,5097.51
2842.56,4572.45
3409.53,4804.17
6199.77,7672.63
7037.64,6304.09
1892.12,3658.4
879.77,1478.99
1469.32,2104.25
3143.73,3692.15
1823.49,4182.89
4051.71,4678.18
3859.4,3809.53
5432.61,6050.9
4328.83,4866.05
2395.72,3774.18
1847.73,3158.28
2689.14,2930.63
1785.77,2973.57
3694.46,4248.59
1030.69,2757.65
5074.58,4631.71
2983.71,3675.08
1166.51,1378.09
4923.97,4729.68
2581.53,3197.15
2741.87,4156.21
1635.96,3874.9
1781.17,2672.3
1317.97,3460.58
3599.4,3285.55
4671.13,4344.26
3117.25,3427.62
3283.19,4677.63
5759.02,5581.52
2083.59,3790.96
1281.71,2588.63
4092.67,5923.73
1547.54,1418.43
5625.34,5649.63
3187.58,3626.63
5580.23,4810.3
1985.09,3029.5
2583.49,3771.42
4104.12,4552.03
6803.35,5330.3
2620.08,3503.98
3410.79,4633.16
1693.39,3858.02
2436.26,3971.9
3999.94,3652.22
5421.67,5424.16
4064.92,5689.55
2396.27,3295.22
1167.0,2799.01
1539.31,2017.35
4820.29,5371.76
2335.83,3195.13
2360.84,3104.74
726.81,2582.82
2739.98,4462.35
4436.38,4410.94
7147.46,5020.41
1719.2,3847.53
1081.63,1777.54
3332.64,3705.13
1866.32,2334.29
3353.75,4692.39
1818.96,3611.05
3177.95,4257.74
2199.28,3855.18
4128.07,4812.4
8615.41,15547.66
1020.07,2648.39
5036.56,4781.79
2638.1,4630.66
2955.45,3297.26
4413.72,5724.18
3614.54,4253.2
3766.9,5796.84
2738.98,4289.92
4834.47,3904.53
3460.79,3944.03
2540.21,3482.71
1772.16,2764.99
1940.29,2873.44
853.74,2740.46
6373.71,19881.74
1328.54,3770.92
2799.63,3912.2
4497.86,5776.61
2981.47,3655.09
4192.82,4779.47
899.88,2187.49
2026.07,3890.74
1797.26,3887.24
2684.78,3690.71
3297.17,4007.35
1883.86,3431.47
2201.05,3090.0
1366.87,3083.89
5030.14,5475.69
5351.24,4554.75
2754.1,4333.43
2961.3,4212.75
2078.97,3671.22
1604.72,3485.83
2166.76,3070.96
2136.96,3347.13
1012.42,2191.7
2961.95,4171.31
3613.44,4376.89
2409.63,2466.73
3728.76,4541.26
4949.01,5142.74
1757.2,2325.64
4152.59,5438.81
3833.1,4615.36
2180.39,3585.52
5262.64,2655.68
1836.97,2510.76
2600.97,4038.73
3796.38,5008.14
2239.63,4182.67
4203.58,4212.13
3208.15,4577.34
2060.39,3721.95
2972.31,3354.45
5501.59,6632.39
1224.8,2673.32
4606.52,4708.89
1792.57,3035.27
5111.47,4262.62
3681.73,4530.28
2251.5,3160.32
5769.03,5167.25
3169.41,4399.24
2844.66,3995.98
1395.86,2294.51
1119.59,2854.02
2408.5,4321.86
1876.68,3519.52
2353.58,2723.17
1744.65,2873.08
1398.57,3016.63
1954.75,2578.78
4768.49,3942.52
3407.07,3511.1
2178.2,3922.65
1510.84,2401.5
3465.77,3797.75
2587.43,3728.16
3311.21,3995.93
4215.9,3581.81
1583.64,3014.46
3072.01,4256.49
2752.01,2479.49
2615.85,3600.57
2228.48,3206.26
2780.04,4719.15
1633.57,2991.04
3185.12,4475.7
1574.28,1483.83
5453.86,4855.02
1892.76,3567.14
1346.77,3062.93
2863.95,4023.99
5679.04,5085.18
4162.13,3858.61
2832.1,4012.77
4656.23,4938.99
2260.3,3975.01
5052.08,5250.15
4271.12,5635.56
3439.45,4017.66
3324.21,4565.0
1626.81,2821.31
3459.77,4824.46
1680.11,2560.2
2764.91,3316.84
1118.73,1997.07
2432.94,3948.75
1748.38,3167.37
2229.04,3137.95
2598.15,3474.79
2931.56,4466.63
4326.1,4479.87
2581.56,3250.49
1319.62,3174.13
1091.11,2855.98
1597.27,3388.23
2075.47,2132.33
1946.67,3665.37
1916.64,3713.43
2450.13,4031.11
3481.8,4158.42
1848.62,2991.72
4279.35,5539.39
1405.61,2450.35
3431.63,4049.45
2836.1,3950.52
1202.23,3081.54
2072.03,3048.9
520.33,1726.28
2221.06,3107.31
2470.77,3451.91
2150.92,2798.71
3848.83,3887.11
1852.66,3271.55
5054.93,4380.0
3448.89,5714.62
4150.38,5106.13
1555.37,3914.98
1354.53,3375.04
2594.31,3555.95
3302.84,5090.52
4900.09,6136.61
3556.81,5089.32
2637.86,3322.22
4177.71,4527.01
4802.15,5306.47
6146.72,4945.69
6101.18,8673.28
4162.16,4275.84
2591.84,4207.94
2179.11,4154.28
3149.5,4441.41
5115.71,5196.34
3090.9,4331.44
1655.9,3470.77
3387.01,4647.85
5104.59,5822.96
6568.91,6106.43
2334.62,3685.58
2732.69,4326.92
2729.37,4366.4
3055.77,4694.17
2795.34,3457.13
4270.56,4249.75
1974.7,3240.89
1901.27,3856.58
3603.8,2809.15
2973.76,4588.86
2117.52,3255.29
2112.39,3113.34
1365.49,2855.99
2249.0,2849.71
2399.69,3459.8
6007.93,6061.83
1932.21,2644.95
1413.96,2600.67
2699.43,3958.53
2897.56,3295.77
1445.66,3313.02
2316.96,3305.41
3167.32,3394.57
4874.0,5634.25
3326.75,6148.48
2671.45,4137.46
3708.88,4269.69
5825.3,5952.52
1271.37,1859.88
2132.36,3029.45
3714.8,4936.32
2495.55,3044.79
1569.35,2948.12
2350.68,4896.99
2445.23,3384.46
8091.88,6076.95
2043.27,3025.8
1125.28,2067.49
7217.37,32011.55
1960.89,3624.59
1023.89,2826.6
6468.06,8224.03
3321.36,3393.65
2642.95,3669.13
5021.22,4704.26
1367.51,2595.95
2181.7,3100.7
3013.59,3674.17
2600.63,3718.52
1563.26,3325.86
2260.82,4756.55
2095.83,3194.54
2782.11,3523.0
3747.81,4596.29
1373.22,3466.43
2708.34,3393.29
2306.65,2353.73
3565.33,4382.34
3652.25,5551.2
635.61,2300.9
3718.35,4564.57
1634.04,3680.07
4685.4,5926.72
5934.08,5452.85
5091.42,5772.64
4025.84,4733.23
2545.99,4209.31
5598.12,5080.7
1728.0,2920.3
2598.8,3189.79
5893.41,6589.96
2036.55,3223.56
1244.29,2332.06
2865.41,3644.95
2533.68,3266.16
5026.15,4893.18
7915.99,5731.47
2320.66,3402.65
2044.11,3185.66
4224.41,4012.55
3527.97,4969.68
2184.17,4700.39
3125.54,4477.0
2115.92,4010.2
4785.31,3735.99
2259.41,3182.2
2133.27,3684.01
2498.08,3980.62
1554.23,1877.56
1981.93,2497.81
944.79,2056.51
2353.59,3657.27
3492.91,4875.73
2106.2,2555.25
1555.25,3072.85
1798.49,3021.62
2843.51,3641.05
1909.22,3366.33
5536.07,4965.52
4843.68,5655.82
5683.05,5689.49
810.79,2597.43
2945.8,4281.96
2387.13,4025.91
4653.42,13893.54
1468.34,3030.98
6770.97,5126.32
1883.79,3096.19
2517.36,5519.03
5971.25,5636.79
4654.58,5227.71
3424.13,4130.81
2321.09,4226.06
4921.47,5690.31
6771.2,6367.98
1849.65,2530.13
983.53,2992.55
1726.69,3083.73
1851.65,3175.67
4477.87,4565.14
3101.66,4225.56
1987.19,4175.36
2415.26,3460.35
3985.9,5334.06
5975.37,5181.87
1230.46,1400.7
4215.28,4461.97
1869.66,3032.82
5595.17,5486.49
2407.95,3830.58
1809.64,3882.91
2428.67,3439.94
6296.5,6240.74
1400.07,3746.72
1789.85,3849.87
1818.64,2809.11
2436.28,3706.95
3000.97,3993.62
3715.23,3945.84
911.78,2636.33
1945.26,3247.68
6560.84,4523.53
2574.14,3889.6
1890.84,2930.9
1362.95,2864.17
4737.22,4966.1
2068.29,3829.93
3729.91,5003.76
4255.64,4765.34
2977.97,3587.8
2147.14,4016.77
2799.95,4584.8
1395.49,1307.11
3705.0,5260.18
3909.74,3770.41
3698.8,3826.28
5846.64,6055.0
2351.8,3611.78
2486.22,3352.2
981.43,3037.85
2219.24,4012.05
6745.44,6324.26
2422.5,3163.51
1916.25,3344.69
4192.29,5341.78
2541.72,3379.08
2287.13,4007.2
1506.29,4616.85
1819.33,3237.6
2632.15,4731.57
2438.91,2628.26
1741.46,3423.33
2063.97,4287.18
1503.41,3802.07
2083.42,2547.79
2160.8,4198.03
4328.19,5648.06
5470.33,5387.11
2307.74,3600.2
3721.5,5039.63
2977.09,3953.2
3181.24,4255.9
1450.64,3225.67
984.04,1736.4
2643.65,3765.72
4488.18,4568.86
3280.73,3370.55
4009.68,4830.64
7998.43,5066.81
2104.99,3411.57
6640.19,5919.18
1591.61,3308.87
3254.58,3686.2
3165.97,3694.2
2858.61,4035.5
2362.06,3942.34
3029.93,3786.88
3580.99,4651.61
1900.95,3498.28
1713.95,3042.54
2158.33,3982.07
4335.02,4938.81
1670.75,3100.22
1708.59,2848.49
3164.07,4783.28
2220.97,3551.19
1845.74,3570.02
2203.57,3100.17
2496.85,2842.36
1865.68,3320.56
4772.02,4426.12
1712.73,3623.09
2301.64,4171.55
1823.98,1968.28
2290.2,3052.63
2983.04,3213.45
2969.19,3893.67
1448.36,2102.95
2834.87,4062.86
1606.05,3659.7
2304.03,3098.68
2743.17,4724.13
2033.36,3036.11
2779.16,4184.14
1910.21,2513.01
3544.29,3970.46
972.83,2878.11
2148.58,3604.51
9213.11,9417.34
4280.78,5623.78
2128.26,3105.8
2503.28,3444.07
1681.08,2643.6
4228.85,4713.61
1971.19,3068.45
1805.54,3279.34
2000.82,3050.76
2884.81,3510.29
1792.12,2534.66
3528.15,3963.66
743.01,1774.46
735.02,2876.95
5709.24,4670.7
2749.39,4173.08
2132.99,3363.99
2059.07,3374.78
2499.48,3581.59
6598.05,6676.76
1297.26,2674.89
748.01,2583.38
2713.86,3987.18
4055.3,4426.72
3770.95,3835.7
4843.31,5084.01
1469.26,3185.79
3955.54,3709.59
3128.96,4065.17
4191.4,5627.68
4552.64,5365.05
4962.76,4896.0
4064.88,5124.75
5558.7,5075.32
2847.89,3215.07
4882.31,5457.64
3417.4,4333.81
1976.71,3681.86
3286.31,4994.63
3789.06,5691.62
4145.5,5251.26
2477.28,4870.85
2557.77,3948.51
3011.08,4003.68
2175.34,3646.49
1852.23,2785.93
1989.24,2767.76
1627.55,3151.29
2099.61,3141.03
1981.24,3293.14
3202.7,3445.54
2306.05,4774.53
5091.37,5405.43
1541.41,1444.22
4452.96,5252.27
1720.15,3103.9
2951.38,4424.89
2842.93,4614.93
3229.86,4372.75
1530.93,3100.57
5372.35,6504.98
3326.51,4173.77
5519.37,10044.12
4535.21,5201.44
4854.46,5950.78
3951.48,3731.85
1346.86,2267.0
870.03,2719.72
3360.02,5142.22
2165.71,3817.79
4950.2,4677.73
2584.19,3392.23
1727.85,1463.64
2584.5,3691.43
1994.0,2132.72
2647.45,4386.1
4913.48,5677.35
1870.43,3643.37
4925.62,4176.82
5780.96,4602.5
6297.56,5672.59
2567.95,4391.67
4153.13,4707.39
3984.49,3704.79
3408.5,5499.59
2165.28,2992.51
2972.94,4692.16
2049.55,2564.6
3355.06,3602.17
1306.76,3513.25
2609.33,2976.91
2736.63,3284.34
977.23,2415.61
901.07,2603.34
5969.35,6794.24
2054.49,3610.31
2353.58,4009.84
4571.63,5346.12
2899.83,5126.64
1726.15,2792.7
1831.49,3225.6
3648.58,4805.2
1095.9,1894.99
3973.61,5718.14
4598.5,4927.81
2526.57,4167.03
2092.18,3582.48
1341.33,1399.14
3422.21,5137.92
2224.1,3449.87
2390.5,2924.75
3289.55,3965.74
2616.33,3366.79
2766.85,3192.94
1178.1,1399.06
2722.35,3257.39
2358.36,3808.34
2357.61,3392.97
2429.83,4074.2
2181.17,3980.77
3861.97,3443.28
3690.88,5102.49
1226.01,1350.81
1734.33,3929.79
1134.34,2638.17
4377.51,5211.48
1772.52,2360.52
3010.25,3792.8
7695.99,6214.97
2661.68,4640.37
7213.0,5203.03
5178.15,5317.24
2132.02,3488.43
3059.21,3673.07
6891.05,5540.05
2012.06,3549.61
2750.26,3825.13
2105.38,3293.02
5652.73,5411.66
3214.92,3591.97
1306.21,3013.66
3150.84,4544.06
3227.89,4476.4
7702.34,5968.95
2430.9,3408.26
3893.49,5214.51
4887.64,5069.01
2878.6,5468.11
1167.52,2927.67
2243.31,3361.53
4342.56,3863.75
4979.07,6113.48
1168.74,2628.76
2206.92,4716.49
2636.45,4105.03
2906.59,4751.49
2230.01,3290.36
4902.51,4988.12
6924.32,5594.92
4192.82,4779.47
3080.81,4315.28
6477.44,5837.42
2077.8,2558.23
2195.36,3124.93
3099.57,4029.89
2100.22,4628.02
5533.88,5813.89
2856.1,3556.68
2720.27,3451.43
1892.93,3861.27
5498.11,5076.54
2437.87,3492.79
1134.63,2406.79
1657.93,1425.72
2291.78,2820.64
3606.39,4584.42
2486.44,2614.96
2192.94,3162.64
5056.57,5691.5
2282.05,3641.23
1485.02,3274.72
4168.68,5296.42
1875.52,2520.95
2780.42,2692.41
889.5,2754.0
2140.3,3072.42
2938.36,4890.43
4142.71,3487.15
3413.06,4386.61
3748.73,4747.69
4849.34,3849.97
5015.53,5743.11
1480.28,2847.98
3721.78,4274.76
1595.15,3346.49
3987.04,4709.15
1541.98,3632.19
7039.34,5858.27
1654.08,2410.73
1849.77,3042.64
2349.59,3677.47
8546.85,6469.87
1971.51,3259.18
5432.96,4567.59
3346.07,4800.94
2020.56,3615.17
5398.08,5202.45
2951.85,3261.47
2439.93,3148.17
5703.35,6559.79
3166.34,4986.27
1653.32,3995.07
1676.58,2525.22
2230.11,2203.53
2590.61,2366.39
1962.54,3136.16
1363.95,3292.3
3957.2,4988.01
1951.06,2588.55
3340.0,4635.64
2949.16,3225.93
4300.74,4589.06
1877.21,4107.24
987.25,3033.6
8294.53,12617.97
1904.96,2413.53
3561.78,4555.01
5043.11,5124.22
1712.6,3217.3
819.59,3098.66
3404.26,3503.63
3360.48,5060.86
3265.57,3664.8
5700.44,5547.7
3169.73,3663.27
770.19,2947.04
5506.56,5505.66
2830.59,4025.26
2326.93,4396.38
1377.83,2859.14
1454.88,2392.2
3798.35,4071.19
1955.6,4173.5
943.2,2482.3
1815.16,2775.07
2777.34,4929.59
3338.78,4576.11
3680.58,4989.37
4405.19,4591.18
2559.96,3698.46
3877.38,5240.37
6753.09,5107.47
1434.84,3137.11
1771.8,3258.56
5727.76,5386.12
4075.99,4640.13
2128.77,2384.19
1608.16,2459.98
1925.93,3348.29
1052.5,3035.59
1917.43,2598.49
1636.77,1925.42
2914.56,3123.88
4291.84,4864.09
2753.16,3216.99
2366.9,3560.14
3382.73,3424.99
2409.65,3716.34
1401.01,1466.66
894.89,1205.18
1887.43,3722.15
513.41,2538.87
1970.74,3948.62
3098.02,3319.1
1706.16,2784.98
2538.09,3298.67
2922.45,4595.36
5811.09,5743.76
1908.65,3217.9
3979.42,4297.27
1525.28,1229.33
2776.05,3583.81
2526.4,3983.58
2551.61,4194.52
1485.61,2214.29
1523.47,2570.25
3019.34,3807.62
2138.42,3135.33
2175.57,2470.31
708.8,2562.83
2869.15,4447.48
3656.59,4932.2
2319.45,3935.93
2727.19,3278.01
2340.55,3324.95
6293.67,5958.61
1448.61,3166.2
6709.4,6347.54
1914.38,3240.46
2369.95,2841.7
2382.52,3068.92
1706.34,2830.86
1812.61,3244.77
4405.0,3702.35
2484.97,3352.79
2208.73,3713.57
1746.69,2613.27
1560.9,2788.11
2228.58,2824.52
3873.18,4752.67
1840.72,3604.09
1731.45,1965.92
2212.25,4249.14
1996.38,3100.22
4043.83,4550.58
3112.48,4007.49
3109.09,4094.22
1447.79,1409.99
3009.35,3339.01
3046.03,4235.04
2676.58,5128.99
1859.34,4236.46
2275.97,2512.47
4322.65,3850.28
2599.59,3391.58
1860.04,3024.73
3872.69,4521.4
2998.35,4226.1
2512.0,3758.83
1522.57,3726.39
4814.93,4644.75
2488.07,3939.04
4060.67,4002.14
3600.81,3834.96
1407.53,3199.57
3031.94,4350.13
844.32,1944.36
2770.14,4419.47
3912.07,3692.02
1744.77,2562.02
1831.96,3639.73
5949.31,5698.49
3804.16,5621.94
4524.79,4425.62
4009.14,4716.54
1770.52,2442.14
3868.76,4171.33
3472.59,3488.67
3583.1,4959.58
6064.39,3831.69
4168.4,4667.6
2772.43,3067.79
1871.28,3087.4
5063.36,5427.16
2103.12,4022.31
2903.23,3710.59
3563.39,4476.89
2310.95,41096.61
987.08,2202.01
4404.2,5227.71
5129.61,12126.85
7244.06,6422.83
2985.51,4233.62
2071.01,3782.11
5448.58,6542.99
2785.82,4239.19
1529.95,3428.44
2443.38,2919.04
2546.85,3989.8
3170.3,4229.74
1965.07,3581.78
1183.39,2162.37
1926.63,3808.85
2989.31,4561.46
3023.8,4168.71
2185.23,3776.13
2546.51,3216.16
1508.86,2140.67
6813.19,6385.71
4252.34,4913.04
2495.15,4237.03
4141.18,5558.84
2824.55,3616.25
3445.92,4423.05
2954.15,3949.18
948.89,2190.3
4678.84,3944.53
1631.58,2747.86
1443.71,2889.41
4074.94,4827.87
2693.49,3315.21
2326.62,3758.75
2733.22,4945.06
3276.1,4047.4
5159.53,4823.59
2652.2,4534.09
1595.69,3031.63
6762.82,5787.21
3520.75,4581.39
6252.09,5847.7
3481.05,4512.84
2094.7,3981.93
2184.78,4179.04
6878.01,9788.38
4449.48,2475.61
1584.45,1935.67
4906.15,3667.85
1606.49,4042.11
3254.06,3349.05
1724.71,3371.59
5630.43,5262.54
1835.54,4064.29
4944.06,4821.2
3403.18,4268.49
2404.81,3729.47
2980.22,3755.03
3907.21,4181.39
3408.91,4907.08
1428.72,1987.52
2377.47,3239.78
2856.64,3593.21
6119.26,5546.13
2073.79,4298.74
3276.87,4323.93
2077.53,4011.33
2135.28,2792.35
3036.71,4986.75
3068.48,3050.34
2648.97,4319.94
1245.25,2356.66
1305.72,1408.32
2604.22,4612.74
2145.97,3339.48
4050.4,5002.1
4697.51,3721.56
1150.23,2768.89
3712.09,17317.65
1772.03,3068.42
3800.7,4896.36
2274.67,3723.5
1047.43,1215.42
3688.14,4667.69
2595.13,3678.53
1843.07,6041.68
2934.54,3934.66
5646.15,4606.97
1640.62,2429.92
6594.4,5694.21
1932.42,1560.9
1497.31,3384.41
3572.48,3662.38
925.05,2433.96
2049.53,3090.39
2144.31,4637.38
1803.83,3161.73
2050.67,3405.42
2373.9,3314.0
2774.93,4629.82
2821.0,4748.76
2006.45,2716.23
2170.14,3137.68
6244.12,6001.09
2881.75,4307.82
1440.0,1810.38
826.87,2749.83
3597.73,4316.92
3772.3,5046.88
2247.72,3008.65
1365.34,2409.9
2987.45,3690.9
3281.89,3329.72
3964.37,4116.28
3222.19,4489.34
3840.23,5122.48
882.47,1867.57
1542.15,3116.55
3324.03,4775.65
9885.56,7136.24
3076.0,3446.98
2488.21,3066.33
1480.7,1458.64
1146.31,2433.37
5773.71,5568.3
4075.64,3731.89
1640.99,2180.8
2028.29,4123.61
2468.53,3258.67
2842.07,4043.87
3236.94,3923.57
1757.15,3125.82
1871.04,3611.72
4725.37,4517.11
849.97,2696.01
2237.25,4656.07
1959.89,2896.32
1754.39,3026.0
3524.21,4139.22
1243.54,1385.8
4539.75,4515.13
1174.41,2852.38
4011.72,4147.88
4641.53,4524.39
4549.32,7642.15
4406.25,5282.47
6688.95,7679.46
6265.69,5758.63
6986.18,6275.47
1764.09,2526.39
2918.36,3022.1
2950.57,4210.25
2653.82,3141.62
2096.23,3867.35
2446.61,3117.36
3177.8,4979.24
2597.76,4059.44
1345.94,3267.56
3053.57,4272.56
1545.32,3103.31
3222.19,4324.39
4800.38,5415.95
3290.55,3596.38
2932.05,3549.81
1858.99,2533.38
1776.4,2796.95
4690.69,3985.98
5525.67,5029.16
1045.28,2939.28
5417.97,5707.23
4157.59,5618.46
2335.61,3888.26
2372.88,3987.46
1375.67,2807.55
3460.28,4530.81
1333.82,1398.09
8223.78,12028.29
2785.16,4357.99
5644.16,5739.87
1446.24,3017.28
2446.77,3825.38
6337.84,5858.57
2130.53,3570.81
4556.51,5609.07
2053.7,3332.76
2483.39,3975.85
1289.65,3225.83
3802.88,4541.24
3236.53,4967.57
2236.06,4126.23
3175.04,4082.51
3100.65,3744.04
5044.67,5859.45
1940.22,3521.87
912.81,2190.65
8241.79,15198.52
1466.12,2123.36
1827.91,2710.85
2735.1,3837.91
5292.25,5025.64
3399.06,5014.86
3814.24,4024.97
2878.82,4160.92
2997.85,4620.82
2511.64,4515.25
5442.05,5398.17
1968.93,2654.93
2980.63,3670.2
3040.74,5051.07
2306.88,4038.04
2414.91,3911.33
1628.18,3282.39
2927.02,4865.39
1828.59,3479.78
4686.01,5461.6
2431.31,3385.12
3423.86,3506.68
2827.36,3865.41
2451.9,4215.02
878.44,2547.84
1273.74,2731.73
4324.98,5105.51
3780.15,3383.78
3252.35,3889.35
3154.95,3998.93
3993.45,5037.81
3037.27,3156.83
1234.08,2734.84
4045.59,3620.81
1757.38,3007.35
3999.77,5514.06
2101.42,4095.56
1844.89,3800.77
1922.42,2535.02
2574.8,4514.55
3538.93,4815.84
1176.34,2850.39
2643.49,4295.84
3967.98,5122.26
2190.71,4285.03
4128.11,5488.78
3092.56,4430.4
1785.02,1692.31
1977.64,3837.7
3469.95,4214.99
2428.11,3776.38
5442.68,4587.98
2600.33,3670.24
1454.5,2666.41
2445.68,3889.26
4129.39,4714.44
4742.45,5289.38
4814.93,4644.75
1740.2,3195.67
2107.76,3569.18
3392.67,3674.89
6146.05,5258.77
2719.93,4336.24
2363.09,3713.27
3205.96,5150.95
2271.96,3539.71
2019.19,3172.33
2823.12,4263.39
6365.23,5592.83
877.81,2700.0
2563.49,4178.93
1635.86,1486.63
1485.9,3292.11
1677.96,3860.65
3858.55,5697.86
6113.1,5392.06
2293.63,2456.1
3344.92,4649.52
1952.81,2626.51
2899.33,3368.52
1788.4,3026.92
2159.6,3659.75
3697.01,5751.24
5835.08,3200.09
1619.17,2931.85
2471.63,4065.01
4280.95,5704.24
6193.22,6635.4
1978.1,3126.97
2574.31,3147.61
3102.87,3923.13
2438.36,4635.18
2351.37,3608.37
2377.25,4011.43
3851.75,5592.61
3055.42,3435.03
2470.77,3451.91
1665.83,2207.56
1756.94,3508.99
3478.04,4807.15
1328.35,2529.32
1216.9,1388.9
2274.08,4056.13
2663.05,4697.47
2034.72,3341.35
1847.68,2604.73
2551.49,3915.51
2536.8,3183.56
2154.06,4081.28
3851.45,4766.34
5493.89,5472.39
2550.92,4103.99
1665.94,2461.73
2373.1,3402.18
1367.78,1441.36
1597.83,3858.21
5610.28,4649.43
2260.23,3299.93
1882.58,3829.38
3354.87,3828.42
1886.81,3354.81
3883.97,3627.56
2554.38,3607.47
1960.64,3345.1
894.05,2185.54
2420.38,4622.75
2482.95,4202.06
1218.79,2702.77
1320.14,2597.11
3896.76,3503.23
2527.54,3349.03
1875.51,3888.96
1285.28,2765.01
1483.16,3472.75
1965.18,3711.06
2705.8,3892.92
4209.3,4744.98
1529.16,2290.66
2973.09,4795.63
2524.01,2689.69
3626.61,7456.49
4194.98,5014.05
2554.65,4709.22
1258.42,1539.94
3580.53,5696.08
2363.28,3939.9
5519.49,4576.6
1436.95,1469.9
2299.18,3739.04
3621.21,5542.91
916.17,2025.29
1039.57,2848.66
2437.19,3437.67
3210.26,4090.97
4234.13,4224.18
1241.7,2126.3
2268.23,3545.12
3626.33,4031.54
1904.96,2413.53
2250.39,3629.23
2171.6,3435.87
1772.77,3569.02
2757.29,3618.8
2610.51,3707.06
3296.74,3490.44
2804.63,4147.9
1316.05,3593.25
2537.55,4616.33
2689.46,4681.46
2211.44,4084.44
2501.34,3497.45
1673.52,2627.21
2592.56,4554.35
1291.69,2756.56
2409.23,3614.07
3252.61,4374.12
903.82,2596.72
3975.7,4731.25
2252.99,3299.82
2570.76,3641.42
1906.88,3113.72
3936.51,3972.65
6380.8,5670.51
2992.59,3721.22
2315.89,4331.75
2698.18,3435.24
2876.15,3997.96
4696.22,5607.47
2411.57,3824.07
1001.21,2183.61
3294.87,3611.84
2846.1,4383.31
4196.32,4363.44
3660.75,4204.36
2792.2,3639.31
2400.31,2851.28
1345.01,1967.52
2560.18,4138.61
2657.67,2606.17
1584.39,2684.16
2559.99,3404.34
932.47,2673.54
2475.36,2875.65
1762.06,2814.73
3013.81,4646.13
4712.99,5707.32
1642.73,2591.03
6188.59,4904.18
3963.16,5051.34
5077.13,5008.52
2598.73,3643.52
4614.31,4953.2
2918.35,4979.48
1316.5,1890.68
2208.37,2575.72
2209.13,3078.75
781.0,2558.9
1615.6,2417.75
1914.62,3747.42
2894.06,3726.29
6000.85,8506.85
2202.12,2318.82
4492.67,15047.4
1960.64,3345.1
2601.77,4136.04
2116.27,2609.7
1978.02,3694.29
3513.88,3702.13
1926.92,2253.6
1040.86,2537.04
3299.54,4076.19
1785.68,3056.32
2226.12,3272.49
4593.19,4221.7
3346.31,4675.65
6330.5,4711.06
2454.12,3681.33
4392.9,5661.76
4224.48,4681.48
4423.89,4645.36
2761.7,2851.8
4551.09,4780.32
4023.54,3614.36
3295.97,4243.45
4930.64,5976.52
3685.3,4957.46
4932.69,5358.98
3188.58,4488.03
2889.73,4073.9
4862.46,5123.58
3055.52,4584.68
3463.35,4894.52
2159.67,3204.94
2916.4,3517.05
3798.45,4302.47
1586.45,3278.5
5456.3,5412.42
4092.42,2656.28
4128.38,4320.25
2116.26,2420.85
1265.71,2697.31
2832.12,3729.43
1541.52,3080.04
5743.61,5897.58
2251.69,4097.99
3420.42,4846.77
2594.65,3210.03
2068.32,3313.1
3386.88,4024.3
5492.08,4422.47
1943.81,3222.39
3887.1,5044.61
5567.21,63374.92
2511.84,4119.02
841.94,2407.62
2047.08,3195.54
1301.22,3068.93
3649.06,4189.55
3678.55,4790.28
2250.32,3105.75
1967.61,3057.88
6174.22,5916.51
2207.89,3550.65
2933.15,4581.16
1248.24,2479.47
1884.5,3841.82
4836.28,4645.14
1360.54,3544.87
2870.85,3219.17
2531.39,3021.44
2042.71,3379.59
2522.55,3190.38
4312.1,5096.91
5892.9,4845.31
2682.3,3119.97
4771.1,5335.41
2622.47,4045.61
767.88,2570.38
2075.74,3824.87
1800.49,3039.55
1577.46,3623.68
5960.42,5754.47
4289.67,4760.28
4378.39,5526.47
1359.87,2822.3
1363.1,1683.81
4786.9,4967.87
5624.55,6221.27
2128.65,4106.47
7290.6,5551.45
2127.24,2653.84
4799.36,5338.82
1304.87,1396.57
962.69,1787.96
1967.9,3433.65
3541.12,4930.53
6399.15,5762.48
1596.91,2264.05
2710.69,3813.23
1994.82,3642.09
1433.52,3721.55
2405.44,3102.55
2112.23,3097.26
3121.62,3468.13
2800.33,4096.27
2832.04,3088.69
2969.08,4214.75
2738.92,3248.82
4326.56,5556.5
2469.55,3069.69
3514.63,3816.67
1573.44,3508.56
3381.79,3697.47
1796.83,2969.6
4155.68,4340.72
2094.15,3158.57
4198.3,4738.73
2004.75,3829.41
4671.89,4643.34
2208.94,3182.2
1951.89,3224.68
2365.77,3681.91
1588.85,3428.49
3299.35,4077.97
3287.17,2874.68
1752.44,2024.02
3807.88,4675.81
2077.8,2125.13
1495.48,2914.98
4043.06,4620.53
5447.99,5751.22
3927.72,3666.96
4452.68,4957.79
4766.37,4672.34
2296.18,3116.87
1941.43,3942.34
6309.07,5496.2
910.53,2658.89
4370.23,4787.3
1929.07,3149.49
4132.17,4967.37
1388.35,3473.06
5748.14,6005.35
1972.55,3138.19
2687.28,4408.27
1983.5,3473.63
5806.24,6581.42
4686.31,4919.89
3301.83,4617.96
2811.91,3856.01
3238.88,3607.51
2244.93,3126.52
4865.35,5612.7
2916.2,4702.78
2099.69,2926.2
2428.34,1863.88
5211.0,5791.48
2435.03,4146.42
3073.71,3182.61
4323.52,4604.01
3148.94,4462.95
2155.64,4087.32
2233.57,3369.9
2285.88,3065.76
1312.54,2308.23
2490.32,4129.64
2521.11,3534.45
4623.55,4939.62
3002.11,4223.89
1714.2,2839.68
2013.16,3192.55
3563.05,3928.29
2739.22,3226.31
3271.99,4667.32
2651.2,3139.86
2317.27,4327.15
1181.66,2856.59
2435.27,4103.4
2684.66,3178.68
1961.69,2122.47
2246.02,3575.38
4624.29,5809.78
6554.74,5001.03
1649.61,3303.22
2809.92,4673.15
2218.77,3400.84
1949.26,3629.15
1553.19,2384.21
1845.32,2881.06
3667.67,3910.48
2570.62,2865.13
2597.5,4009.9
1832.06,2190.27
2462.56,3533.71
601.21,2497.19
2635.21,3425.88
1813.64,3420.35
3906.49,4907.46
4158.51,2217.52
4224.11,4484.37
1451.15,2642.4
3671.45,3532.74
4307.0,3702.96
1649.61,1393.27
2632.43,3851.7
4298.01,4748.99
7465.06,9571.53
4887.52,5251.37
1726.39,3903.15
2442.54,3769.15
3318.11,3691.37
1916.0,3147.81
2682.4,3192.99
2468.61,3266.64
3143.12,3914.88
1626.77,2853.79
2351.44,3238.18
1109.26,1802.11
2426.13,3916.42
2741.27,3673.71
1870.43,4109.6
2888.27,4222.24
1391.89,1999.8
2318.88,4101.88
3424.42,5241.79
3752.3,5108.25
1202.48,1398.73
2102.36,3836.61
3957.35,4814.85
2081.8,3137.58
3686.64,3290.06
2345.52,3764.95
3037.98,4679.0
4374.22,5127.59
1748.29,3028.0
2194.34,3192.63
2536.88,3377.49
1947.34,2452.9
2321.26,4013.43
2692.65,4029.49
2574.59,3605.96
5115.03,4646.48
3576.6,4020.58
2106.1,4008.78
1795.09,3403.85
1582.7,3079.78
7338.38,5742.02
2457.95,3453.57
3701.53,5081.31
2518.76,4070.01
2029.23,3274.73
2507.61,3291.77
2203.57,3100.17
4414.7,4677.68
4318.85,4115.46
761.94,1567.93
3533.5,4864.79
1619.07,2016.57
2718.42,4021.84
1892.65,2159.93
1939.04,2960.47
1685.54,4180.86
5006.88,5311.69
2212.6,4016.69
2900.42,3799.62
2236.56,3995.13
2841.66,3825.74
5174.29,4726.86
933.19,1908.97
1459.73,3246.72
914.46,2587.55
1149.38,3015.9
1249.26,2356.08
2312.17,4690.61
8615.41,14641.85
5511.74,6545.32
3442.37,3504.85
2737.89,4481.7
2193.77,2424.22
1495.91,3374.84
1736.61,2177.75
3015.87,2789.95
3809.88,5533.67
2963.07,2760.36
2523.19,3376.07
3158.86,3727.06
2774.39,4101.05
4180.05,4618.87
3453.51,4209.02
3620.5,4491.41
1475.71,3090.53
2153.4,3877.57
2845.36,4379.61
2679.05,3999.55
3504.6,4898.5
6569.74,5587.91
4540.5,4877.47
2549.48,4656.4
1937.99,3181.47
2644.3,3462.09
3883.64,4624.69
2135.92,2970.27
4378.62,4683.3
2593.17,3386.35
4321.92,4797.19
1306.46,2963.19
2950.53,3033.72
4425.15,5102.24
3875.86,5138.09
1394.18,2576.3
1072.75,3039.67
3768.17,5611.85
2697.81,4117.22
1397.88,3328.99
4274.5,4242.98
917.22,2659.64
1233.67,2098.7
2607.28,4636.16
2906.64,4284.82
1377.37,2043.91
1857.32,3560.1
2496.41,3681.77
2105.57,3526.91
2030.01,2539.61
1198.25,2831.84
3666.33,3217.9
4554.82,4431.29
2127.39,4645.25
4079.13,5284.69
1719.62,2895.77
6593.75,6087.53
1681.15,3429.32
2718.67,3694.66
2738.6,4318.8
2152.33,2376.74
1881.3,3304.43
1074.55,2148.53
2021.75,2329.96
4909.84,5067.88
1881.49,2196.53
4742.71,5184.94
1834.82,3973.37
1684.66,2456.19
2990.21,3578.96
1486.07,2560.59
761.05,2987.04
2937.02,4167.55
3657.23,2104.69
6662.68,8924.5
7064.46,5537.65
4240.12,4936.53
1768.74,2167.35
1000.26,1799.27
5057.59,6217.21
3252.22,3729.88
2043.26,4017.06
3123.46,4681.36
4201.63,5488.77
2220.75,3147.35
4415.8,5691.85
2845.75,5535.64
2568.09,3853.36
1696.75,3240.6
2244.69,4029.46
1197.21,2255.94
3163.23,4986.37
4373.92,5152.02
3208.86,3675.79
2416.48,3218.62
1304.98,1998.62
2011.16,3498.27
1192.73,1933.9
5295.93,4964.91
5280.95,5718.73
1605.96,2284.32
1891.31,3287.96
1931.36,3468.78
3313.45,4614.76
3498.48,4568.87
4544.25,4847.24
5114.03,5438.67
2509.74,3242.04
2271.67,4848.22
3831.46,3899.9
2201.34,3170.73
3925.01,4030.6
2001.23,2648.08
2595.99,3061.67
871.84,2353.24
2652.78,3126.05
1634.34,3865.33
2666.15,4122.86
6118.53,9775.23
3007.95,2592.89
4843.24,5354.38
3335.83,3868.64
3749.94,3977.75
3430.0,4129.96
2840.36,3696.19
3242.8,5151.99
4698.87,4826.66
4166.32,5162.95
2406.29,3257.86
2840.23,4281.27
3173.08,4924.2
2363.48,3890.87
3581.7,4040.8
1936.86,2979.17
2346.33,3151.88
1481.39,3212.42
3304.0,3637.64
2322.06,2511.37
1551.2,2768.77
1670.65,1456.21
6110.47,5446.89
3365.77,3799.47
4115.91,4648.75
2258.8,3578.87
2316.91,3872.24
3936.95,5708.49
3595.64,4874.35
3006.29,4138.14
1781.38,3546.2
2069.86,3344.14
4320.4,5047.21
3917.8,4076.01
2620.41,3708.59
1583.4,3158.49
5177.82,5127.7
5037.16,5307.37
2627.69,3813.47
2023.24,2563.61
4337.94,4225.74
2238.05,3069.56
2072.74,4664.38
3182.52,4997.26
3761.46,5797.29
1892.75,3828.91
3038.11,4435.82
2128.37,2825.04
2558.5,3491.69
2903.78,3125.43
1918.3,3317.91
2751.93,4464.04
1979.04,4003.52
2374.35,3469.7
1293.41,3029.95
1495.86,3382.79
2656.09,3260.86
1496.96,3416.76
1254.23,2701.34
835.87,2390.55
2901.83,3485.01
4199.38,5634.89
6490.32,6022.64
2745.9,3208.97
1902.69,2889.95
2438.22,3759.46
3210.64,3857.37
1379.51,2118.49
1020.07,2648.39
4240.69,4783.61
2317.23,3898.77
1267.04,3229.56
2315.31,3243.44
1760.48,2144.88
5665.35,5228.56
2242.97,3356.89
2354.27,3938.98
3396.98,3693.65
1195.41,2319.23
1612.83,2862.77
3367.9,3960.45
3645.67,4390.84
6883.94,6321.65
5114.57,5757.75
1920.45,2882.59
2025.51,4014.76
2063.33,3060.51
2462.97,3188.5
3360.44,3856.63
3500.03,4543.6
1920.31,4131.74
5114.44,4818.97
2174.84,3529.69
1275.05,2019.44
1916.18,3495.85
4138.82,4777.62
5324.55,5065.78
2479.66,4610.75
4996.39,3890.58
3906.0,4691.59
2058.31,3364.52
3110.54,4162.66
5077.13,5331.79
2148.87,4629.41
3075.27,5184.11
2764.25,3183.44
2082.51,3546.09
4858.06,4212.2
7545.19,6262.19
2507.09,4027.89
2628.31,4152.26
2938.49,4446.79
3136.05,4848.66
2163.88,4608.11
1411.71,2719.18
1498.63,3357.1
1515.9,3111.55
3354.78,3859.28
2738.1,3868.97
2848.98,3606.94
2428.3,4018.37
1089.06,1995.72
4380.67,4239.87
4302.14,4952.54
1585.16,2018.09
2749.76,4125.54
4956.75,5527.37
3504.9,4989.23
2657.03,4542.47
5747.11,4501.03
1196.66,1376.5
2166.09,2774.44
2965.43,4375.89
3093.83,3317.61
2143.69,3352.67
1594.23,3168.51
2467.63,2267.21
1988.27,4687.97
2731.29,4664.07
1376.67,1992.72
2224.4,3736.57
2806.77,4159.3
2451.6,2711.55
2002.31,3738.15
5331.2,5553.82
1762.18,3145.9
2326.64,3385.19
5443.22,5792.95
1109.49,2859.86
1925.33,2635.6
1538.62,2437.85
2093.47,3463.22
2701.53,3899.88
2050.78,3547.72
1630.18,3286.45
2122.74,4251.04
2580.45,3591.15
3001.28,3591.38
3246.13,3761.06
3746.23,3625.99
1455.63,3290.52
2106.79,3150.23
724.46,2571.58
2276.46,3447.61
3168.02,4769.24
3558.27,5595.03
1825.91,3187.7
1958.19,3204.77
3820.43,4546.06
1285.13,2484.42
2148.9,3849.07
1535.72,3561.22
2010.19,4204.79
2252.7,3063.49
5133.78,7096.08
5577.93,4515.6
2248.59,3832.56
3508.46,3158.81
2616.82,4664.99
4546.49,4730.9
1173.72,1713.22
6364.02,5326.06
1911.26,4083.13
2780.85,4071.05
780.12,2072.81
3261.04,4516.43
6174.98,5290.39
5129.92,5057.24
1224.91,1395.99
3651.08,4335.85
3184.96,4276.58
2511.78,3923.6
1096.71,1310.03
2585.21,3799.03
2109.39,3064.76
1255.3,2203.01
2964.61,3488.06
5225.07,7429.49
2222.33,3749.3
1737.93,3337.01
2478.08,4063.88
2905.61,3392.81
2600.32,4285.33
2650.43,4731.53
2396.64,2833.48
5677.7,5721.11
6931.7,6348.49
4221.72,5850.77
2079.09,2912.35
2804.42,4727.88
3643.94,4582.41
3005.65,3907.93
4427.62,3623.27
2889.84,4074.96
1943.49,2864.34
3482.1,8224.85
1623.63,3327.84
3795.88,17094.39
1650.35,3000.47
3537.03,2455.53
1550.71,3736.32
6577.0,6078.35
2660.97,4667.05
2712.11,4320.71
3225.44,2527.14
2229.21,3418.99
3835.38,5770.47
2417.08,3958.56
1269.59,2791.6
3910.93,4491.89
2838.36,3392.86
4969.48,4567.37
2003.14,5484.79
823.51,2651.75
1638.39,2672.39
4954.66,5709.89
3008.16,4039.78
2136.05,3119.22
2327.04,4585.35
1317.29,2951.63
1509.29,2789.33
2763.72,4258.75
3663.36,4786.14
5060.9,4668.51
1056.22,2632.32
1481.96,3635.75
3705.47,4585.32
1996.6,3620.18
3651.81,3656.08
2299.45,2706.71
2460.31,4621.39
2776.81,3527.96
2771.97,4640.21
3345.77,3897.25
3971.39,4759.45
2280.15,3945.87
4833.11,5283.69
1985.95,3842.71
3102.87,3923.13
1914.38,3288.99
4255.82,4207.36
2263.75,3249.5
3374.26,4338.59
8270.29,5073.0
5952.83,5416.96
1429.43,2750.88
2159.54,4216.62
1906.24,4121.13
2178.86,3097.97
3647.86,4801.81
2474.22,4144.72
5562.83,5604.33
5407.85,5105.05
8872.24,14960.24
1651.41,3122.66
1451.94,2846.54
1160.53,2816.82
2051.6,3104.55
6344.95,15171.12
2721.41,5089.12
1949.35,4122.46
2646.31,4184.3
3970.11,4529.28
4868.12,5454.32
2944.63,3829.81
5513.09,4645.53
3655.48,4629.99
2915.08,3707.62
2320.32,3806.04
2263.21,4048.89
1874.68,3125.58
1568.38,3551.98
2980.47,4034.37
1447.91,2873.83
2313.22,3810.55
2087.62,3218.2
3031.01,3479.54
1375.32,1813.88
2017.68,3327.98
4783.27,2249.19
6480.33,8391.18
1375.53,3025.82
2955.95,4456.74
4721.9,4421.16
2635.64,3720.6
3714.52,4934.9
3211.06,3635.48
2161.95,3150.02
2631.65,4143.17
1458.19,1441.18
3898.72,3998.15
2456.66,3239.19
4098.8,3471.88
5232.45,6069.19
3655.6,4890.87
1545.18,2096.29
2122.03,3064.9
1727.81,3506.92
4861.53,5462.87
3536.86,3954.21
2625.33,3335.97
1888.6,2999.56
2172.82,2974.37
4023.13,3957.13
3502.51,4049.38
3160.42,3779.89
1002.07,2282.19
5893.42,4793.0
3899.93,4183.73
789.78,2665.46
2432.7,3818.04
3161.39,2683.88
5176.73,5869.36
2884.73,3959.32
1017.23,1806.03
3521.95,4140.13
3331.89,4334.61
5624.08,4907.14
2193.48,3967.87
1180.5,2743.92
6761.14,5531.66
2834.5,3603.67
2475.67,3377.03
2904.2,3377.15
3688.05,4774.13
3599.07,4455.39
2359.18,3225.46
6179.2,5568.3
2879.24,3835.9
4282.32,4151.73
763.0,2570.0
1842.47,2221.79
990.8,3056.84
2860.97,3771.48
1503.14,2025.62
1864.57,2789.52
3777.42,4650.81
3718.84,3724.66
2463.76,3753.35
2735.41,3321.08
1537.11,2508.35
3329.93,4987.18
1375.24,1380.05
4763.26,5929.19
4302.23,5928.55
2142.41,2514.62
3021.81,3833.42
2187.93,3574.0
963.44,2988.95
2516.83,3274.95
2217.56,3855.43
1482.33,2002.76
1897.57,3645.82
3485.75,4926.36
1255.14,2495.84
2721.57,3958.31
1101.23,2733.0
3986.56,5691.3
2532.0,4622.2
2498.83,2330.37
4552.01,4568.24
2970.24,3286.52
1857.85,2267.16
4714.91,4927.28
1890.2,2651.67
5100.02,5803.82
6771.67,5420.58
1880.35,2821.13
1870.11,4513.71
3777.89,3788.51
2648.82,3829.1
1568.53,3835.87
2714.83,3972.69
3750.52,5550.25
2131.67,4240.43
3981.11,5566.98
2317.24,4485.42
1635.84,3142.99
4684.14,3950.64
3450.35,3303.14
2265.38,3359.32
2378.2,4847.92
2423.67,3840.1
1936.51,3742.35
3102.87,4662.93
2163.58,2528.97
2183.09,3788.08
6606.84,6679.36
8732.44,6160.69
2915.98,3872.77
7463.79,6279.28
1178.43,2787.0
2350.39,3554.54
1574.48,3536.62
1204.29,1802.2
2985.32,3891.51
4468.94,4589.61
2219.06,3712.78
2529.32,3763.25
3099.08,4995.2
6370.45,5611.19
2791.42,4167.87
862.76,2606.86
4093.81,4379.69
2014.01,3681.2
2303.39,4039.96
759.39,2467.21
4644.2,4468.14
3922.62,4705.56
2280.77,3351.91
1657.97,3062.48
3219.6,4227.66
2275.52,3537.82
6563.17,5392.43
5395.6,6093.02
1345.12,2206.71
2338.14,3661.77
3286.55,4339.97
1998.48,3672.13
1991.32,1569.54
5673.22,5570.31
1417.12,2844.08
1204.7,1387.69
3010.23,4086.31
2585.89,4636.1
1841.96,3040.85
1823.23,2472.25
3452.36,3760.67
3349.07,4835.85
2032.29,2651.6
4237.6,4403.46
2339.74,3338.76
3273.76,5676.27
4531.16,4585.36
2850.65,3835.04
3916.66,3802.78
2717.22,3149.85
2744.64,3818.24
3171.2,3731.77
1770.86,3012.47
6449.2,5703.65
5089.38,5097.45
2422.5,3053.42
3646.51,5568.46
3079.55,4477.66
5177.92,4731.21
4169.76,5131.95
2715.66,3638.17
1281.47,3239.48
5714.49,9127.64
4169.76,5131.95
1782.62,3415.04
1519.49,3059.14
2286.56,4671.77
2308.46,4202.48
2529.3,3779.89
2425.65,3455.87
3154.49,4172.5
4379.52,5313.36
3157.11,4942.55
2514.87,2951.25
2640.43,3777.37
1649.21,2864.13
2724.12,4012.39
1806.75,3013.15
3072.67,3593.46
5366.44,5811.83
1732.55,2783.68
3060.91,4445.28
3597.48,4837.4
1480.72,2008.25
1754.17,3493.06
2730.42,3227.86
2715.39,3334.63
4797.23,5659.34
1736.26,3839.53
2332.43,1905.32
6018.0,5399.75
2329.52,4775.18
4043.71,5092.27
2887.85,4896.89
3493.65,4565.49
2726.28,3539.92
3558.57,4390.58
1383.18,1930.16
3591.01,4952.37
1931.56,3673.5
3708.17,4864.48
4759.68,5076.01
2908.44,3554.87
6445.05,6329.49
2807.66,3357.34
5179.03,4847.36
3433.33,4311.92
4388.63,4807.68
2218.77,3693.17
2174.42,3574.01
1278.8,1466.1
1379.56,1219.58
3284.29,3058.01
3647.97,4504.15
1490.63,3764.73
3508.61,4117.01
2057.31,4755.9
3210.64,3857.37
1438.89,3849.16
1782.84,3484.79
2315.82,3974.42
3078.5,3661.56
4154.37,4328.24
4019.09,3572.73
851.88,2697.09
1900.66,2439.82
6509.0,6896.66
2457.44,4172.42
2570.16,3252.45
1267.36,1391.11
1428.83,3258.22
3345.78,4383.35
3496.61,4020.57
7181.95,8157.04
7239.83,15902.06
2933.39,3755.78
2852.1,4572.24
1980.04,4010.35
2147.3,3548.85
2889.84,4074.96
1756.92,3313.92
2189.14,4230.66
3722.96,4449.2
3389.05,4872.97
2163.82,3959.05
863.88,2571.4
2112.59,4591.58
3427.31,4580.23
2940.09,4369.04
5657.21,16106.96
2055.36,3639.12
2795.98,3411.43
1459.9,3725.69
4610.11,6689.52
3982.05,4949.5
3082.45,4334.71
2191.89,3979.06
1985.87,4057.08
2788.04,2622.16
2516.85,4056.11
4650.29,4869.29
2877.0,3878.03
3159.63,4729.37
1974.31,3698.92
5811.17,5064.21
3964.04,4565.13
8135.35,5709.89
2212.02,3461.34
2440.86,4243.46
3378.75,3309.44
1284.43,3415.23
1931.01,4595.93
2030.37,2808.36
4625.65,5219.9
3189.23,4021.71
1943.9,3604.91
1845.79,3153.05
4123.0,3810.28
4926.71,3864.21
3489.89,4902.43
1999.99,2739.7
2369.1,2046.39
2593.64,2813.51
5523.1,5222.45
3493.28,4827.72
3172.9,4577.02
2596.06,3263.59
3184.26,4728.02
3227.67,4312.54
3783.27,4303.42
5558.02,4883.36
3920.98,4488.16
2726.73,4415.96
3547.97,4223.49
2368.09,3197.2
3593.2,4581.2
3014.84,4852.31
3030.02,3857.87
817.99,2378.19
3017.72,4124.7
2451.0,2338.42
5442.0,5021.04
2224.61,3379.93
1473.31,2805.81
988.66,2610.12
2122.82,3616.95
1758.2,3110.26
1698.16,3265.88
3819.86,4509.89
5412.52,6223.82
3169.21,3537.82
4037.71,5654.98
3989.22,3928.54
4315.44,5807.82
2599.72,4367.34
2713.87,3282.14
2144.22,3666.27
3432.41,4108.71
2441.71,3141.88
4799.59,4864.58
2236.26,4100.54
3620.64,4176.62
2220.54,3089.58
2929.44,4484.58
2227.36,4152.87
6766.82,5877.64
3257.71,5119.79
1340.84,2622.81
1626.68,3713.88
2250.55,3308.86
2230.2,2866.49
3068.02,4091.72
3655.3,4590.45
2247.92,3275.25
1624.72,4044.17
2730.71,3626.62
2234.4,3789.62
2540.04,4384.35
3282.88,4437.79
7040.4,6598.48
998.7,1831.56
1587.03,2384.9
2335.72,3207.68
3108.86,3073.19
1024.11,2200.43
2094.64,3840.17
3408.18,4091.8
2820.37,3877.34
1783.86,3001.91
2348.49,3676.82
1451.94,2846.54
2611.02,3464.94
4985.37,6146.99
2105.07,3226.77
2111.65,4007.66
1306.83,2711.01
2596.54,3533.76
3460.2,4750.65
1861.07,3807.0
2220.92,3084.41
3263.16,3818.69
2520.8,3751.01
3027.27,3533.41
2039.73,2701.37
3185.27,4354.74
5360.19,5458.06
5740.27,4397.93
2742.85,4075.46
4311.44,4995.49
3938.5,3991.75
5037.78,5482.4
4334.41,4331.56
4637.44,4915.5
2277.52,3345.19
1563.4,2054.89
3785.49,4841.8
2078.94,4662.97
1054.91,2468.0
2059.9,2685.9
2523.3,4166.02
2402.6,3296.85
3409.83,4740.22
2307.72,3969.22
5253.5,5840.82
2789.5,3632.45
2555.4,2951.05
1533.92,2522.18
2261.76,3300.35
2127.81,2201.57
4136.15,3487.15
1087.19,1764.88
3947.22,5700.01
1081.54,2669.62
3059.01,3871.74
7519.62,5999.5
4675.02,4241.0
4466.0,4945.57
1448.36,2102.95
1969.05,2775.13
2677.1,4152.09
4397.93,5112.02
2802.37,3858.28
3099.93,4357.34
3668.48,4746.48
2468.49,3164.63
5407.19,6224.27
2413.56,4379.11
3055.2,4908.85
3361.12,3514.02
3286.09,3840.73
2915.01,4008.5
1933.19,3757.3
6582.33,5485.02
2380.16,3732.65
3326.02,5102.42
10441.2,6585.6
3531.08,4099.97
4298.01,4748.99
6139.66,4468.99
3724.79,4627.51
4527.14,4750.04
2996.34,4709.07
3046.56,3639.87
2751.82,2791.58
2248.92,3918.37
3506.19,4830.85
963.44,2988.95
3101.95,3864.17
1993.74,3079.94
4434.13,4277.55
3988.83,4102.74
3014.21,4388.73
3088.78,4531.78
1288.1,2806.14
2905.47,5860.91
3769.85,4341.75
2782.81,4066.16
1708.25,2228.75
1618.14,2140.63
3447.9,3924.14
2089.86,3064.36
2164.79,2864.93
3136.6,4565.66
1917.39,3714.43
2217.46,4266.89
2378.85,4717.89
1608.62,3105.19
4886.74,4075.65
5627.8,5417.1
4325.92,4981.54
2379.73,3274.28
2040.85,2754.08
1499.19,2525.46
3521.14,5246.68
5533.27,6416.55
4327.03,5055.97
1459.22,2543.26
2827.97,3651.81
3382.54,3115.59
3643.81,3554.16
3529.91,5236.0
3532.88,5113.78
1780.86,3448.85
4111.01,4811.0
3267.43,3715.86
1732.33,2646.17
4131.94,4707.07
6902.79,5687.47
5633.15,5426.45
5035.94,5352.37
2113.84,3527.13
2422.85,3897.59
2024.62,2965.65
7145.48,6157.33
2484.09,4342.87
2343.49,3767.61
3496.27,4830.87
1648.91,3851.71
3840.22,3803.13
2683.68,3870.37
1669.78,3397.25
4979.66,4290.97
3089.7,3916.44
3931.71,5695.77
2482.66,4603.21
4136.94,5247.15
4888.83,4896.31
2148.61,2173.68
1437.27,1952.1
2960.67,4664.61
2564.24,3200.91
3977.51,5112.61
4254.89,5626.09
1823.63,3194.52
1766.76,4256.13
1721.94,3362.48
2429.72,3689.39
2166.93,3434.82
10263.9,6643.26
1893.43,3842.54
2021.55,3205.75
2874.91,3390.59
2857.57,4392.88
3441.56,4628.42
2162.75,3425.68
2920.12,3815.16
7398.59,6267.72
3210.11,3573.08
1342.12,2812.98
2597.67,4044.23
2700.99,3618.15
1308.19,1396.99
2014.59,3837.69
3958.55,5068.78
1932.69,2395.45
2308.57,3088.8
2430.46,4949.03
1614.44,3771.39
3140.34,3760.65
6551.67,6385.31
3102.87,3674.94
2623.5,3000.72
2191.24,2633.04
6066.72,5770.82
1951.3,3181.17
875.79,1780.76
1794.97,3225.23
1951.84,4765.72
2506.76,3126.1
3306.29,3089.59
3992.21,2818.6
2495.67,3685.55
2442.15,4108.68
2958.74,2463.48
5753.9,5565.13
3468.77,3779.74
2077.1,2408.89
4247.57,4164.49
3127.27,3992.12
3814.94,5047.54
1132.29,1924.18
2481.56,3630.6
1734.93,3362.63
1696.17,3691.33
4094.98,4878.89
3160.47,3716.86
1916.96,4059.18
1812.05,3693.63
2547.01,3984.23
1904.52,2573.31
5422.19,4545.68
5017.25,5567.92
2425.62,3175.91
3855.4,4547.41
1501.77,2352.0
1736.66,3402.33
2619.02,4341.09
2170.51,3482.15
2634.38,3476.83
1844.74,1486.18
2477.37,3824.83
3274.32,3904.34
4422.99,5456.47
1359.89,1863.1
3952.76,4729.59
1212.05,3192.05
1896.72,3029.11
2107.13,2568.07
5202.22,5205.85
3333.4,2913.4
3226.16,4889.07
2352.93,3722.52
3096.77,3470.09
3388.38,4046.73
3189.58,4024.94
2964.07,3358.76
2886.97,3057.11
2867.88,3898.62
2718.53,3137.13
2977.92,4683.47
2303.23,3265.9
2303.67,4005.94
5324.38,4790.42
4623.95,4973.44
1975.97,3706.66
2050.16,2821.29
1476.69,2584.68
1536.47,3583.02
1941.58,3025.11
3504.02,4818.35
1527.81,2940.17
2456.61,3643.43
4807.1,5082.11
5093.86,5314.65
2689.63,4303.33
3785.65,5102.64
1936.68,3197.01
4206.32,4719.94
3912.74,3227.25
1633.03,3112.1
5127.82,4454.05
2637.51,4108.18
3529.09,3650.08
1637.75,2820.25
2914.57,3716.8
3018.13,5192.23
2766.82,4171.37
2948.18,3421.66
3783.58,4573.79
7441.39,4463.7
2643.34,3650.98
4108.98,4949.94
1965.09,2544.52
1195.93,2934.83
1585.11,2665.85
3636.56,2620.46
1231.95,1440.92
2046.17,3415.82
1279.82,2652.72
5368.24,3448.88
2120.81,2956.65
2776.1,4633.51
2112.94,3682.02
2976.83,4521.07
836.2,2897.83
2922.78,4697.77
2665.95,4007.55
1369.85,2891.5
1655.04,1969.19
2863.74,3482.42
4745.03,4851.05
4704.55,5329.91
1387.51,2299.87
3116.84,3266.23
3461.2,3721.49
3751.01,4899.68
3528.67,4076.05
2419.16,4153.45
2029.97,3413.01
1112.08,2860.27
2945.12,3595.67
4100.33,4687.25
1950.66,3575.61
6614.16,5888.31
4970.87,4879.52
1388.89,3364.06
3481.69,4693.82
1509.37,2599.16
2431.09,3589.32
3509.63,4514.03
3618.5,4413.55
1910.59,3051.35
3860.76,3716.59
2323.37,3215.49
2676.64,3083.94
5064.79,5873.42
1920.06,2361.08
2436.77,4555.96
5369.54,4933.41
2605.12,3414.83
2380.58,2753.49
3275.29,4561.76
2380.38,4042.28
2213.37,3260.54
4480.55,4713.76
2621.5,3005.3
2734.19,4794.29
1314.17,2344.16
6489.47,5719.42
3877.76,5173.1
1886.99,2801.29
4836.71,4285.43
1644.8,2488.23
2418.73,4042.56
1921.7,2682.22
2567.34,3583.71
2650.86,3217.16
3975.7,3822.23
2810.06,4046.54
983.02,1137.39
1221.4,1404.15
2211.01,3159.22
1344.58,2662.9
4095.39,4777.23
4713.81,4976.44
4246.23,4934.07
2206.11,3218.85
1137.57,3162.84
7391.81,8201.27
5671.08,5694.04
2333.06,3232.31
1441.24,2398.75
4257.83,5568.44
1436.88,1431.08
1702.05,2423.79
2070.73,2764.15
7868.96,18054.22
1253.7,2891.2
1385.28,3103.37
4234.77,4825.49
3478.28,3509.73
1999.7,3235.71
3653.45,4934.76
2178.4,3572.78
2127.38,3972.5
2065.57,4083.45
2220.19,3212.55
1988.17,4092.28
1673.03,2725.58
955.78,3035.87
1075.37,2691.85
2475.02,3676.34
2621.01,4074.68
1699.75,3029.03
967.96,2912.38
3093.84,5133.58
5564.51,5776.95
3284.44,5074.49
2109.4,4014.75
3100.11,4591.39
3165.03,4878.93
2166.71,4033.67
1346.71,2388.61
4917.78,4546.4
1699.88,2246.87
3014.75,4688.21
3864.56,4801.2
4709.83,4764.51
5913.14,4904.32
1055.81,2859.97
1341.8,2482.17
4782.83,4367.58
1694.16,3665.77
2828.02,3883.94
3557.21,2376.94
2409.73,3321.73
6591.33,5543.8
5708.46,6231.52
2547.48,4288.1
1653.49,3763.36
4437.06,4791.79
3589.48,3783.46
4472.18,4447.67
1950.54,2803.83
3208.67,4740.22
2231.36,3156.11
2483.45,4173.06
5122.38,5363.69
2604.88,4156.82
3450.34,4250.53
6290.09,5763.49
2979.72,4148.88
3184.21,2561.7
4122.35,2698.77
2701.73,3476.2
2922.27,3978.08
2065.79,3969.08
2389.98,3109.08
934.67,2753.65
1438.9,2944.7
2963.86,3442.41
4927.55,5112.38
2665.97,3528.74
3825.25,4312.41
1601.25,3089.19
5726.87,5501.13
1528.09,3534.93
3113.26,3962.0
5643.77,60249.36
1679.16,3085.82
2422.16,3997.14
5792.01,4912.98
4640.1,4706.2
3183.0,3926.45
2715.55,3027.45
2139.84,3083.71
1134.19,2689.86
1738.79,3501.61
2933.9,3560.59
4724.37,4794.52
6025.83,5405.83
1533.19,2825.2
2705.82,3037.23
2543.57,3834.38
2256.76,4699.53
6608.83,5823.08
2581.27,3527.11
4179.89,4549.88
1552.1,3754.82
1533.05,2837.32
5414.72,6220.49
2916.72,4269.61
2434.6,4142.82
4944.17,5137.96
1470.96,3015.56
1741.05,3264.6
5296.94,3470.62
2903.1,2036.85
1699.33,3800.13
2031.89,4220.87
1476.31,2971.43
2155.17,4202.94
5760.9,5289.63
4235.04,3764.4
3036.36,3279.02
1780.8,2857.2
1890.58,3462.28
2392.79,3432.41
1398.9,1245.95
3559.42,3843.54
1716.59,3402.66
6749.76,5747.88
2916.89,3541.33
2110.53,3516.88
2484.07,4145.43
1027.51,2770.05
4945.36,5067.72
3341.64,3735.0
2960.32,3493.08
3034.39,4154.18
1951.89,3224.68
5676.41,4918.42
7560.03,17478.18
4596.38,5129.29
2031.13,3703.57
3998.64,5184.38
2473.07,4141.32
5228.09,4359.85
3841.72,4806.49
2174.27,3796.22
3301.02,4986.64
1148.29,1781.85
2904.57,3042.54
2279.56,2839.88
4324.69,4121.78
950.26,2315.02
1666.86,3476.21
4086.06,3799.65
3331.8,4581.82
1950.48,3195.05
5005.32,5468.28
1964.9,3373.37
2371.64,2871.29
7207.69,5630.24
1429.46,3164.63
2598.61,2831.32
5308.1,4559.95
2386.86,4103.87
1915.77,3774.34
2632.29,3692.87
3658.32,4729.7
1656.99,2512.43
4167.42,4726.78
4930.45,4786.97
4917.17,4962.22
2238.24,4177.29
6420.99,5542.78
5238.21,4170.14
1999.69,2103.69
1457.97,3353.98
3782.74,4805.17
4528.99,5094.64
2150.89,4775.4
755.93,2563.53
2057.49,3834.22
2577.75,3968.63
2140.6,3712.46
3707.71,4762.18
2824.59,3279.71
3369.06,3635.99
2390.13,4610.52
2716.19,3388.32
4082.19,4411.14
3328.4,3693.25
3312.0,4793.01
1882.23,3337.18
6344.9,5500.82
1164.65,3102.79
1110.65,3534.75
3722.42,3230.34
1663.13,3910.05
1618.54,2566.59
1615.82,3264.77
2198.69,3290.17
4447.51,5126.37
3070.52,3959.01
1590.02,2840.57
1231.61,2102.06
1253.7,2891.2
2258.71,4192.9
2499.39,3848.55
3265.61,5101.43
1329.75,2403.57
1975.42,3079.9
1916.27,2950.57
1282.72,1257.64
3009.82,4745.33
6821.55,5693.07
1625.73,3286.13
1918.58,3167.1
4652.91,5149.15
7204.68,4464.19
1849.74,3738.74
3095.13,4178.33
3565.75,5555.6
7183.42,6340.82
1874.65,4073.37
1475.06,3278.29
1803.66,3845.3
6209.28,6154.14
2360.84,3104.74
1244.61,1387.1
4332.49,5092.79
4925.59,5268.14
2159.5,2592.07
3428.19,5216.15
2940.04,4637.69
1264.07,2333.73
3380.26,3886.33
2942.95,3762.74
2252.94,3859.75
2158.89,4009.03
3189.38,3844.3
3334.96,3903.68
3521.28,5412.3
2618.4,3193.79
4398.32,5994.56
4253.3,6180.33
5071.95,4710.19
4047.62,5613.65
1983.63,1919.74
1487.55,2683.76
940.93,2599.8
1561.58,2727.1
6303.51,5265.72
4137.02,5602.34
1525.61,3567.56
2370.23,3325.12
1747.5,3245.37
5194.19,5303.48
2399.28,3676.52
3056.87,4145.58
2927.2,3632.22
3432.41,4057.64
3391.91,3936.5
2287.73,4038.2
3652.13,4796.51
3328.11,3525.99
1560.99,1842.26
3413.29,5263.66
2360.56,3852.32
3299.13,5184.11
2084.15,4732.72
1892.99,3086.6
1764.87,2973.61
2432.83,3137.93
2641.23,3647.6
4037.21,4639.13
3821.3,3638.66
1936.75,2461.73
1862.38,2249.55
4905.53,4954.61
3582.72,4058.95
3667.06,4743.54
4838.73,4408.83
1888.6,2999.56
6560.31,5991.94
2259.52,4249.61
2669.18,3845.39
4056.27,4347.86
2644.68,4069.18
3472.83,4332.99
1197.0,2714.16
1809.41,2319.92
3325.23,4140.61
1441.98,3328.11
924.41,2774.6
3034.06,3059.5
944.33,2588.63
7792.36,8128.49
983.57,2193.57
2170.7,3862.43
2613.45,3257.81
2571.85,3017.32
2307.77,4208.59
1642.18,2683.88
2639.18,4132.2
4950.53,4555.78
2384.76,3822.45
1927.44,3530.99
6266.31,4235.18
1748.0,3015.12
3136.79,2957.93
3254.17,3706.75
2253.12,3674.16
5554.28,5587.17
3126.43,3695.58
7182.17,5599.04
3876.91,4455.14
2585.39,4672.06
4968.74,5570.47
2268.04,3232.42
5073.74,5068.01
1525.38,3008.93
7264.03,6327.07
3184.72,4444.04
3265.33,4695.3
2538.59,4111.83
3460.3,4802.78
8105.4,5240.6
4056.35,5053.44
2323.02,3903.2
4223.24,3635.5
3173.33,3315.52
2526.94,4792.21
2201.05,3090.0
3707.82,4581.97
1169.98,1387.86
2897.29,3210.97
1897.31,4618.15
1508.24,3068.87
2419.03,3926.44
6746.25,5586.25
1935.04,3100.39
4561.04,5097.41
3539.62,4945.05
3324.77,4470.71
2091.18,3313.06
5632.95,5465.62
1175.88,2056.29
2166.75,3913.92
2525.33,4616.07
5843.36,4566.18
577.8,2476.15
2679.83,3007.38
2620.35,3922.98
1848.75,4051.75
2394.92,3437.28
1786.64,3041.98
10282.1,5945.53
1451.39,3021.02
1930.87,3905.44
4544.44,4982.31
2758.19,4358.85
2455.09,4096.9
1049.9,2518.89
3964.65,4464.68
4879.32,5264.66
2614.57,3416.81
1576.16,3082.91
2639.22,4155.82
2216.61,2730.72
4510.28,5529.62
6766.05,5512.73
3022.56,3718.46
1884.57,2606.08
5461.43,5360.73
3503.4,3917.45
2749.32,4140.17
2802.91,3401.95
2399.07,3145.78
2806.67,3225.22
2730.59,4169.74
1821.2,3825.88
3981.77,4696.98
2677.1,4152.09
3400.22,4388.11
3331.56,4842.26
6281.02,5945.45
2214.76,2806.48
4596.39,5359.06
3686.2,4667.21
1378.35,3121.35
1475.83,2035.09
5516.11,4572.34
1582.19,2441.97
5040.72,4904.5
3383.79,4684.39
1964.34,3084.5
5236.04,6251.95
1882.96,3205.47
2270.33,3730.78
2351.89,2548.42
1792.79,3237.44
2603.56,3375.73
1152.09,3101.63
1718.02,2779.87
4232.16,4853.55
2026.51,3071.98
7206.24,17276.74
2671.76,3922.59
2706.66,4039.28
2281.85,4200.96
4402.18,5029.84
2260.05,2804.39
2629.86,4666.95
2805.68,2303.6
3177.24,4880.17
2257.33,4182.74
6974.96,4695.15
2154.25,3091.8
5770.57,5713.24
2918.09,4034.13
3652.65,4793.95
1198.31,1388.01
6846.58,5550.24
2904.45,4558.54
2355.98,4796.91
2169.8,3104.86
3289.96,3853.62
1879.2,3452.13
4810.65,4923.53
2229.03,3008.09
5056.41,5103.12
2058.5,2571.68
1340.21,2572.4
1474.21,1933.2
2637.56,4131.95
3208.17,3759.96
4076.31,3919.1
1855.64,3507.07
4256.59,4812.17
2950.13,4416.45
3803.45,3792.53
1929.75,3160.25
7493.14,4986.28
2605.71,3145.6
2413.57,2747.38
3122.99,3868.06
1020.7,2590.88
1089.06,1995.72
3074.44,3912.46
1137.71,1408.74
2792.87,4620.43
4427.14,5642.71
2997.38,4837.33
1489.81,2588.36
1363.54,2987.68
3088.0,3302.52
4480.5,4538.13
3513.26,4245.0
6781.19,5428.26
5471.57,5602.01
1290.6,3182.12
3783.15,4555.98
4132.75,4139.05
886.31,1749.82
5027.1,5131.28
1440.71,2107.36
4192.91,4216.68
2888.56,3965.28
2289.36,2741.39
5494.44,4623.71
5727.66,4959.33
5449.58,6673.63
2272.14,3528.07
3261.64,3642.02
2384.09,3138.0
3954.91,5602.09
3360.68,3861.62
1920.29,2969.96
1456.24,2571.63
1203.07,1400.66
5776.71,4629.02
4393.41,6634.88
3548.13,3803.73
2846.14,3586.37
1905.55,3390.17
5891.91,4442.16
2623.51,3551.36
5709.06,5147.01
1051.51,3108.3
2322.83,3291.99
3629.03,5050.93
1145.91,2670.97
1452.86,2975.8
2274.08,4056.13
2320.45,3258.69
2266.9,3264.48
1225.19,2642.54
1590.86,3051.96
3205.96,4580.41
2758.34,4306.3
2795.31,3901.15
2297.87,3001.06
7825.92,12214.71
4060.45,4772.95
2864.35,2928.12
3646.21,4360.9
2547.2,4664.24
2519.46,3888.13
2784.26,4430.72
2122.13,2724.62
3450.59,4108.31
4138.22,5621.22
1647.22,3843.17
3547.46,4559.1
1568.57,2551.24
4481.83,3553.06
1710.25,3217.67
948.99,2377.04
1353.27,2766.63
3402.88,4046.91
2129.8,2703.37
4431.47,5910.38
2683.02,4755.29
1361.9,2458.74
6565.21,11990.74
4217.92,5566.39
1859.81,3873.77
5567.8,5353.68
3343.97,3865.85
2382.49,4288.58
3418.07,4782.56
4845.39,5591.76
1343.5,3196.37
2059.91,3359.31
5714.72,5512.85
3126.51,4712.59
2494.65,4313.2
2583.23,4737.8
5048.9,6190.42
3805.86,3929.02
3886.04,3602.94
1829.23,1545.68
3091.62,4463.7
3056.34,3607.49
6753.02,5751.9
2133.54,4279.6
4011.96,4784.96
1866.05,2445.8
1861.65,2235.78
3760.24,3858.81
3080.41,3980.62
3023.36,3474.47
4328.2,4470.0
2413.86,3537.92
1629.69,3695.97
3862.22,5262.11
3299.36,4095.94
8022.77,6786.1
2276.55,2781.16
2294.08,2587.78
5171.7,4368.05
807.54,2582.01
3265.99,3937.82
4986.89,4886.78
1521.57,1840.39
2682.46,2303.61
1462.18,3480.64
2770.99,4281.98
3216.56,4905.23
5941.38,5684.31
1894.5,2664.54
1948.81,2711.85
2109.33,2930.73
1835.0,1962.69
3268.02,3747.5
2526.39,2806.91
3951.26,4486.61
7250.26,5941.88
1301.82,2755.12
2597.5,4009.9
1512.25,2348.19
1399.05,1507.17
2727.43,2912.16
3016.98,4109.78
3034.87,4736.03
945.16,1770.89
3404.56,4472.78
3438.87,4663.9
2444.48,4655.74
1725.3,3413.96
4196.13,4868.79
3990.46,4610.18
3353.32,4238.05
976.24,2191.6
5356.51,5589.99
2488.16,3073.6
1358.91,3132.05
5484.52,5776.73
1945.49,2669.7
1915.97,2538.16
1639.95,3441.74
2852.1,4455.94
2591.59,3066.95
1835.56,2833.75
1053.23,3034.98
1694.07,2892.49
4285.31,5114.97
3164.26,4991.7
4466.37,4472.39
6661.18,5050.83
5532.75,4752.41
2165.44,3970.04
2347.39,3237.84
1377.3,2019.19
2536.82,3751.22
4047.87,5024.51
2528.71,3040.51
2008.42,3281.37
3974.45,4563.81
1552.34,2897.62
5034.99,4873.64
2015.06,2686.46
6451.46,6669.32
5152.42,4717.8
2814.69,4089.14
3150.61,4782.35
3478.97,4043.76
2830.43,4372.85
2546.9,3315.94
2648.55,3412.78
1798.61,3532.79
2313.42,4070.35
4879.17,5040.21
2434.02,4912.54
1433.38,2197.23
3946.29,3630.76
3476.1,3095.83
2508.74,4114.1
2696.17,4199.64
3835.36,3754.39
2266.58,3595.15
4341.49,4217.94
2429.9,4107.75
2313.78,3532.8
1670.88,3352.52
1342.69,1444.59
2242.09,3360.36
2148.1,3344.1
2829.63,4189.2
1431.08,3263.04
2922.33,4243.11
3932.51,4455.77
1566.53,3357.81
2674.49,3027.9
1608.65,2684.11
2186.34,3608.01
3748.1,3134.06
1843.25,3052.52
2517.02,4003.39
1992.44,2418.47
3109.8,4562.25
2167.94,2554.08
4848.97,4593.12
859.3,2684.34
4746.21,5073.69
3152.77,2187.91
3651.94,3981.57
4010.32,4814.63
2213.21,3769.39
2257.18,2306.04
4651.43,4345.36
5051.21,4362.33
3894.01,5706.35
3362.64,4795.8
3919.73,3829.1
2937.74,3285.34
1744.69,3489.51
2941.14,4223.41
2604.75,3631.56
2728.45,3753.61
2087.87,3999.38
5285.75,5718.6
3072.72,4821.98
2546.97,3212.43
3893.74,4878.73
2526.22,3124.78
1896.49,2844.19
3371.16,4112.8
1728.37,4047.93
2783.42,3546.83
2296.36,2344.99
5322.36,4773.25
6236.59,5631.96
4050.08,3387.88
939.1,2963.75
2372.24,3549.36
2963.61,3786.6
1702.57,3534.99
2423.66,4368.16
5587.64,5649.31
2811.67,3554.17
5223.63,5035.47
1703.97,3721.55
2779.64,3601.02
2195.03,3630.63
4663.77,5399.39
5281.45,5277.01
1273.77,2520.04
1767.48,2877.22
3488.23,3702.96
4061.58,3342.16
1744.84,2988.8
1265.8,1847.22
3382.0,3774.22
2085.73,3799.63
1479.44,1941.05
3815.41,5700.13
2081.62,2963.57
4555.0,4841.18
3166.95,4840.16
1455.76,1927.54
2812.51,4189.65
4067.65,5531.21
3746.65,4566.8
2166.34,3909.19
1675.67,2923.93
1456.51,3090.41
1736.06,2793.53
1573.24,2606.8
3896.15,3788.81
4846.42,5265.76
2182.31,2991.28
2893.7,4688.25
2475.67,3377.03
4748.82,5706.35
4335.34,3765.53
4540.05,4144.69
1377.43,3811.09
1513.34,3791.35
3220.29,4980.12
3037.26,3531.99
1982.65,4236.58
1059.44,1775.3
957.73,1910.92
1851.28,3400.83
1790.21,2728.85
5907.18,5675.07
2732.55,3383.82
2225.97,3044.49
5602.19,5156.22
1772.33,3849.42
2645.62,3274.13
6378.16,5476.33
2400.58,3233.52
2594.98,4357.65
1618.3,3065.55
2095.92,3977.09
5858.84,4662.06
5547.63,6073.89
6526.83,5501.68
1693.01,4044.77
1700.52,2773.81
1133.77,2850.27
1383.35,2894.82
3997.97,4647.8
4567.86,4898.79
2044.44,2738.74
2804.06,3807.84
3394.75,4009.98
3537.06,4749.09
3090.16,4541.11
2590.97,3638.07
3279.76,5441.32
3238.97,4020.86
3248.95,3864.79
2442.38,2265.45
2713.41,3710.51
1782.55,3041.84
3048.12,3356.69
1228.02,1390.21
1863.41,2642.24
5398.28,4532.03
4747.4,5308.98
751.4,2561.02
3269.23,4728.36
2911.21,3581.7
1877.54,2677.5
5060.08,13612.43
2621.46,2286.3
5233.75,5037.31
2262.73,3850.21
5560.32,5361.63
4298.5,5383.98
1163.99,2931.88
2396.02,4265.7
3795.15,4585.2
3165.07,4100.53
3240.89,4768.3
2825.98,3703.8
2975.0,4118.13
2679.86,3742.28
6310.08,5776.42
3212.87,3922.98
2089.43,3099.92
1811.43,2317.53
3469.9,3851.43
2222.2,3641.44
1873.19,3462.76
2977.77,4711.3
1480.24,1638.22
5458.16,4080.32
3610.58,3706.18
5096.71,5218.77
2814.07,3456.38
3786.97,4881.33
1305.33,3181.54
1897.3,3046.57
2799.23,3966.19
2422.81,3983.79
3746.4,3493.92
2745.46,3394.3
2457.82,4709.85
3101.44,3356.54
2217.07,3076.08
4245.21,4529.59
5056.72,4473.74
1982.25,3425.53
3541.42,4508.83
6225.96,5546.33
1938.78,3627.22
2112.83,3384.08
3362.64,4795.8
2337.4,3433.58
2450.87,3759.6
1247.26,2882.83
4040.69,4714.14
4694.76,5317.76
2659.7,3033.06
2959.09,4076.06
2771.9,3361.83
5309.96,5362.09
2211.44,3963.56
3745.56,5107.49
5556.61,6562.45
4333.37,5108.14
5383.03,4272.7
3689.76,4596.5
978.69,2654.6
2732.45,4107.57
2186.06,3728.0
1577.3,2021.43
2050.27,3847.1
3170.55,4381.81
1932.04,3200.29
3608.64,4550.82
1330.1,2897.62
1957.28,3993.65
1023.18,3039.61
2767.19,3461.21
1190.44,1368.79
2107.87,3070.11
2496.11,4147.18
1907.44,3945.41
3366.79,4837.23
2817.02,3843.32
1918.35,2715.49
2823.65,3816.41
1066.22,2784.99
3089.71,4804.38
1850.6,2351.03
1354.76,2515.38
3874.24,4301.87
1449.15,2520.3
3221.79,4486.98
2544.92,3270.39
3674.03,3619.5
2181.01,2510.78
3114.69,4512.12
3276.21,4336.49
2559.39,4162.43
3933.26,5695.16
5172.28,6331.67
4898.91,4179.11
3562.16,4767.04
3745.7,3788.73
5458.76,5783.2
2003.54,3744.6
5232.06,5364.89
3086.5,4446.68
3664.56,4762.89
2499.38,4936.62
3848.53,4403.55
4018.71,4765.18
6329.88,5459.0
3257.78,4048.94
3145.59,4287.75
1396.01,2631.84
2140.81,3058.05
1694.56,3793.12
7746.23,5556.17
1895.42,3488.18
3007.39,3647.08
1991.33,2875.98
2715.94,3296.35
3051.68,4639.74
1053.98,2653.26
2118.53,3763.13
6227.92,6614.51
2386.04,3252.54
2623.25,4278.83
5219.52,4260.41
1609.8,2649.64
5216.17,5367.4
6248.2,5615.29
3532.88,5306.13
1732.9,3437.79
3219.38,4405.14
3893.88,4693.39
9152.27,11723.24
1725.32,3024.01
5581.73,6224.04
4360.16,5048.92
1254.92,1405.94
4192.12,4354.73
2016.3,2671.87
2241.45,4210.92
3772.45,5203.31
5798.61,4787.57
2149.49,3781.5
5350.79,3658.24
6664.05,5508.93
1116.81,2874.4
1656.12,3453.46
2262.46,4061.02
5684.67,5111.11
4603.0,4338.2
1871.14,2718.58
1454.28,1555.5
2778.13,3903.4
1524.61,3033.4
2047.14,3213.76
2667.92,3374.34
2974.39,3919.45
3304.65,3724.41
1342.8,2618.07
2450.35,3243.81
3678.09,9268.27
4692.86,4801.77
1246.34,2799.03
2288.14,3247.87
3623.67,5045.86
1633.66,2889.89
2137.86,3329.52
4028.09,3945.53
1769.95,2605.65
4550.55,4516.55
2152.15,3593.17
3795.97,3686.13
2403.11,3557.81
2060.02,3528.32
2015.38,3020.14
1989.3,3963.67
1604.76,3495.07
3909.27,5575.52
4749.54,5316.08
4532.68,4760.95
3654.23,3750.31
1298.74,2666.72
5625.25,5560.03
2426.41,3905.93
3973.43,3887.68
1154.52,2416.73
1737.02,3393.36
2823.7,4173.07
2997.57,4498.12
2483.85,3974.56
3667.65,3544.34
1995.27,3212.7
2317.19,3103.35
1465.88,3016.6
2575.05,4196.23
2376.63,2862.03
2632.28,2195.72
3617.03,4970.3
2351.04,3274.62
6139.23,6637.12
2104.89,3505.95
7934.74,4862.1
3462.93,4319.34
2222.17,4228.32
3879.59,4588.51
2196.92,4945.84
5556.73,6229.66
1925.27,3193.58
2897.4,4390.64
3100.07,3855.35
4619.55,4989.08
2623.66,4233.37
1769.01,3267.04
5001.18,5386.62
1557.53,2147.74
1354.76,2515.38
3112.19,4047.49
2207.9,3574.01
3652.48,46427.71
1005.27,2977.77
4423.34,5279.07
7657.18,8020.85
1188.62,2383.4
8165.14,6134.27
3647.97,4504.15
3700.81,4139.88
1202.82,1951.5
6051.09,5968.8
2072.49,3482.53
2223.39,4073.44
5913.68,6647.17
1603.48,2846.48
2684.01,3633.02
4674.4,4952.85
2303.8,3997.36
1603.36,3070.71
3028.05,4142.31
2074.08,4025.59
3690.79,5193.49
4490.46,5567.96
2086.3,3646.6
2490.06,4092.33
3986.74,4413.56
3015.41,2774.98
1182.88,2715.53
4402.5,5202.88
5466.45,5331.74
2126.21,3062.26
1241.48,1350.13
2985.0,4494.95
3227.52,4001.61
3727.38,4321.61
2893.29,4046.68
2967.79,3625.63
1712.97,3359.89
2108.99,4621.2
2729.52,3943.11
1484.68,3950.43
2127.05,3885.8
3244.74,4379.86
5159.46,6470.35
2274.18,3739.21
2611.69,3552.33
2944.63,3829.81
3360.59,3798.4
3015.82,3678.54
3930.43,4006.34
4178.34,5665.15
8129.26,5828.74
2777.36,3411.1
1936.99,2446.88
2485.26,3512.71
4574.93,5222.78
4002.26,4683.63
10651.4,6491.95
1986.72,3326.38
1861.17,3426.41
3748.09,4191.6
1267.89,2435.36
3377.47,3553.67
1908.29,3347.89
5900.54,6099.24
2111.07,3127.53
2367.57,3461.69
2277.41,3113.12
2131.87,2611.9
2887.18,3417.47
5046.9,4879.04
2225.76,3561.14
1412.83,3159.7
7299.2,5577.52
1844.72,2532.87
2153.2,3795.5
1860.3,3086.52
4306.46,9592.65
2320.05,3436.32
5843.63,6396.48
2609.47,3848.91
2456.82,3658.38
5412.38,5790.42
2609.35,3964.18
2214.03,3502.83
4992.25,5762.45
2492.12,3480.76
3038.17,4142.2
2540.53,3835.46
1480.54,3346.04
1101.6,1369.39
2222.65,2214.61
3256.55,3488.0
3783.33,4993.5
1276.71,3311.93
2050.48,3054.37
2497.06,3194.96
2804.63,4147.9
1928.68,3208.88
4547.75,4736.83
2211.48,3656.29
3662.81,4109.01
1632.53,2650.77
2715.84,4544.81
2370.43,3612.15
4718.91,4988.81
1309.8,3349.55
1634.94,3277.89
2172.33,3126.1
2185.62,3611.65
3350.29,3548.27
4996.33,5659.43
4669.1,4877.6
2379.4,3727.93
3166.58,3980.93
3173.54,4429.09
2705.21,3406.65
3613.9,4916.2
1025.02,2848.41
3734.76,3869.11
3517.29,4409.65
1694.91,3258.21
1717.46,2381.41
1081.66,2781.4
964.79,3052.7
3091.6,4481.75
4574.48,5259.15
1663.8,3051.45
1149.51,2883.51
1448.1,3348.13
4968.63,5248.13
2548.75,3116.73
1910.89,2863.88
2134.79,3183.42
1920.75,3616.86
3712.76,3722.77
1231.92,1395.07
2977.3,5149.86
1984.81,3350.01
1624.94,4034.5
2561.35,4080.2
4007.26,3710.78
5181.14,5817.6
4804.42,4835.87
1814.51,3178.09
1726.49,3749.28
1333.95,3057.07
2295.17,3372.12
1886.8,3366.46
6503.23,5455.49
1635.94,2408.79
1248.92,1790.78
1419.4,3563.32
1836.67,2362.31
2651.06,3637.47
2691.43,3073.74
2774.45,3187.55
2752.05,4673.23
5401.29,5443.27
5922.44,5341.1
2215.41,3111.36
4142.33,4056.78
2393.54,3304.78
1484.77,2480.84
5059.66,5145.81
2964.62,4064.95
1398.16,3026.87
3473.25,4259.79
2358.16,4100.4
2757.18,3329.49
1518.2,2250.09
2164.15,3163.64
4815.63,5338.56
4029.82,6862.73
4425.71,5241.37
1834.06,2995.73
1866.32,2334.29
1339.57,2210.89
3044.02,3977.12
1382.47,3005.73
2464.29,3214.72
3442.51,4579.28
4910.97,4627.47
3308.18,4760.82
2483.59,2851.44
3292.34,3861.08
2407.55,4545.0
2344.81,3288.42
2092.39,3130.48
3254.01,4698.07
2307.29,3746.81
2213.16,3088.72
2068.9,3075.22
2619.81,5499.02
1667.6,3175.2
4891.05,5319.08
2713.94,3255.57
1316.98,1400.29
3207.06,4068.69
6458.68,6297.92
1570.87,3053.14
1840.5,3513.24
4534.66,4763.34
4094.44,3942.34
4502.41,4973.52
2330.92,3327.15
7542.5,10660.29
6280.37,6288.66
3068.72,3816.77
2245.05,3095.08
2087.92,3053.07
2512.19,3641.65
2245.47,3159.53
2053.54,2046.16
2138.14,3081.71
3136.07,3309.88
1320.69,3294.02
2042.72,3365.49
2456.67,3025.79
4709.4,3959.59
5637.38,5012.25
6121.84,5795.28
7709.59,5969.54
1936.74,3167.49
3279.53,3845.12
2375.15,3830.04
1945.54,3096.39
2885.41,4025.71
3940.37,4486.45
2413.22,2508.14
2072.31,2552.16
3061.21,4067.27
1528.52,2740.47
4323.01,5601.98
1192.87,2799.9
2665.35,3885.29
2011.89,3101.65
2933.95,3411.13
2025.28,3166.5
1620.43,2191.99
2215.86,5515.15
2434.0,3567.98
2799.04,4366.75
6986.18,6275.47
3951.67,4278.57
1317.65,2633.2
1871.36,3136.4
2381.96,3667.63
2156.41,4221.14
6079.34,6228.56
3929.16,5539.03
2273.88,4065.22
3739.9,5077.11
1317.32,1913.54
4052.17,4884.69
2541.84,4420.58
3598.58,4488.5
5749.76,4265.3
2280.12,3865.89
2601.23,3873.44
4600.9,4521.7
5253.41,5615.23
1784.03,3051.25
2973.39,4311.12
3544.9,5025.5
3027.45,3818.37
2148.22,4777.64
3492.17,3934.37
1773.66,3131.1
4826.2,5339.67
8064.71,18030.86
5076.19,5337.63
2646.68,3981.74
5007.44,5320.62
2444.57,4139.25
2189.78,4220.04
1783.73,2619.7
4002.14,5445.85
2225.0,2878.61
1567.45,2952.19
2050.83,2507.07
2285.54,2739.34
7531.31,5326.17
3989.5,4534.29
1639.61,3301.26
1925.48,3138.06
4430.8,4446.47
2573.99,3467.75
2287.45,3420.18
2112.79,2035.46
2584.0,3615.49
4578.43,4340.83
2288.56,3717.93
3147.14,3750.21
2353.01,3568.62
3881.41,5445.96
1603.63,3753.19
2005.39,2588.35
2745.3,4158.95
5359.28,5073.65
3798.27,4218.71
1189.94,2627.99
2378.35,3303.63
6248.27,5612.72
2608.26,3404.87
2985.53,3313.02
1920.17,2978.32
2531.9,3954.54
2525.3,3291.78
3330.0,4588.65
2706.85,4793.21
1926.25,3027.9
3332.64,3705.13
1827.06,3657.34
3154.04,2456.2
1850.15,3132.25
2336.14,4592.18
3078.17,3904.64
2803.56,3447.93
4296.74,4445.14
2161.0,3937.39
1563.91,2017.01
1014.47,2614.22
5800.15,5549.79
2513.07,4137.69
7359.74,6270.46
6067.48,5697.41
1746.69,3700.36
1487.08,2452.43
1663.06,3437.74
1822.67,3023.39
2960.34,3624.39
2087.12,3973.39
1979.66,3884.18
1333.18,2630.29
3631.91,5210.7
1770.12,3184.25
2399.4,4350.57
2800.76,4137.85
3582.0,5012.13
1864.51,2846.99
1665.02,3234.87
4190.83,4089.43
1847.35,3551.49
1756.98,2271.82
2259.65,3963.96
2351.08,4594.52
3032.36,3643.54
2754.74,3090.36
2143.5,3696.24
2732.63,3494.21
2949.37,3964.34
1844.5,3392.08
3799.54,4088.64
6766.67,6365.07
4609.49,4949.87
1669.85,3496.19
8348.55,5698.55
2476.37,3927.96
2520.86,2904.45
1839.19,3144.06
5595.03,5595.23
1085.41,2976.42
3907.85,5668.96
3412.26,4187.08
2370.2,3464.11
6580.8,4927.14
2204.06,3277.67
1476.86,4613.23
2423.03,2874.19
2342.71,3215.39
1437.32,3164.23
4268.67,4368.29
2431.09,3493.37
2517.67,3161.09
7083.42,5744.85
4323.54,3857.51
3245.5,3564.45
1188.86,2833.93
10085.9,7261.56
3927.29,3650.8
4306.26,5111.18
1272.5,2128.79
2058.42,3119.41
3622.68,3482.4
3457.18,3947.86
3383.1,4835.53
2538.88,3270.2
2117.51,3748.3
2068.84,3348.11
3136.51,4217.78
2722.0,4133.8
2063.78,4303.18
1877.29,3176.66
1753.35,3496.9
957.96,2664.41
3570.69,3832.67
3576.9,4595.96
5719.25,4862.69
2602.18,3849.22
5997.7,5576.5
2826.27,4008.11
2729.55,3846.5
3132.37,4044.18
2208.89,2696.56
2277.72,2413.82
6446.15,6267.71
5178.27,3617.6
2046.66,2771.7
4693.97,4930.46
2181.19,2658.75
2232.16,4367.5
1872.8,3535.32
889.5,2754.0
5158.11,4946.74
1981.79,3906.32
2540.74,4617.47
2536.63,3844.18
5969.45,5463.94
2366.78,4858.16
2191.23,4167.8
4249.82,14846.72
2438.77,2836.18
2966.51,4076.18
3278.91,4687.03
2969.81,4093.05
1698.16,3199.33
2788.76,2684.41
2187.78,3873.32
3484.69,4869.82
1475.8,2901.03
2373.4,3113.19
2145.52,4034.59
3138.38,3791.25
2339.63,3351.61
4586.4,4527.72
2936.01,3382.05
2173.46,3079.35
5611.71,4817.49
2036.1,2590.22
2180.84,3758.54
2757.7,3280.26
3836.72,4361.42
3296.1,3280.5
1302.01,3063.5
2110.6,3535.23
3780.43,4737.1
1448.56,2148.43
2953.96,3820.63
3965.33,4609.43
2367.15,3500.75
1406.71,3564.24
836.19,1688.63
3117.73,4046.15
1917.21,2619.15
3022.09,2731.84
6757.24,5544.47
4642.52,4110.65
1424.2,3795.39
3525.94,5219.62
3591.29,5576.21
2263.17,3885.24
1752.05,3157.22
2613.99,3945.75
2672.41,3366.58
1858.59,2563.9
2306.42,3121.41
1399.21,2420.04
808.85,2772.61
3364.85,3300.82
3598.32,4627.96
4148.62,4838.25
7710.67,6891.46
1716.88,3706.85
2342.91,2405.09
2311.72,3284.71
2140.42,3473.04
3204.49,4989.14
4127.32,4138.93
1599.5,3233.45
1283.27,2462.47
2011.59,2570.79
3520.9,4168.67
3160.22,4110.57
3241.3,4584.54
2046.94,3611.66
1535.21,2045.75
5378.4,6216.87
2821.76,4721.18
2889.11,4096.4
3514.73,4329.58
4655.92,5261.06
3355.36,4607.82
1044.75,2656.88
5804.02,5654.13
2213.47,3102.0
2130.89,3385.86
4843.99,6361.77
1671.34,2155.74
3206.36,4184.53
4672.68,4935.51
4466.98,5550.27
3379.38,3908.88
4138.82,4777.62
3556.13,4989.82
2013.09,3086.41
2550.49,3406.7
2078.18,3934.28
3212.36,4130.35
1652.28,3859.22
4838.75,3208.79
4473.33,5634.03
2853.75,4040.08
2333.66,4370.69
2609.88,3685.96
5202.07,5694.46
1133.45,1235.13
4677.51,5384.34
3642.28,4595.2
2067.07,3695.38
6376.63,4968.62
1118.79,1956.82
5143.6,5797.1
5251.06,4321.43
2090.1,3366.56
1991.92,3267.31
1310.23,2350.37
4622.14,5557.97
2441.99,3186.79
3264.99,4685.68
5587.19,6222.16
2896.41,3943.69
3332.9,4297.12
1522.78,2773.42
2722.52,4428.65
2139.47,2042.65
3334.76,5236.1
1618.94,3092.19
1241.9,2811.67
5331.76,4756.92
1406.82,3756.61
2529.08,4687.39
3538.16,3792.19
1965.77,3907.55
1180.57,2686.02
3698.12,4394.22
4152.49,4249.63
7511.5,6295.75
2001.12,2641.66
4533.59,5141.7
2068.9,3075.22
2714.32,4053.07
2707.12,4333.51
3238.0,4990.89
1239.77,2791.48
2156.08,4683.39
5525.24,6575.69
2070.79,3342.63
6174.76,5618.46
1980.87,4151.19
5061.32,5281.67
2105.35,3099.07
5652.44,3975.95
4669.17,4540.25
4938.12,5857.58
3303.37,3715.59
1540.42,1967.74
3150.74,4193.81
3930.43,4006.34
2853.12,3240.54
1304.02,2305.29
3202.6,2831.6
2684.51,3392.97
5794.2,5761.89
2839.34,4894.0
5482.32,9746.87
1556.61,2805.29
5130.82,5556.77
4434.82,4745.07
4012.35,3962.34
2730.25,3948.22
2205.45,3931.12
2660.69,3809.8
3300.6,4820.44
2585.06,2096.19
8380.98,5928.5
1700.98,3183.86
1921.5,3238.15
4523.83,5657.52
2275.27,3168.69
3691.25,4515.1
2345.06,3516.93
2174.1,3044.63
3598.21,4380.97
4038.37,4724.81
3904.94,5873.39
2160.46,3800.08
6087.51,5407.86
2906.65,4043.62
5795.51,6590.75
3486.92,4291.93
2164.75,3405.7
2228.57,3378.76
3120.69,4482.48
1914.01,4004.45
2157.07,2516.38
2726.12,4020.56
5137.14,5338.58
3430.41,3608.42
1984.68,2464.49
4269.54,5079.98
1899.59,3041.64
1706.3,2855.48
1284.41,3297.32
2321.78,3364.35
5107.82,4664.46
1865.8,3856.97
2579.35,4081.35
5264.87,4774.1
2562.39,4045.48
3953.96,5615.11
1356.44,2391.63
1304.93,2677.67
4183.16,4602.31
2034.2,3041.55
1437.58,2891.42
2661.87,3496.39
4257.79,5637.25
4895.36,5870.3
3877.56,5129.67
7220.95,4952.06
2077.8,2558.23
2189.47,3089.95
2206.57,4716.77
2379.2,3556.75
4463.23,4947.59
3320.2,4737.81
3194.68,4942.39
3895.04,4034.38
5335.21,6218.11
3576.09,4291.15
5448.36,5453.99
2989.02,3467.52
4072.14,5845.71
2005.27,4052.64
2509.79,3920.86
2352.72,4543.02
2601.88,3827.95
7836.45,6145.64
3334.96,3903.68
2955.27,3686.66
4268.0,5163.05
2815.15,4466.61
3249.04,3902.03
2919.71,3952.94
3079.25,3272.33
2825.97,3145.16
1468.68,2462.35
2376.19,3297.77
2467.06,3768.95
1538.75,3424.14
4967.97,5708.15
2795.33,3191.69
1713.17,3243.25
4553.56,5264.41
2083.41,3141.25
1763.75,2363.92
4955.92,4259.98
1212.05,1381.79
2988.72,4308.22
1529.78,3727.34
2750.62,3805.7
5956.61,5727.9
4821.47,4527.26
2601.03,4106.64
3242.73,4037.75
3290.01,5279.45
3579.66,3911.45
4142.07,5075.84
4599.9,5450.91
3062.83,4083.6
2805.38,3966.76
1187.33,1369.51
8154.67,6319.24
7002.13,6661.17
2475.4,2919.28
2351.78,4849.24
2645.01,3528.41
2428.62,3671.49
1136.99,2946.47
4829.42,6307.94
2545.99,3742.45
1976.97,3635.43
2122.08,2981.27
2719.43,3219.42
1147.42,3174.51
2426.34,3232.39
2741.42,2291.34
4399.15,4642.26
893.97,3027.93
1545.3,2152.19
5360.59,5734.08
3035.57,4717.92
4121.92,5014.86
5118.68,5238.02
1678.5,3616.55
1914.52,2681.48
1142.29,2547.68
2228.39,3118.56
2889.42,3651.16
2229.81,3622.27
2230.36,3527.66
3120.63,3370.24
5162.71,4886.85
1533.35,3063.39
4129.92,5540.13
2358.07,4738.67
2239.75,3363.71
3895.45,5696.71
3955.83,3771.21
2799.57,4789.52
3045.49,3852.84
1371.08,2809.59
3528.51,4191.45
5283.07,5702.92
2568.15,4138.23
2405.71,3311.84
2095.49,3641.77
2277.71,3451.08
1969.37,3200.58
4340.79,4452.7
1381.41,2519.93
1329.27,2854.31
5245.49,4774.16
3126.25,3240.17
1596.82,3925.02
2467.02,3127.93
3337.14,5064.5
2522.91,3278.32
2757.45,3832.58
1982.91,3220.42
2633.42,4514.97
4354.28,5316.48
3712.09,5703.25
3628.93,3245.61
1930.41,3044.04
4430.54,5103.24
3712.53,4630.89
1706.64,2898.23
1856.26,3272.2
2720.98,2888.29
3193.2,3703.58
4724.5,4381.44
5329.86,5057.08
3394.1,2460.49
3256.9,3667.46
2475.52,3738.94
5824.74,4971.89
1694.81,3172.59
2892.39,4169.9
5634.27,5109.98
2055.8,3083.73
1076.7,3304.52
2508.57,3974.52
6719.22,4943.27
5336.46,5340.14
1285.66,2725.08
1075.24,2164.18
5966.14,5696.48
2247.63,3655.12
5964.08,5598.45
1713.43,1552.82
1087.13,1773.46
2095.24,3202.8
2541.77,4742.37
2524.01,3168.93
6702.99,5914.58
3511.5,4982.53
4542.75,4551.18
2225.61,3156.55
3880.2,3850.06
5845.58,5195.69
1800.17,3274.28
2968.58,5329.18
3268.61,4584.48
2386.4,3240.14
1815.42,3361.49
3156.88,3825.91
1859.81,3089.78
1209.77,3331.18
2459.39,3914.78
1021.95,2191.65
1019.62,1773.37
2273.68,3626.84
5868.54,5317.23
2223.19,2640.82
5210.74,5740.88
3416.56,5340.94
5527.12,6576.65
2519.61,4926.48
6434.33,25207.43
2010.3,3850.78
1714.22,3129.83
4630.08,4260.77
5290.76,5054.87
2592.35,3723.89
2886.57,3903.02
3902.51,4073.79
1063.59,2711.31
1618.74,3262.86
2066.69,3078.06
2149.53,3254.22
1884.84,3951.16
1984.29,3969.29
2156.88,3817.68
5054.17,5268.13
1321.04,1429.01
3801.06,4056.55
2717.84,3420.48
2716.84,3983.45
2154.74,3314.88
3737.29,4083.25
5053.81,5133.85
5523.64,5888.91
2027.41,3301.36
916.36,2749.38
2441.22,3441.9
2052.26,2605.8
6044.69,5773.2
6477.28,4494.83
2955.36,4116.18
4544.22,5873.93
1411.61,1367.25
3303.73,3244.19
2560.78,3373.08
2606.32,3961.96
2045.31,2138.07
3342.35,4057.73
4975.1,5476.04
1042.35,1802.74
3055.1,4345.97
1718.84,3442.39
5831.73,5575.54
4813.06,4809.44
10871.3,8663.57
1753.34,2992.06
1855.44,2627.11
2789.41,3486.65
3003.45,4225.87
3872.59,5695.17
2186.62,3487.86
2933.15,4448.64
5372.52,6219.53
2698.61,3209.34
5200.4,4014.05
2239.41,3810.77
2625.61,4492.68
2185.0,3421.57
1744.27,3123.76
1967.72,3212.57
1432.75,2456.81
3110.95,3735.48
6108.64,5325.03
2483.69,4043.98
2267.66,3848.07
2671.79,3216.48
1804.1,3729.02
1871.02,3922.36
3099.09,5019.66
4941.23,4802.77
3943.86,4093.89
1967.53,3443.33
4925.48,5480.76
5297.75,4791.69
3768.2,3955.07
2628.93,2950.08
1683.39,3320.7
3969.84,4332.72
3300.22,3501.83
2168.1,3864.62
3296.91,4103.23
5178.1,5570.5
1839.57,3419.52
3587.13,4424.03
4603.73,5023.95
5241.15,4260.1
3050.96,3987.51
4162.6,2515.91
4817.83,5714.71
2990.83,3478.72
2700.95,3085.26
2363.94,3819.75
4871.74,4916.0
2647.08,3727.98
1697.99,3170.1
2528.87,3244.51
3324.02,4805.53
2546.34,4053.93
3256.9,4047.57
2568.47,4132.96
1487.69,2713.99
1932.3,4628.33
1713.66,3736.46
4454.98,4060.35
4981.02,3906.18
5459.74,4454.36
1412.53,1833.5
3841.44,5699.4
2019.74,4267.65
1099.77,1911.09
1257.14,1453.86
2309.13,3100.53
3648.11,5539.76
7246.53,5318.8
5535.96,5686.67
908.06,2183.92
3797.19,3772.71
821.99,2587.06
764.03,2566.61
3675.38,4314.54
4553.24,3628.04
1739.05,3194.17
1971.19,3068.45
5171.9,4607.97
2413.43,3064.94
1533.47,3005.97
3383.7,5643.76
3124.69,3828.01
2531.34,3953.29
3278.92,4016.25
4828.75,5661.68
4511.95,4682.89
1790.46,4468.14
1563.13,3062.93
751.4,2561.02
4238.95,4837.98
1943.59,1970.96
960.37,2184.84
1128.25,1925.74
4252.3,4787.87
934.77,1762.9
4191.29,3929.9
2588.18,3943.27
4725.3,4834.76
7296.25,6731.65
5323.35,5437.02
1914.0,3397.38
6356.1,6121.64
1177.89,1854.86
1605.05,3155.19
2206.13,2602.63
4276.76,4645.56
1720.97,2806.72
2725.53,3383.83
1606.62,3768.59
4144.67,5380.31
2760.95,4032.08
3550.23,4084.46
2462.46,4132.88
2587.66,5089.08
3666.37,4269.19
2506.26,2712.26
2749.57,3425.9
4459.85,4991.67
3780.94,3904.29
4418.98,4309.3
1895.84,3075.28
3695.36,3754.03
3585.51,5084.24
1575.84,2802.02
1460.54,2756.43
2277.76,3997.3
2619.08,4410.69
5635.41,5355.04
6326.77,5763.06
4733.59,4552.78
4622.09,4077.45
2894.9,4287.53
6618.46,6255.23
2454.43,3215.49
1822.43,3038.3
3939.17,4804.17
3128.88,4627.98
4405.81,4051.87
4814.93,4644.75
2466.68,2593.57
3133.13,3425.36
1672.74,4061.78
3870.53,2385.49
3658.62,5206.31
3159.33,3496.49
2864.96,4260.11
2968.83,3504.33
4690.55,4744.23
5136.07,5593.39
1252.28,1382.54
978.11,1966.27
2982.94,4396.82
2624.13,4122.06
5457.14,6564.48
4181.19,5415.84
1238.5,2687.03
5008.16,4660.06
3836.53,3761.97
5792.72,4411.62
4378.83,3873.89
1963.34,2806.69
2241.54,2724.52
4303.0,5083.78
4005.67,5066.06
2824.08,4089.34
5899.14,4952.14
1471.59,3101.56
1397.15,3191.34
3011.26,2039.79
3341.54,3670.05
3482.29,3788.99
2884.2,4159.09
4137.75,4678.92
2910.34,4012.85
2950.52,4155.48
1947.93,3020.99
2764.16,4524.32
1490.33,1479.76
2081.26,4718.6
2084.36,3560.44
2159.4,3982.48
3040.36,3854.23
2658.46,3442.73
1876.82,3563.61
1863.28,3000.3
2669.16,3544.7
3629.39,4813.3
3227.66,4552.07
1724.31,3789.39
1472.5,3240.37
4622.81,5376.1
3705.88,4913.08
1226.52,1925.23
1423.91,3129.76
2955.74,4719.54
4789.87,4071.01
1620.14,2491.09
1572.16,3350.64
3275.8,3892.28
2417.05,3984.86
4057.92,4360.87
3543.63,4780.54
2325.28,4060.58
5172.95,5330.64
2144.75,3614.08
3055.17,3375.67
2043.98,2550.18
2042.89,3162.32
1501.71,3502.58
1884.16,3947.07
2018.72,3401.11
1962.34,3335.29
4558.38,4441.92
1461.63,3093.87
1915.24,3139.01
1921.04,3035.45
2534.86,4250.64
2201.39,4189.89
1862.36,2638.38
2583.49,3771.42
2659.68,4440.29
1826.97,3252.17
1068.89,2865.36
1693.07,3560.52
2475.98,3409.14
4788.58,5749.81
1176.24,2723.03
2073.01,3060.06
1974.49,3470.5
1012.72,3082.02
1223.61,2714.42
5300.51,5270.39
5349.85,3954.96
1684.25,3014.0
1725.69,3047.96
1311.49,1953.98
3907.55,6508.04
2945.94,4186.02
5877.44,6347.1
3721.1,4155.51
2459.52,3970.68
3491.28,4097.44
2720.83,2647.74
2712.31,4307.54
2665.15,4640.98
2150.66,3248.92
5625.82,5213.92
5777.81,5468.0
5356.95,5035.64
3709.19,3946.62
1869.57,3823.37
3069.84,3952.39
1459.31,3044.24
2022.84,3043.02
2381.48,3866.12
966.22,2208.67
4255.64,4765.34
1373.29,3245.62
2157.25,2982.27
3143.36,4968.95
1743.54,2970.59
1445.32,1810.57
1727.74,3377.59
3108.32,3756.0
2681.98,4123.66
5653.31,5904.39
3089.83,4182.12
2564.98,4281.54
4953.11,5408.45
2107.07,3511.32
3134.62,4336.57
2667.38,4146.38
2171.29,2400.76
2497.63,3972.97
2029.2,3610.06
3884.89,4448.61
3711.12,4851.94
3339.17,4682.77
2433.71,2958.13
3117.96,4570.34
4149.06,5591.38
2952.16,4030.66
2671.94,2869.78
3990.75,5353.57
1261.49,2005.66
1735.36,1426.45
1853.23,3223.04
1360.21,1884.95
2965.37,4871.75
2526.63,3661.61
3983.29,4352.15
3320.76,5430.97
1052.63,1775.28
1180.96,2642.88
2341.91,3451.86
6375.74,5529.64
2542.73,4017.49
2305.57,3961.27
2508.06,3330.52
2858.07,4195.72
4767.83,4398.58
4741.77,4652.01
1855.56,3199.53
4461.48,4716.22
2285.43,4687.9
1350.58,3751.87
4670.13,5481.9
2260.3,3218.99
6791.15,11420.93
3128.32,4685.24
2111.86,3627.28
1634.19,2446.52
1219.72,3435.15
2888.39,3225.17
4196.87,4874.65
4001.21,4076.87
2088.76,3101.42
4124.23,4252.96
1792.08,3268.25
1157.33,3319.63
4600.83,4958.1
5210.81,5351.63
4085.27,5562.19
1361.86,2864.34
2911.82,4850.06
1526.67,1929.66
4110.96,4713.83
1019.05,1770.64
5198.41,3784.53
2223.45,2595.56
4286.55,6110.55
2256.39,3471.1
2496.89,3319.83
3407.3,4779.84
2048.94,3002.62
5344.57,5445.17
2230.22,4425.77
3164.03,4465.96
2772.32,4079.11
2867.19,4747.6
4140.77,4889.63
3806.43,4332.9
1772.93,4047.5
3475.35,3121.81
3131.47,4541.34
6528.08,5815.22
4213.96,4787.88
966.57,2609.81
2835.27,2987.37
4431.18,5549.43
3220.76,4590.58
5141.23,5276.04
1014.67,1769.12
1546.56,3321.73
2466.68,2593.57
2181.69,4690.27
1384.78,2399.93
1213.35,1405.87
1241.46,1821.83
1697.68,3089.67
1682.05,2543.38
2695.96,3731.53
2401.31,4418.58
1033.12,3313.67
2442.12,4578.43
4656.8,4937.85
1146.29,2880.46
1571.34,3210.64
1888.88,3400.84
3792.25,5019.22
2074.38,3637.24
2617.31,4324.83
5045.24,5375.35
2639.03,4298.41
7025.3,6011.67
2163.96,3077.81
1817.45,3567.96
3705.73,4651.99
3858.42,2382.34
5160.77,6101.63
2745.95,3255.98
1837.19,3046.26
2343.56,4381.49
5237.33,5118.2
4677.21,4885.86
3203.53,4585.76
1531.13,3362.2
1479.05,3008.46
1987.54,3937.29
5527.26,6989.23
4482.94,5260.69
6041.46,6093.15
4684.49,5829.52
2797.71,4125.33
2323.44,4591.82
5104.81,5733.61
6449.34,5453.0
1312.99,1757.19
2168.92,3258.01
3052.55,4107.31
2471.99,4071.07
5190.81,6252.81
4490.02,5012.77
1038.85,1772.93
1888.25,2883.9
3089.34,3687.21
4772.82,5266.29
1497.46,2860.41
1671.56,3888.51
2207.59,3871.38
2484.83,3707.84
2910.16,4044.81
1676.65,4014.4
1860.47,3772.83
979.99,2733.57
3801.46,5069.31
2884.79,4264.18
3142.59,3618.46
3927.01,3353.81
2640.41,3845.9
2573.54,4156.73
2593.99,4184.67
1107.05,2697.64
2672.74,2689.31
4057.4,4406.89
4526.23,4866.95
2539.16,4118.29
1844.32,3146.11
1260.56,2786.59
3031.77,5636.65
2946.06,4269.47
15312.0,8448.44
917.51,3043.76
5006.38,4990.58
2694.14,4155.31
3994.51,5249.05
2385.91,3910.25
1270.19,1935.43
1964.84,3972.45
3352.29,5266.0
1045.8,2859.76
3216.86,3501.28
4900.1,5597.67
1316.92,2152.12
2790.11,3229.16
2518.66,4069.18
5251.66,6495.78
2831.17,3229.12
4388.32,4492.87
2981.32,2919.02
2811.75,4334.27
5020.21,4735.22
3103.84,4527.95
3761.07,4626.49
2205.43,5727.63
4077.5,4354.53
2467.16,4599.94
2869.39,3364.46
2969.52,3957.22
2401.11,3527.44
2709.03,3783.32
2067.26,3070.77
3421.88,4580.05
756.03,2585.06
2686.57,4172.08
5698.42,6043.08
1775.56,2395.92
1064.2,1927.29
2345.77,2878.23
2311.49,3051.99
4923.33,4532.96
1864.84,2812.89
4096.48,3996.11
2428.34,1863.88
4405.26,4852.64
2055.64,4623.33
2264.98,3256.81
2868.86,4040.38
2858.82,4595.73
1731.62,2942.73
3315.09,3765.7
1891.63,3310.32
874.14,1739.24
2545.55,2559.71
4005.43,3646.44
2229.69,3163.82
2044.92,4414.05
4428.33,4854.49
4914.35,5135.61
2923.33,4193.66
2064.11,2688.12
2407.71,3222.53
6510.28,6091.31
1460.8,1887.99
3219.33,5583.9
1969.03,2872.91
3064.9,4425.73
4097.03,5360.77
2508.87,4109.23
2461.23,2997.36
2416.19,4711.87
863.53,1706.02
4100.14,4335.22
1810.99,2835.95
5548.11,4911.59
4315.52,4769.29
2706.73,4032.89
3956.38,5106.38
2344.2,3562.98
1026.88,2616.23
1754.52,3918.81
3301.52,4370.47
2106.98,4286.2
1707.46,3695.83
2360.66,3489.69
3612.55,4946.77
1819.12,3369.36
3132.22,3858.95
3284.8,4890.99
2828.98,3296.11
5248.83,5323.57
5230.83,4603.48
3865.03,3912.8
1550.03,3091.36
2335.54,3756.97
1746.06,3071.74
1361.62,1532.45
2678.95,3875.71
1094.65,1806.24
3763.56,4748.69
3831.01,4627.32
2974.93,4684.15
2356.65,3165.42
1330.78,1893.3
1633.7,3461.01
3187.15,3358.97
1661.26,2566.23
2216.77,3470.17
1856.71,4028.18
2501.96,4362.66
1207.46,2558.69
1382.8,3135.47
3164.7,3979.33
5104.97,4231.16
1534.89,2292.3
2234.64,3847.2
3768.97,4972.06
6308.76,6494.33
2167.32,2769.78
2351.49,3933.89
3439.31,3688.33
1040.67,2377.8
4410.74,4432.08
3078.2,4233.62
2235.68,3339.13
1375.12,2746.18
5351.81,5378.08
1717.66,3132.24
4989.68,5325.53
5117.66,5385.88
3441.66,4087.14
1636.37,3056.81
1762.87,3859.04
2424.69,2549.08
2574.09,3682.65
3731.13,4532.11
1997.19,3116.27
3545.09,3784.92
2660.89,3617.63
1854.59,2307.01
1874.56,3987.68
1866.45,3097.16
2852.07,4218.97
1899.19,4257.06
2811.78,3232.14
4219.66,4689.56
2712.31,4307.54
4831.0,4939.65
3126.79,3923.2
2307.75,4216.33
1318.58,1406.68
6100.86,4635.62
3124.76,4431.54
3131.47,3641.34
2518.67,3501.59
3532.97,3954.69
3071.25,3860.01
3060.67,4579.76
5638.62,6241.71
3266.26,3601.3
3017.47,4176.76
2451.29,2878.27
5904.51,4605.84
5540.86,5168.01
4525.33,4802.53
2724.81,3460.29
3242.52,3876.35
3017.44,3939.01
1593.35,1949.73
3041.92,4401.18
1656.99,2512.43
2372.07,3134.39
1715.5,2354.36
1975.79,3309.76
3530.28,2913.26
1268.85,1405.25
3544.29,3970.46
2409.13,4111.44
2708.79,4705.07
2988.66,3447.48
4097.28,5252.27
3861.4,5717.01
3064.44,5199.79
4362.17,4572.39
1729.68,2395.98
1440.3,4050.5
3466.39,4488.0
3395.35,4237.84
1903.05,3225.78
1961.79,4618.55
1680.14,3460.59
3617.86,4323.46
2557.77,3948.51
1699.66,4039.28
1465.32,2924.21
3063.87,4177.78
2660.46,4081.86
5096.42,5995.07
1957.86,3511.59
5699.18,3873.19
2487.84,4580.73
1936.86,2979.17
3864.68,3982.5
6727.6,5532.94
3760.16,4802.05
5348.02,5224.2
1770.56,3237.04
2105.56,3992.65
2327.61,3236.37
2051.0,3995.36
2387.51,3356.36
3553.06,4409.92
1831.38,2414.11
3180.09,4674.77
9063.77,9940.57
3426.98,4609.47
1790.35,1667.96
1206.57,1399.1
1709.43,2658.28
5046.22,5308.4
1356.91,3414.51
3184.27,3816.43
2266.55,3857.83
2521.12,3732.04
1178.54,1386.88
1469.96,1879.02
2834.89,4188.8
2339.6,4137.91
3064.08,4683.44
1726.24,3411.15
4553.25,4856.58
3430.88,4830.2
2820.71,4440.57
2004.18,3211.39
1196.68,2479.14
2112.57,2557.84
2212.18,3826.43
3112.38,2928.62
2893.53,4231.78
3882.79,4741.42
2302.6,3113.76
3684.22,5521.27
3468.18,4375.26
1633.7,3461.01
2127.94,2586.57
1410.55,3081.02
2905.58,3757.54
2992.32,2739.04
2709.61,4348.56
2903.89,3970.29
2745.3,4158.95
1258.63,2127.16
2166.19,4008.32
3892.18,3696.51
3705.9,5559.46
5490.0,4910.26
1536.59,2907.57
1114.3,1802.88
746.11,3077.46
4751.66,5730.87
2416.69,3927.02
3654.85,4708.77
2518.38,4038.34
1229.86,1430.61
2651.77,4740.68
3008.38,3496.09
1918.35,2715.49
2881.7,4133.66
1302.46,3746.25
5830.15,4649.28
4182.85,5047.59
2879.29,3456.69
2412.76,4243.35
4976.84,4816.84
3679.86,3714.49
2274.3,3562.52
4392.73,4396.77
2865.88,3812.95
4741.43,5388.11
2886.06,4227.61
2093.13,3608.47
2158.89,3369.25
3226.74,5427.29
2167.82,4716.57
4707.95,4035.46
2216.62,4267.57
3261.79,3622.91
2306.39,3737.56
2555.58,4341.78
1457.1,1962.9
2327.25,4229.35
3267.9,4888.11
1741.13,2821.41
1202.8,2447.56
5879.91,5728.68
3334.19,4853.7
1816.43,3833.32
2359.12,4079.96
2565.81,3292.38
5162.8,5444.58
3048.41,4403.68
6430.34,6279.86
2878.32,4159.41
3431.67,3832.78
1677.16,3117.67
3030.08,4026.7
5210.73,5750.95
2081.9,2693.8
2215.01,3725.73
2612.5,4116.44
4876.79,5781.46
2800.03,3484.87
2411.83,3985.89
2818.55,4049.02
2797.08,2592.88
2673.28,2848.16
2886.42,4604.85
3675.29,3858.65
1434.49,2021.07
2773.66,4234.85
1917.21,2619.15
3115.21,3491.8
3857.29,3702.81
5643.79,4385.84
2543.23,4597.71
4211.2,5031.99
2066.9,4091.61
1030.17,1766.91
2417.7,3329.61
4099.75,4543.03
1154.14,2849.22
2734.5,3665.04
1019.0,2364.95
2655.78,4231.16
1170.7,2123.27
2113.39,2485.53
1909.3,3194.74
2502.38,3662.21
2795.26,3889.21
2305.49,3942.7
2183.43,2633.18
1470.11,2856.23
2979.13,4785.97
4458.04,3633.5
2619.39,4782.96
3250.99,3281.98
1424.14,3782.34
4499.1,5230.93
5381.37,5704.17
2352.05,3244.21
2209.24,3932.94
2352.1,3170.6
4367.64,4720.14
1750.09,2446.45
2167.77,3151.34
2636.72,4845.22
1504.99,3224.1
3534.4,4767.51
4501.13,4820.29
2152.28,3460.44
2292.25,3793.51
3558.0,4833.33
4772.34,4678.02
4754.69,4709.68
2538.51,3216.01
2870.63,3524.16
3836.57,4086.49
7753.51,11910.3
3233.0,4446.19
1969.56,3228.17
3172.12,4776.78
2997.81,5103.06
3263.4,3771.89
1707.71,3910.75
2493.89,3611.83
862.21,2706.31
2253.9,4809.8
6367.05,4592.25
1358.63,2594.96
2508.7,5191.5
2813.63,4563.22
5043.74,5017.75
2194.07,3366.72
2106.99,4022.1
2755.44,3180.78
1951.1,3053.04
1881.2,3554.77
1441.18,2792.84
2267.13,3743.89
6271.01,4883.99
3256.0,4007.44
2474.54,4291.35
5245.91,5358.83
1737.96,3297.28
2887.54,3821.28
3281.77,3134.92
1953.02,2635.45
9001.1,10876.39
1306.65,2886.34
3752.56,4546.85
3067.89,4258.31
2332.97,3629.4
1132.79,2854.22
2133.96,3505.19
2881.65,4951.82
2363.57,3844.0
3117.51,2590.43
5478.08,5538.38
3055.17,4485.23
4617.3,3244.52
4198.28,5670.29
3720.44,3761.28
3569.65,4640.23
2849.43,4247.32
3469.5,4952.76
2874.91,3390.59
4218.66,3865.83
1497.85,3362.22
2382.38,2448.01
2643.18,3512.12
2071.91,3567.52
2227.9,3065.0
4054.94,4686.41
2162.74,2781.77
1324.22,1238.13
4070.11,4529.52
3385.27,3366.97
3279.01,3873.96
5530.92,4621.49
1777.98,3611.34
5593.7,4668.2
2522.05,3140.73
3104.6,2994.1
1350.02,2526.49
2264.66,3448.56
3524.21,4139.22
1566.39,2532.45
3280.93,3505.4
1900.66,2439.82
2383.08,3795.89
4079.3,4257.13
3469.4,4448.41
5530.75,4312.67
2175.35,2050.05
5441.73,5592.53
2209.34,3913.9
6281.46,5481.38
1409.72,2024.12
1873.33,3051.65
4080.78,4674.85
1857.13,4788.56
2511.78,4637.4
3058.01,3228.07
4236.82,5169.53
5655.97,4370.42
1742.67,2955.64
1526.91,3173.34
2037.36,3584.0
4012.75,4931.16
2007.93,2694.92
1538.87,2999.11
3559.12,5049.51
3440.3,4935.64
2743.25,3800.49
5372.35,6504.98
2357.02,3553.55
3503.75,3794.27
4186.55,3972.99
3924.8,5430.98
2115.78,3362.71
2250.47,1544.06
5342.79,3596.8
2360.44,3055.78
908.38,2852.13
2603.96,4016.91
1837.44,3429.4
3801.44,5562.6
2191.01,3474.94
1197.44,3105.26
1501.19,2065.92
7184.83,6386.28
5996.54,15991.09
2262.99,4687.7
4272.63,4800.7
1750.92,2977.71
1242.52,2312.34
2279.28,4307.21
6908.24,4989.1
2912.53,4246.7
2008.28,3965.66
862.76,2606.86
1414.87,2343.73
900.42,2735.95
3099.34,4027.01
2397.72,3250.87
1718.22,3909.01
6205.52,5316.74
6766.67,6365.07
2162.13,3150.01
2150.84,3316.81
4195.91,5181.11
2067.69,3297.24
3099.98,3721.92
2266.02,3524.32
5930.72,5723.1
2469.53,3563.24
2275.52,3537.82
2929.37,2850.99
4763.12,5676.71
3139.06,3696.11
3191.21,4491.05
2788.99,3610.83
4242.87,4619.54
3341.48,3345.51
2229.19,3128.7
3935.8,4119.91
4241.51,5331.23
1650.6,3771.21
3393.46,3444.55
3073.51,4220.42
1094.12,1247.43
2101.15,2783.97
3615.35,4268.91
3057.33,4236.05
1285.81,1399.72
2983.04,3213.45
2777.93,4011.28
2743.05,3332.12
3808.42,4772.89
2246.95,3540.8
1592.81,2066.54
2425.65,3455.87
5475.46,6221.78
1178.1,1399.06
1832.2,2402.75
5792.32,5168.3
2425.21,2931.66
2260.32,2339.46
2887.0,4628.99
2783.08,4034.79
3879.34,4936.64
3450.48,4890.28
2338.63,3127.49
3714.53,5574.41
1645.19,2284.31
2808.64,4478.86
5382.62,4985.22
2568.68,4149.64
1915.6,3498.29
4036.1,5220.81
1102.47,3233.81
5249.55,4255.09
1277.99,1433.97
2560.76,3278.44
1992.67,3074.02
1020.65,2850.42
2088.01,3172.74
1199.06,1780.38
3247.79,3562.08
4312.4,4676.17
3112.46,5429.09
2178.31,4857.89
3573.29,3582.2
3524.21,4139.22
2679.51,3741.83
3759.35,3516.01
2927.02,4865.39
4275.78,5561.05
4216.38,3767.33
1198.34,1385.32
3163.24,3439.36
6320.48,6616.21
7454.71,6283.72
5129.37,5769.52
2804.42,3506.71
6285.16,5856.78
2872.86,3986.5
4946.49,5017.14
1904.03,2666.06
2050.73,5157.99
3228.89,2404.14
1638.12,3292.89
6050.89,5881.23
742.38,2645.49
6071.91,6638.83
3770.6,5707.29
6047.44,6681.1
4350.99,5343.24
3602.76,4487.85
1079.66,2705.35
5035.51,5025.02
3811.6,2810.78
1897.47,3461.72
1941.08,2989.04
2258.88,3110.24
3252.34,3462.37
3054.7,4628.55
1689.9,3604.87
5454.32,4996.33
4810.65,4923.53
1959.89,3928.95
6037.06,5193.62
2099.54,4041.01
4149.06,5591.38
2251.08,3196.31
2457.75,3107.58
1499.35,2476.56
2330.75,3532.35
2955.41,3477.93
3083.02,3782.58
2745.43,3901.51
2127.15,3101.22
3124.77,4399.85
3158.16,4523.98
3013.59,3674.17
2070.18,3638.53
1853.39,3055.54
1102.47,2185.86
4178.04,5034.52
2714.98,3983.44
5568.07,4755.36
2715.8,3817.95
1691.77,3778.62
3020.26,2496.64
4428.99,5634.52
2630.66,3637.7
1848.9,3432.94
7944.21,7957.85
5548.82,5056.3
2980.08,4113.4
2484.23,3654.31
4493.94,5576.93
2957.07,4661.64
3570.71,3483.03
4964.35,5728.23
5626.25,2861.11
5654.85,5782.73
5084.38,4481.66
1558.37,3641.56
4510.93,5156.2
5615.13,5509.25
4339.9,4828.87
1793.33,2397.53
2920.75,4282.99
2607.86,4034.13
2408.69,4719.1
1683.14,3899.99
3851.8,5143.99
2525.39,3338.8
2303.68,3997.18
1878.43,2939.27
4431.84,4537.58
3232.28,4350.07
3102.63,3483.63
3739.44,3687.78
2082.51,3546.09
3230.42,4152.89
5939.59,5880.92
4486.61,4936.4
1088.09,2222.43
3945.82,4166.91
1714.47,2974.73
1822.77,3520.89
2099.43,3676.62
2188.82,3573.99
4023.35,5346.41
2659.02,3777.29
3253.85,3300.99
1726.95,3230.31
2487.4,4159.91
2600.18,3562.84
7907.5,5755.22
2903.04,4040.08
1220.34,1401.47
2598.26,4683.17
2436.44,2824.48
2557.57,3361.48
2359.26,3484.76
2848.9,4907.97
5919.8,5347.14
5115.76,4670.92
2778.73,3696.14
1342.47,2812.72
5421.67,4716.73
3702.0,3484.53
1892.06,3689.98
2262.43,4481.94
1706.45,2483.27
2300.89,3766.37
2687.21,4427.84
1632.01,2712.57
1607.68,2513.89
4312.04,5584.74
2153.92,4334.34
1073.06,3034.62
2406.51,2854.7
3317.62,4284.34
4320.47,4887.69
2227.58,3059.99
2050.05,3916.98
2363.3,4240.93
3909.05,4348.93
2254.29,2242.94
1623.71,2424.3
4935.67,6219.8
1935.64,3120.47
6216.33,5050.28
3740.46,4014.28
3028.79,4001.53
5494.52,4775.24
3001.28,3591.38
2224.42,3502.57
3912.07,5696.17
2665.61,3509.76
2489.2,4667.12
2989.37,3767.42
4560.19,4861.21
3335.74,4125.2
1687.1,3315.95
1781.94,2450.3
4576.91,5342.93
3633.87,4542.53
5017.55,4382.32
2947.18,4086.81
3447.4,5333.14
5322.93,5143.11
2329.08,3849.25
2187.56,2571.14
2286.38,2585.5
4331.77,4331.48
5342.67,5918.28
3683.65,4014.74
839.42,1733.42
1879.38,3588.92
2005.94,2671.85
4011.52,4863.15
1641.2,2105.57
1763.52,3465.59
1191.92,1388.51
2356.68,4075.72
9548.29,19987.55
2599.31,3954.19
4795.06,4767.12
2540.15,4162.72
1476.02,3927.0
1981.82,3343.58
4505.03,4035.77
3877.69,5628.34
2626.49,3799.51
5171.32,4340.36
2028.49,3492.31
2195.52,3806.84
1762.69,3369.5
1287.08,1340.41
2424.91,4853.14
5153.21,5652.43
2903.04,4058.39
3574.59,4706.27
2607.6,3254.84
3602.44,4592.38
2533.05,3382.07
1401.43,2458.54
2468.49,3563.49
2647.96,4018.33
2159.94,3783.69
1979.28,2687.58
2454.64,2971.82
1908.17,2948.51
3693.92,5538.96
1978.43,2695.98
4000.89,4683.37
2836.1,4828.73
2724.19,4061.97
1785.02,3118.19
3501.16,4779.28
3394.59,3987.18
2201.73,3334.42
2078.88,3285.96
5484.44,5691.23
5518.75,5967.28
2756.35,3520.55
4104.19,5829.91
2758.64,4466.76
2051.75,3642.18
2138.62,3991.32
2755.87,3767.45
8067.91,5475.67
5196.15,4988.99
1358.25,2601.54
4846.59,5903.9
3348.7,4271.26
1151.03,2861.51
2907.03,4032.48
4521.24,5125.83
2435.41,2999.36
2091.17,3235.76
3418.86,3510.9
3493.47,5062.96
2341.59,3351.39
1667.55,3429.54
2396.1,3641.99
4289.43,3751.7
2478.03,3085.99
3626.69,4211.05
3233.88,4038.13
1610.42,2773.4
4891.75,4920.06
2669.4,3606.49
3205.92,4854.65
2782.74,4099.93
3184.39,4102.09
2459.34,3544.01
2343.02,2684.54
4028.73,4841.74
2103.57,3639.09
1827.18,3585.84
1895.29,3426.23
3163.23,4986.37
2141.92,3443.09
2160.5,2985.89
891.68,2688.24
2405.36,2803.61
5185.63,4710.48
1762.02,3104.22
4663.84,3918.26
2526.73,3966.58
4850.4,5234.17
3083.41,4362.78
2661.15,2590.1
2237.24,3209.77
2210.54,2966.62
3201.74,3406.55
849.48,2547.73
808.76,2719.21
6173.89,5814.97
4100.78,5678.87
2215.17,3152.92
3826.29,4118.58
2786.23,3791.18
3775.34,4184.89
3016.19,5105.47
3567.0,3085.66
4790.81,4464.24
3461.41,4460.55
2498.46,3952.58
3177.37,3472.71
2470.48,3729.3
2431.03,4588.1
1999.78,3627.18
5381.01,6231.35
1729.12,4060.92
3727.66,4872.33
1798.92,3240.57
1910.59,4732.85
3545.35,4402.23
3543.34,3913.7
2111.75,3161.76
2231.39,3035.35
3282.81,3601.5
3031.54,2647.0
4021.91,3340.2
3835.13,4636.69
2265.5,4562.91
1980.89,3820.14
2601.61,3647.37
1479.76,1873.33
2531.51,3952.28
1885.73,3061.93
5708.46,6231.52
919.01,2665.97
4286.51,5412.09
2953.3,4371.05
1502.43,3102.99
2937.56,4075.48
1189.58,1389.8
2471.32,3819.19
1508.58,3299.55
834.45,2586.23
2826.65,3554.17
3156.88,3825.91
2571.07,3340.97
6854.68,4444.53
1406.98,2835.9
1339.49,2799.7
2892.24,2973.21
7461.46,6421.99
2082.72,4292.64
2298.66,3194.98
5263.81,5010.18
6883.94,6321.65
1968.53,2970.17
3057.52,4202.05
2130.54,3366.58
3020.61,3493.96
3837.78,4584.12
3409.98,4457.13
1204.92,3183.46
3098.94,3568.08
2168.83,2747.26
6039.64,5230.92
4519.84,4489.34
4500.99,4802.51
1389.93,2899.09
3278.85,4919.5
3650.31,4618.63
1187.51,2678.7
6303.03,5776.72
2554.78,4555.51
1409.92,1448.57
1891.02,3854.43
1451.21,1892.07
2657.92,3637.18
4840.51,7597.24
2403.63,3246.65
2516.44,3609.95
2885.58,4092.82
1872.69,1950.67
2513.55,4256.25
5176.08,5452.06
2096.69,4029.44
5318.27,5298.36
3040.37,3566.98
4169.76,5131.95
2778.51,3655.19
3542.38,4168.13
1440.02,3394.61
5702.48,5432.61
1804.17,2634.23
1396.57,3207.11
4483.24,4383.88
2763.67,3942.12
2953.1,2128.15
3971.73,6519.29
3535.53,3792.1
1495.1,2361.15
2170.84,3880.56
3375.2,3893.49
1671.73,3316.53
2107.11,2934.19
1840.24,2112.3
2059.39,3514.94
2033.31,3419.6
6699.36,5712.64
2129.75,3475.5
1385.7,3562.3
2108.0,3196.87
2515.87,3748.72
2415.23,2079.2
1539.77,3063.48
2947.01,4086.31
6303.8,5458.56
1610.33,2746.19
2876.32,4047.67
3172.8,3360.61
1487.69,2713.99
2893.03,2901.57
3064.91,3398.7
4642.04,4973.03
1881.18,3049.3
2130.73,3196.63
2278.38,3304.25
1196.67,2247.78
1708.37,2196.06
4319.94,5253.33
5472.84,5173.98
2875.48,3222.27
1534.27,2618.7
2523.64,4861.05
3947.53,4714.58
2171.79,4708.06
2432.71,3701.2
2442.58,3769.77
2304.49,3363.09
3692.25,4244.89
1700.47,2482.53
4921.58,5239.6
3926.83,4730.55
2420.88,3678.89
2292.66,3821.72
2826.4,4835.6
1270.69,3018.39
2775.02,4062.49
2905.69,3910.46
1309.79,2724.78
2706.64,4335.07
1287.04,2820.21
4107.8,2381.36
2582.72,3006.48
1405.61,2450.35
4943.67,5397.45
3297.88,3758.08
1764.72,2472.66
2266.56,3312.69
5687.07,5612.22
3334.96,3903.68
2374.75,3935.5
5416.06,4190.68
5330.03,4654.79
5580.6,6273.52
4252.84,5653.0
4480.9,4859.55
2437.56,5517.95
2287.6,3532.09
2185.89,3100.38
2548.5,4446.78
3372.19,4787.36
1976.78,3389.83
1551.23,1442.93
4105.2,4798.8
2155.17,3877.93
4203.54,4893.04
5336.39,5292.18
2175.57,3026.75
2122.13,2724.62
2048.54,4353.58
2233.01,3593.67
3008.38,4982.36
4260.17,4579.05
1319.21,2331.56
2143.32,3064.86
2036.69,3571.51
3413.92,4577.12
2837.43,4051.7
2313.99,4054.45
1856.86,1550.95
3499.87,3428.35
2538.32,3501.84
1648.07,2489.17
4673.68,5110.33
3216.12,5241.57
1809.53,3180.93
1948.16,3701.04
2090.95,3845.88
1458.42,1441.37
3828.99,5699.27
5281.47,5665.62
2304.21,3483.48
2561.13,3768.8
1765.58,2665.95
2885.6,3936.82
1666.2,3257.12
2373.62,3122.11
3562.23,4590.83
2162.11,4358.82
2936.59,4539.2
1333.82,3251.34
2585.57,3930.64
3932.6,5077.39
3661.55,4167.05
1782.94,2315.51
2297.18,3103.93
1524.79,3773.78
2740.25,3611.38
6651.84,5782.8
5709.73,4982.69
2641.06,3237.09
4621.65,5085.09
3581.62,4199.0
1501.88,1820.45
3039.2,4026.89
2286.31,3225.56
2829.81,3912.38
2234.12,4138.87
1760.06,2519.3
1188.35,1367.45
3233.59,4542.66
2546.49,3612.0
2981.47,2739.25
4820.42,4550.57
2452.54,3561.87
1329.88,1140.42
2969.52,3957.22
1381.35,1970.97
760.28,2557.66
1998.16,3565.28
2475.63,3298.4
2166.17,4032.57
1799.5,3372.18
2834.14,3373.09
3280.82,3744.9
3665.93,3599.28
2809.48,4081.38
1888.49,2820.92
2812.86,3676.87
1747.99,2703.15
637.97,2554.22
925.8,2697.12
1462.79,2114.8
3249.94,6608.37
4093.77,4829.5
2145.53,3505.03
2877.29,3300.16
2764.09,3245.43
4098.13,5651.65
2545.82,3415.95
2695.73,3308.08
3702.6,4489.17
4275.87,5406.57
2036.1,2590.22
3319.34,5069.1
2521.11,3534.45
4273.15,5329.92
4538.38,5074.35
2438.91,2628.26
2266.12,3003.84
4960.08,5058.39
2323.64,3729.17
3369.04,3901.28
4445.07,5365.45
1820.78,4194.64
3395.25,4458.68
2153.14,3189.94
2315.85,3521.61
3729.62,4333.8
2523.84,3960.59
6615.64,5829.32
1010.1,1774.01
2289.39,3031.65
2628.44,3555.89
1466.63,1956.14
1683.65,3870.7
3422.3,3826.79
5619.51,5307.61
751.59,2589.74
1151.99,1395.4
2474.39,3740.06
1041.61,1995.33
2976.06,4136.2
3195.02,4913.68
3489.2,4620.68
2483.38,3907.15
6269.03,5395.32
954.58,2593.1
2185.38,3970.18
1546.87,3134.24
2961.32,3334.68
4675.11,5156.06
5554.7,4477.66
3326.69,3182.52
1695.3,3418.75
4932.02,5358.88
1543.16,3776.58
2301.01,3757.54
2756.12,4069.57
5043.44,5687.74
2083.18,4015.32
4506.95,5425.7
3028.39,4936.34
2525.14,4218.61
3938.02,4775.47
3146.14,4129.45
2934.54,3783.13
2098.39,2721.87
2033.71,3075.24
1585.94,3015.94
2015.43,2709.18
1162.5,2630.79
3273.47,3407.06
2083.28,3555.37
1655.49,3601.0
5617.8,5737.74
2768.54,4641.54
2005.65,3103.46
2340.85,4134.56
3265.67,4063.36
2829.46,4244.57
5549.11,5313.6
2647.83,2447.05
5108.6,4865.41
2383.24,4151.56
1853.74,2999.98
2651.45,4005.07
1099.73,2085.2
2281.15,3221.89
4766.36,4413.36
2883.53,4145.24
2274.99,4281.06
1750.29,2484.19
1569.61,1872.65
2646.14,3493.18
2567.5,3558.06
889.71,2722.21
4675.05,5329.85
1492.6,3732.06
3955.11,6166.27
2445.19,4239.5
2224.33,3067.87
2399.79,3575.53
2645.07,3710.5
1743.17,2676.32
3208.96,4652.99
2452.02,3859.72
2988.8,3424.01
3418.08,3613.63
1197.74,1387.99
7471.07,6350.64
3765.66,4839.58
5341.82,5323.81
3173.38,4825.31
1625.4,2210.42
2861.83,3507.86
6069.36,4057.59
1496.16,2549.57
2055.7,3805.96
3509.57,3484.11
1521.48,1943.13
2654.84,4345.51
6641.58,5829.59
2488.93,3356.5
3134.56,4721.9
1271.04,1358.16
2715.39,4145.48
4725.16,4821.79
3414.31,4642.62
3106.73,3971.22
2056.59,3484.99
5923.45,4960.73
1502.08,3766.27
2670.84,3471.86
2861.65,5270.45
6591.53,5435.8
3306.55,3716.09
2749.23,3463.49
1747.91,1675.53
1238.96,2515.27
2328.63,4949.53
1642.06,2954.29
4021.9,4253.49
5614.37,6502.87
4069.77,5336.54
7603.34,11699.03
2045.71,3990.14
2746.84,5788.75
1554.78,3251.2
1227.26,1379.51
3199.2,5018.12
2451.13,4162.64
1904.04,3356.42
2050.49,3528.17
1395.35,2810.2
2069.38,2375.68
2661.68,4098.3
3469.4,4448.41
2258.41,4148.17
3531.11,5095.9
5365.68,5321.88
1584.11,3374.87
1650.78,2376.0
2598.49,3215.8
2361.55,2400.82
3082.36,2671.99
3028.46,3716.66
3104.5,4233.61
3760.87,5667.95
2618.08,3921.07
1432.67,1431.76
3342.74,4887.03
1783.6,3078.57
4814.93,4644.75
5404.85,5265.34
1405.61,2450.35
2025.58,4622.72
3264.4,4896.95
2372.69,4158.07
2349.34,2577.48
1542.06,3087.91
2419.85,3049.61
5421.17,6233.29
2735.14,4754.78
4567.72,4800.53
1783.55,3085.28
5459.47,5232.69
3268.61,4584.48
2730.28,4149.79
1655.82,3542.58
4421.53,5067.34
3214.32,3265.3
2618.08,3921.07
1741.72,3903.73
1452.34,1958.01
4419.67,5357.76
2376.3,3377.09
2938.36,4890.43
2601.68,3625.58
2132.19,2551.36
3727.49,3295.02
1788.6,3517.33
4235.52,4426.48
3633.08,3963.45
2795.88,3367.78
1147.56,2670.8
2819.19,3279.77
1177.75,2193.72
4199.71,3675.81
2015.32,2674.97
4814.93,4644.75
2161.63,2771.27
1861.29,2979.31
1336.55,1442.91
5018.98,5314.64
2034.78,3094.49
3868.83,4750.48
2852.73,3593.09
1756.71,1264.61
3183.12,4225.23
1180.38,2919.6
2865.41,3644.95
2883.29,3705.59
1786.25,4305.4
2037.7,4319.63
5602.69,4879.64
1953.84,4135.23
5723.83,4645.12
1340.59,1978.32
3098.0,3606.77
4358.37,5765.46
882.99,2377.63
1758.22,1908.66
1512.09,2925.23
4209.61,4665.66
1484.84,2033.42
1561.69,2884.98
4096.55,4527.78
3455.0,4649.59
1440.36,3144.78
1856.49,2863.54
2308.22,2694.26
1797.67,3764.77
4319.33,4961.18
1451.19,2564.16
2038.54,3090.07
2981.94,4356.96
5663.81,4671.7
1557.19,2532.13
3251.19,4885.0
3907.72,3514.89
2582.33,3476.19
2299.55,3856.41
903.85,2516.93
1980.37,3509.17
3019.22,3715.76
5403.03,6229.36
949.98,3034.12
1971.34,3756.15
1977.64,3837.7
3069.98,4809.83
3119.6,3911.88
3660.51,3578.57
2065.17,3341.83
1288.8,2689.35
5849.05,5459.92
6878.86,5951.24
4424.7,4197.85
1307.18,1399.42
3528.31,4290.31
3874.7,4340.27
2435.35,3276.77
5184.67,5612.33
1454.83,3107.82
2039.61,2388.72
3879.73,3817.12
3687.96,3630.95
1404.6,1990.52
3181.47,4989.57
1501.19,2065.92
2116.45,3777.57
2701.98,4437.49
1293.56,2081.47
4041.69,4710.58
5397.65,5016.12
5567.55,5629.78
989.4,3034.3
1827.12,2737.05
3554.62,4611.5
3075.21,3819.54
1667.11,2582.59
3827.59,3651.76
2145.05,2816.19
1909.72,3766.8
1728.06,3921.3
2017.22,3470.94
1592.52,3362.22
2690.62,4349.28
1659.35,3905.97
3826.98,4682.53
2452.99,3869.44
3914.36,5133.13
3335.95,3202.37
2919.94,3187.35
1427.21,2632.28
2030.78,3948.44
5547.05,5115.54
1542.93,2508.15
1490.7,3105.27
1726.45,2545.71
4051.88,4974.24
2039.48,3201.64
3461.0,3705.27
3015.55,4008.09
2543.67,3575.5
3136.02,3631.42
3724.73,4494.59
2360.6,3331.79
1905.66,3265.21
1588.57,1471.48
2982.45,3300.38
2831.76,4406.85
3190.23,3734.83
2574.14,3889.6
1280.5,3169.64
1156.97,2570.74
1902.03,2562.94
2289.0,3701.66
913.16,2575.98
7011.39,5198.08
2178.9,3516.31
2432.92,4017.79
2315.24,4327.8
2993.65,3301.28
2687.17,4714.58
5034.06,5064.93
735.06,2886.03
5450.59,4709.13
1053.23,3034.98
4928.4,4927.64
900.43,2640.38
1296.36,3003.35
1676.11,3399.45
839.66,2530.34
1871.91,3349.5
2969.04,4443.33
2315.72,3773.24
2532.84,3279.58
3126.2,3932.84
6305.81,4490.33
760.28,2557.66
2374.87,3404.16
2845.62,4179.69
4568.35,4551.42
6326.99,6631.12
3700.05,4189.95
1589.88,3492.09
2573.74,3504.1
2485.75,4176.97
2448.54,2794.65
3320.29,3835.81
4905.69,6603.95
2814.35,3229.63
5337.12,6222.19
1647.0,2814.36
5579.33,5584.81
2122.08,2981.27
4991.84,4599.6
2457.25,4133.45
4359.87,4958.36
1118.73,2558.34
2265.43,3103.54
2288.86,3159.27
2526.15,3158.57
5690.06,5168.25
7115.06,4964.99
2578.38,3210.49
1524.62,2520.31
4527.23,4361.09
1591.52,2481.23
8904.76,6522.44
3507.46,4070.74
2197.06,3559.55
1865.63,3622.03
2531.18,3612.99
1946.89,3497.62
3980.31,3955.53
1523.25,2196.22
2537.34,4382.78
3375.2,4246.75
1694.36,1594.18
1794.72,2276.67
3624.17,4065.01
3520.75,4581.39
1639.76,3711.16
2123.54,4269.71
3024.88,3729.08
4664.71,4289.34
1887.74,4070.09
3596.57,4662.43
2044.25,4613.35
1601.41,3092.84
5430.39,5512.96
2047.99,3103.47
1327.87,2340.71
4863.82,5871.42
2223.83,2416.5
2690.73,4761.35
2267.13,3900.98
986.23,2684.31
7176.07,22963.56
4974.21,5170.13
4009.14,3854.9
1716.08,2247.69
3081.56,3846.24
4464.93,5298.07
1693.94,2552.32
3346.25,3776.87
3062.89,4480.69
5561.24,4131.27
5458.3,4926.37
2441.45,4139.92
5531.07,5141.88
7745.32,5599.9
2458.1,4084.15
1885.18,2656.85
867.94,3020.93
5119.85,5298.55
3627.73,4599.82
2578.99,3298.99
2081.64,3187.34
2029.86,4659.12
3447.65,4302.44
1547.04,3291.63
2318.73,3513.42
5027.69,6147.01
2437.28,4135.16
2568.28,3663.54
3212.28,3618.89
5596.91,5236.09
2149.53,3254.22
4866.14,4999.04
1997.62,3066.29
4194.65,2546.4
2019.76,2697.25
1349.9,3086.82
4599.51,5001.41
1857.46,2767.84
1165.98,1837.52
1304.44,1430.72
1647.75,1718.73
3415.17,4043.97
4879.49,4930.86
3517.81,4934.14
5847.07,5833.87
1595.89,2823.4
2508.83,4140.22
1351.64,2005.14
4776.98,5475.04
4192.82,4779.47
2889.59,4145.04
3520.23,6220.55
3422.78,3571.87
1853.33,3891.7
1741.93,2883.56
2309.1,4573.41
1454.63,3110.63
1293.41,3029.95
2114.41,3813.82
2021.47,2502.25
4490.39,4949.79
4494.56,5792.34
1629.91,2439.03
1754.43,2873.71
1895.18,3186.31
3133.95,4018.92
2195.28,4333.62
4283.37,2871.44
1918.39,3582.19
841.29,1703.3
2118.6,3423.91
2908.23,4071.19
1523.55,2822.66
1784.17,3857.79
8104.11,6578.72
2656.85,5082.75
6395.36,5557.23
2693.14,3267.36
2287.93,4164.32
1354.43,3164.1
4193.54,4950.42
2473.85,2810.74
3778.34,3890.17
2148.46,3672.83
6844.79,5689.8
882.08,2550.34
5668.37,5241.23
3473.91,4831.28
1728.47,3060.99
1612.77,2674.12
2578.67,3309.82
1100.17,3370.58
1849.86,4631.25
6315.71,6622.11
2811.33,3322.5
2374.91,2738.53
5387.71,5330.49
2316.48,4593.0
2024.82,3152.16
2366.91,4584.47
2245.86,3077.42
3918.81,4496.2
1743.98,3142.01
2542.8,3289.95
3587.01,3644.28
2207.03,3082.63
3406.05,4707.84
2687.61,4687.65
6229.46,4979.5
5073.77,5355.35
2742.5,4216.34
1750.94,2951.48
3993.4,4762.62
2601.2,4697.23
3737.5,4386.79
4989.13,29068.17
1691.56,2027.73
5342.5,6102.5
1481.77,2461.07
6302.93,5527.12
2163.25,3099.52
2207.62,3192.29
1451.9,3099.78
2500.34,4326.11
2706.8,4352.38
3883.36,4092.67
3011.01,5035.33
2675.44,4170.56
7400.67,12217.87
4200.58,4510.28
1535.93,2372.66
2290.29,3296.52
1968.43,3118.61
3216.86,3501.28
2891.15,3642.19
2111.79,2593.11
1314.09,2080.98
2508.78,3841.88
2047.11,3227.46
1285.51,2746.33
5897.36,3887.57
3556.66,4496.26
2567.32,4355.78
2079.49,4662.95
851.28,2251.31
3908.41,4728.25
2247.29,3165.7
1945.27,3551.74
1547.0,2641.86
3846.78,5789.61
2061.72,2913.67
5143.8,5982.77
3529.21,4090.88
5506.9,5730.25
2577.82,3729.36
2524.51,3694.07
762.23,2538.73
5532.03,4598.56
2385.09,3047.18
2485.84,4358.73
1839.08,2604.41
1875.4,3897.62
2736.86,2910.37
2672.24,3291.99
1081.8,2313.97
2361.03,3584.73
2035.78,4597.63
2751.68,4688.5
1838.04,3246.63
3537.84,3287.59
2057.85,3360.97
1786.41,3104.11
5223.62,5157.04
1780.08,2130.82
2151.38,4709.59
2199.36,2645.61
2447.16,3493.03
5075.46,4100.04
5566.9,5974.1
3269.26,4112.33
1031.8,2634.16
2300.01,4563.22
3750.1,3698.23
2001.48,3426.07
2343.99,3383.41
6515.29,5640.02
3240.59,4506.07
2676.69,3847.12
1462.13,2819.79
4726.44,5119.49
2088.23,3977.31
3796.08,4409.47
2806.03,3918.49
2245.99,3080.26
1491.72,2742.84
1884.59,3246.7
2727.97,2136.47
3029.81,2684.26
3731.49,4581.92
2841.73,2049.06
3195.26,4167.26
4818.88,5355.52
1347.75,2834.12
4550.67,5410.85
1869.45,4655.86
5831.46,5222.29
2622.14,4141.01
3736.01,4738.3
5721.75,5681.55
4029.79,4810.82
2785.08,2597.97
2130.66,2985.54
2513.05,4299.76
2079.57,2924.32
2693.22,3338.04
1655.76,1525.15
1654.93,1908.66
2173.92,2409.22
2956.88,4099.0
884.75,2010.51
4605.34,5215.49
2379.9,3934.98
2460.47,3994.9
3134.37,3459.57
3648.88,4170.49
3355.13,4885.58
3729.27,4119.9
3259.43,4137.0
2025.92,3350.11
2251.74,3010.2
2086.73,3695.06
2317.37,2725.02
2185.46,3067.17
1745.13,3237.22
3751.69,4730.61
2700.56,3324.53
921.56,2762.42
4995.87,4839.53
4875.04,5030.15
2078.31,1552.76
1031.38,2844.58
2470.49,3140.61
5496.35,5712.32
1701.29,3605.1
2639.78,4885.04
5275.7,5222.64
2035.27,2716.59
1725.3,2903.0
1077.06,2365.93
3059.14,4030.38
3743.6,4323.12
2261.87,4885.89
6738.25,24904.71
890.01,2728.33
2488.42,4121.7
3143.54,3524.65
3646.48,5002.16
1763.41,3157.85
2204.66,4182.13
4392.66,4639.78
1018.4,2843.88
2855.68,3217.84
5483.53,5568.59
2209.83,3981.75
1579.83,2428.41
1125.94,2812.03
3713.32,4153.76
5667.15,6224.62
2290.1,2272.32
5789.19,5352.14
6290.58,4980.75
937.31,2180.67
2693.06,3741.81
2077.83,3595.03
2275.16,3077.04
4167.24,5251.48
1312.11,2679.38
2109.26,4647.88
4145.46,4028.8
3854.55,5060.56
2393.54,3304.78
1707.82,2653.44
1346.64,2727.32
3614.88,2270.87
2356.65,4866.29
2327.11,4147.7
3738.47,4262.71
5665.21,5352.23
1115.58,2615.92
5876.19,4974.74
3749.57,4623.54
2991.84,4868.5
2406.7,3654.35
2991.82,4120.28
2203.08,3259.7
2552.58,3260.23
4801.75,5144.35
2287.04,3686.81
1239.44,3334.46
1349.48,2198.29
3807.29,4730.93
6467.62,6414.43
3609.31,3876.42
1653.68,3290.26
6030.1,5968.8
922.88,2480.31
1079.75,2865.33
4896.08,5472.13
1801.73,2334.82
2909.14,4553.68
2269.8,3682.61
4596.44,5579.73
1309.17,2597.0
1222.55,2394.77
2382.91,3869.68
2600.41,3021.87
3324.66,3850.56
4462.39,4390.6
2894.36,2939.55
2601.36,4102.73
4979.66,4290.97
7106.74,6535.2
5073.67,5911.95
1365.69,2192.37
4434.91,4921.95
2303.3,3725.92
2242.0,3222.16
3635.61,4060.13
1585.94,3015.94
1502.73,3262.83
4850.35,5388.22
3732.54,4505.61
2309.1,3743.31
1613.87,3057.12
3684.69,6468.3
1464.72,3456.59
871.87,2699.98
3058.34,3365.86
4396.38,5029.21
2800.71,3564.25
1624.7,2289.92
3074.13,4160.25
1847.88,2621.7
2008.85,3316.8
1188.35,2722.88
2482.95,4202.06
4932.76,5076.09
1532.53,2015.91
2315.02,3254.31
2151.8,3060.62
1354.99,2681.32
1522.19,3441.18
2541.84,4420.58
1008.93,2180.98
2831.86,4692.58
5265.7,5174.27
3211.72,3636.17
2727.63,3779.79
2203.54,2674.04
5854.61,5267.84
2225.73,3404.01
1602.93,3918.13
2224.33,4309.22
5842.31,6603.69
2046.13,3427.11
1551.54,3758.79
1625.07,3168.47
2802.87,3887.0
1903.06,2398.8
2194.96,3352.48
905.15,2186.31
2799.21,3799.96
5811.74,4942.51
3169.82,3342.2
3672.02,4831.38
3308.01,2899.93
3014.52,3373.58
6114.79,5542.8
2476.17,3231.97
4733.88,3950.57
2386.79,4133.33
4056.41,4006.5
2510.65,4135.38
3614.78,3374.02
3598.7,5121.18
2527.07,4616.27
1015.92,2191.7
1309.25,2685.61
4291.47,5623.55
786.77,2953.01
1760.81,2548.17
2442.88,3910.37
5010.76,5708.15
4863.05,4889.15
5204.19,4776.53
5068.16,5046.13
2431.77,4033.73
4273.88,4602.71
1973.36,3688.54
2410.51,3286.76
2297.58,3364.98
3102.98,4988.59
1909.15,3761.39
2103.87,3195.17
2210.58,3479.34
2148.07,3031.45
3297.08,4066.78
3324.94,3866.72
2782.93,4731.53
1707.87,3288.79
1547.62,3288.6
2489.53,3747.72
2649.22,3210.52
1069.78,2605.4
2949.09,4724.36
3371.9,7014.11
4183.32,5099.94
1314.89,2309.62
887.45,2715.69
1886.73,3037.73
2396.48,3195.2
2759.37,3541.9
3168.59,3600.48
4969.63,5350.4
1927.42,3329.94
1318.26,2722.5
2002.5,3983.12
1248.07,1881.21
4311.49,4021.76
3591.51,4350.31
3433.09,4182.11
3585.82,4905.12
3498.96,4207.91
3891.67,5190.18
2532.98,3563.08
2982.53,3919.2
5655.02,5347.36
2959.89,4064.98
1635.53,3451.05
4817.21,4939.94
756.36,2552.57
3580.91,4916.48
1732.42,2191.87
1866.61,3536.42
2641.54,3224.66
1786.41,3104.11
1626.4,3972.44
2219.79,3226.19
1887.87,2290.27
1563.49,3786.46
2133.82,3108.92
2160.75,2722.98
1578.72,2823.59
1577.55,3026.61
2388.56,4096.65
1973.67,3211.99
2802.37,4273.34
2873.82,4242.91
1119.54,1331.12
1956.52,3037.09
2454.85,4032.92
2237.76,3352.8
1693.1,3560.09
2265.28,4668.27
2435.68,3932.69
1955.89,2986.47
943.73,1176.53
3005.1,3864.6
5434.09,4672.3
2925.31,4483.79
3705.87,4977.91
6664.05,5508.93
3009.51,4801.21
2219.4,3469.36
1056.65,2710.44
1836.74,3283.47
1811.83,2160.72
5619.56,5714.91
7278.2,5480.64
7379.72,5284.66
2301.01,2546.07
2981.1,4068.88
1176.44,2221.53
1337.29,1441.44
4358.73,4820.65
2634.38,3476.83
2647.73,4160.62
1870.43,3643.37
4597.29,5233.61
6684.71,5548.42
2818.41,3674.21
2838.29,4648.45
5707.19,4682.3
4217.47,5220.77
1174.46,1369.47
5290.23,5044.89
1718.32,3145.61
3069.47,3649.54
2159.5,2942.28
3320.64,4787.76
1583.12,3167.42
3718.2,4924.29
6049.51,4874.11
2434.32,4081.22
4578.82,4141.36
2612.9,2681.08
2190.65,3039.25
3364.02,3844.01
2010.64,2989.01
2297.46,2523.14
4122.35,4524.38
3163.19,4439.59
950.41,2595.6
2911.4,4674.35
3394.25,3585.05
2289.95,3041.66
5055.62,5616.35
2309.43,4370.9
2958.59,4121.49
2714.1,3943.85
2854.82,2614.63
4347.98,5128.91
1914.38,3240.46
4488.94,6914.24
2976.5,5558.37
1866.2,2221.87
2221.91,3600.66
2803.98,3319.85
3396.18,5491.26
4136.26,4799.55
2772.59,3765.23
1673.0,2918.44
3063.54,4133.56
1123.58,1814.66
2897.08,4744.54
2474.64,3901.45
2736.25,3214.74
1259.0,2449.85
2421.85,3650.2
2657.86,3776.72
2125.42,3048.0
1804.27,2882.4
2118.39,4198.76
2606.31,4252.9
2113.23,2768.59
4526.97,6507.35
4935.34,5550.25
3691.57,5102.44
2104.33,3596.21
3713.09,3212.38
6048.87,5017.46
3376.21,4975.59
2325.04,4144.82
2830.06,3484.29
1581.64,3533.26
2328.62,3733.57
1601.28,3101.82
4308.58,4493.2
1343.26,1445.21
1170.27,3859.2
3448.21,3865.96
2726.71,3486.8
2467.64,3454.29
1852.77,3578.98
2398.13,3591.56
1473.62,2197.99
4785.04,5330.03
1432.63,2595.03
2263.42,2316.97
1544.17,3489.78
2413.67,4268.54
2001.61,3866.8
2614.79,3273.59
4014.4,4932.03
3286.76,4037.27
1696.88,2562.86
3309.91,4486.21
1630.23,3374.7
7089.99,6107.89
1877.02,3697.0
4714.71,5264.44
3723.4,5541.49
3686.69,3789.93
2144.96,2910.15
3281.33,3940.71
3344.2,4178.31
3788.41,3981.35
1823.48,3014.86
2161.19,4244.83
962.99,2611.85
2159.42,3116.12
1778.23,3977.84
3479.21,3969.48
3857.71,5242.44
6344.95,9597.25
1838.04,3074.34
1301.76,2819.25
2348.38,3331.56
2333.44,3726.98
2127.81,3781.06
2793.26,3249.99
1807.4,3605.12
2065.98,3281.22
2191.54,3025.17
2653.55,4425.84
2825.44,4131.26
1237.42,3035.79
5598.01,5281.87
5745.75,4510.72
2568.93,4710.01
5455.05,6579.83
5140.24,3759.58
3226.02,4988.31
3416.34,3626.89
2314.66,3094.88
1483.67,3093.4
2886.43,4246.05
4394.3,3545.43
3837.59,4702.56
2962.59,4389.66
2008.12,3221.99
4057.92,4360.87
2103.25,2700.53
1508.7,2687.45
1803.2,3204.24
3287.11,4362.67
6777.69,5434.26
3795.46,2396.04
2350.83,3694.61
6558.68,5370.53
5592.22,4311.36
1832.98,3067.8
3200.12,3317.47
1997.74,3963.28
2866.03,4213.42
3350.0,4921.16
3247.73,4229.84
1547.0,2641.86
2588.41,4301.23
2117.98,3553.81
3429.7,4821.94
2693.49,4600.38
2186.39,2422.64
1534.59,3025.09
2679.38,2587.12
3200.23,3722.85
1280.92,2754.46
2028.56,3043.02
1531.78,3805.05
5056.41,5103.12
1622.13,2594.83
6309.74,6335.69
4390.53,5682.03
3719.29,5005.05
3341.13,4103.78
2780.83,3396.62
3718.75,4621.24
2441.82,3622.76
8732.3,6488.45
1494.26,2694.29
1176.2,1388.81
1748.24,2495.7
3311.73,5048.82
3941.38,4714.55
5243.66,5129.11
3511.73,4558.82
2640.33,3223.9
3602.44,4462.7
2923.99,3971.15
5109.72,5894.96
3269.59,4544.79
2637.92,4375.4
2695.13,4051.79
2116.06,3109.64
3005.02,3325.63
4332.95,5254.58
4991.42,5952.69
2433.95,4753.21
1181.62,3094.22
1939.34,3752.99
3949.43,5702.16
3749.07,3920.76
2813.29,3519.38
2617.22,3058.97
3769.82,4493.03
1992.18,3520.74
2435.29,3209.17
1191.37,3057.75
1926.9,3067.08
1992.46,3585.38
2286.51,4008.27
2532.0,4622.2
3356.49,4505.58
739.83,2568.25
2955.36,4065.23
2236.08,3420.5
2771.15,3365.78
1125.8,1397.53
3234.92,3976.72
5598.92,7013.64
2954.15,3949.18
864.41,2714.58
2296.28,4660.2
2042.28,3838.96
2814.29,3549.21
1899.22,2470.4
4378.93,4592.64
1862.61,2903.32
3739.97,4919.84
1909.9,3515.6
2847.82,3657.89
3705.0,5260.18
2049.42,4220.68
1248.49,1915.16
1826.44,3527.38
3711.61,5703.29
2534.33,4315.69
1759.77,2375.4
3025.5,3802.07
4157.29,3928.21
2523.82,4277.3
2096.22,3093.95
1523.73,3327.32
4025.12,4695.01
2920.8,3927.66
1735.73,3135.87
5268.83,4727.87
1315.03,1358.21
3512.37,4106.09
4223.77,5271.94
3114.53,4409.98
6849.4,5089.8
1556.59,4638.05
2836.16,3126.62
3332.14,3295.16
2488.58,3304.54
4820.59,5487.36
7562.74,5519.79
1924.17,3373.55
2321.13,4639.97
7087.69,7180.15
2854.9,4695.15
5274.43,4740.77
5092.39,4970.26
3442.12,4410.59
2628.67,3509.1
2516.49,4091.52
2073.18,3298.71
3170.88,4498.77
1597.49,3078.43
2240.44,3135.51
3502.48,2443.44
5160.05,5777.39
1942.64,3372.44
2842.81,4193.39
2946.6,4421.62
6451.14,5816.06
2339.24,3453.48
2405.5,3459.55
1712.57,3162.44
1559.86,3662.61
2967.77,3978.28
3613.88,4472.28
1494.67,3650.45
5086.34,5271.44
2662.69,3465.4
1454.45,2936.52
6753.36,6114.58
5405.44,5201.72
1661.23,3089.77
2375.82,3463.81
4033.71,2267.3
1840.67,4648.27
5078.58,4996.07
4110.57,5534.85
1593.16,1863.03
3340.08,3812.58
3604.46,4681.52
1836.57,3300.47
7246.53,5318.8
2327.02,2894.86
2019.27,3217.36
2342.21,4930.13
2600.52,4399.37
3020.01,3242.74
2554.52,2780.83
2406.08,2937.34
4537.01,5906.26
2088.09,2193.62
4491.43,3948.46
6470.54,5523.51
2050.74,2767.68
3176.0,4550.21
1782.25,2608.75
1403.62,1882.78
2462.51,3733.2
2410.2,3116.49
2179.62,2394.43
4781.85,5303.64
1821.3,3645.16
3390.56,4797.48
2124.24,3092.34
1984.75,3228.64
1844.32,3146.11
4166.71,4887.87
5324.93,4826.31
2540.82,3320.25
2948.1,4430.1
2777.07,3794.62
5658.37,5912.5
1408.05,2984.31
4843.3,5166.78
1291.63,2114.44
2227.43,3404.25
2623.43,4106.72
1762.18,3145.9
2511.09,3827.47
1720.75,2618.18
6086.43,6364.17
2757.0,3546.83
2558.97,4693.03
4307.43,5199.4
2373.15,3816.89
6773.52,5546.24
3520.31,3290.52
4067.68,5691.83
1188.46,2481.84
2704.94,4235.09
2798.77,3385.27
2123.33,32066.15
1636.0,3005.59
2194.5,3576.4
1652.39,2720.52
1621.91,2531.51
1974.83,3047.95
5125.44,4361.07
2928.58,4378.18
1896.56,2385.2
1590.57,2942.86
1563.76,3449.37
2235.97,3159.63
3674.01,4277.92
1935.53,3096.74
3764.06,3670.04
3100.81,5070.88
1012.74,2656.8
4233.0,4859.41
3509.51,4803.04
798.91,1126.6
1858.39,3193.87
6062.8,5341.53
1988.86,3491.27
1376.97,2311.23
2410.73,3678.05
1663.45,3159.07
1869.48,2978.39
3109.3,2375.99
5738.05,6488.3
1904.46,3035.03
3786.7,4791.94
2581.27,3527.11
2543.22,3314.59
4171.07,5221.45
2578.67,4573.08
2061.65,3470.35
2811.83,4628.32
1953.12,3971.32
5316.65,6220.54
5690.06,5168.25
2335.1,3291.94
2726.55,4158.97
2212.69,3592.66
2838.86,3708.01
6109.42,5325.4
1376.4,1426.57
2081.65,3094.5
2783.36,3089.73
4946.31,5507.1
2231.32,3362.0
4245.95,3140.6
4022.35,4752.5
4226.73,5689.87
3316.85,3054.69
3501.18,4685.47
4659.47,5061.15
1743.31,2172.52
2423.76,3627.51
3529.73,4592.99
3667.37,4738.49
2504.34,3594.62
2644.42,3377.13
2370.89,3471.43
2728.73,3131.09
3308.27,4576.38
1637.54,3898.0
3965.63,4696.48
4579.88,5369.86
1860.56,3684.44
2058.26,3738.44
5392.93,4656.17
5345.36,5400.24
1114.09,1391.32
4817.6,5706.75
2875.42,3897.37
1798.69,3953.9
2051.3,3241.7
2012.39,2556.89
2044.6,3612.2
4532.82,4561.65
1381.53,1887.87
1892.69,3909.05
2343.99,3383.41
7648.51,6762.81
4456.86,4553.62
1888.86,2370.96
2099.03,2870.4
4166.33,5171.07
2411.81,4165.08
3946.34,4062.63
3155.92,4831.98
1966.33,2553.44
2213.02,3263.3
4788.8,4654.45
1641.83,5618.32
2925.43,4663.76
1534.83,1577.39
1756.93,2498.79
2305.29,3175.37
2593.7,3544.5
902.14,1107.13
4248.63,5545.54
6567.02,4502.56
1690.07,2395.73
2502.1,4495.68
3265.54,3681.71
4414.28,4486.98
3253.26,3309.5
2892.23,3031.95
2142.95,2657.09
3550.29,4618.48
3059.21,3673.07
4107.93,4840.61
1894.61,4148.85
2803.69,3953.85
2832.47,3969.51
1445.47,3146.02
2454.26,4406.16
5659.43,5039.23
1299.73,1435.79
3770.85,5708.65
5190.81,6252.81
4909.43,4981.23
1364.41,3235.16
2604.02,3775.5
3069.56,4564.36
2027.38,3609.79
1715.66,3092.92
3441.68,3625.05
1273.29,1408.62
4764.84,5943.39
6873.48,4402.32
3568.53,4875.16
1814.31,2664.68
5818.94,5958.29
3852.65,5931.53
1583.48,3355.15
4310.3,5630.62
2707.92,4982.18
1849.32,2974.99
2892.21,3098.76
3499.98,4703.59
1240.17,1398.3
3191.77,4786.68
6118.52,6631.76
1291.43,2905.15
2299.34,3733.81
2263.51,3833.13
2516.5,4639.71
2506.22,2976.73
3066.28,4114.86
4967.49,4911.98
1079.1,2629.8
3687.35,4702.45
2384.39,3191.15
1902.04,3656.4
965.75,2615.2
5035.57,4980.87
1948.74,2041.74
2887.52,4710.72
2760.49,4844.46
1635.76,2269.36
2121.33,2279.54
3727.42,4464.08
1129.43,1390.62
754.99,2582.28
2939.66,4314.61
2888.29,4002.39
5842.31,6603.69
2211.79,4688.81
5184.59,6143.71
2485.86,4707.89
2242.53,3337.35
1640.99,2180.8
805.91,2542.28
5804.27,4882.05
1726.1,3030.02
4385.1,5366.76
3383.17,3778.22
3048.41,4403.68
1547.16,2967.72
989.15,2045.89
4155.55,4341.87
2241.14,2246.31
3901.31,3570.94
7186.49,6460.38
1990.33,2978.51
2543.18,3905.42
3631.76,4813.42
2598.91,3805.35
2883.18,3478.3
2244.58,3669.73
2320.56,4094.83
2051.91,2899.4
4097.24,4007.17
5205.17,5440.73
5794.67,4482.05
2648.3,3922.03
4737.72,4912.64
3260.18,3431.93
1529.19,2850.42
4391.89,5272.55
1252.28,1382.54
2353.4,4672.74
5407.85,5105.05
3032.78,3861.64
1551.12,2382.17
2617.22,3765.1
3080.33,3984.97
2086.29,3875.67
2409.75,2718.34
2020.23,3582.59
4396.9,5337.64
1815.53,2498.79
5210.36,4716.15
4538.76,4829.64
2298.94,3082.88
4543.08,5250.36
3974.28,4447.43
6760.05,5783.87
1702.25,2999.09
3260.8,4534.29
1924.77,3238.05
4259.91,4817.4
2944.76,3938.87
3017.53,3884.8
3796.75,4806.37
5229.46,5461.46
2265.19,3226.69
2293.15,3279.81
2434.03,4147.65
4809.44,4543.8
1971.34,3756.15
4891.98,5229.46
2066.42,3751.25
4282.67,4553.38
6476.64,5754.19
3102.51,3864.34
3444.81,3719.0
2203.91,3123.84
5142.57,6240.65
2095.69,2318.15
4015.19,3978.34
3811.37,5849.54
6084.79,5033.22
2201.37,3607.34
1369.49,2905.55
2173.48,3042.59
2060.71,4622.76
1892.43,3459.6
3139.78,3769.28
5465.63,6538.63
3514.17,4123.12
6299.94,6636.34
1406.36,3062.71
2071.68,4717.14
1002.22,2474.31
1389.91,1389.38
4324.94,5636.66
2086.15,2938.38
1001.41,2632.1
2122.08,2981.27
2247.2,3631.2
3741.65,5130.85
1666.2,3257.12
2187.18,2761.25
2085.34,3306.77
2087.2,4192.38
1959.51,2667.95
3763.1,3869.78
2462.19,3597.23
2583.79,4166.12
3306.85,4491.3
5328.15,6376.39
3334.54,4476.74
3443.28,4870.25
3254.49,4700.52
2251.5,3160.32
1344.2,2724.96
2998.24,3688.72
1474.3,3345.46
4268.41,4814.96
3846.65,5315.23
2193.57,3364.61
3086.32,4281.22
945.48,3034.09
3971.67,3634.22
2089.75,3562.75
1053.23,3034.98
2228.38,3145.68
2588.27,4626.09
6904.68,5561.9
3650.37,4429.77
3942.1,3779.4
2289.1,3060.24
1314.18,2056.33
1537.99,2425.03
5781.32,5278.22
2611.17,3956.75
4197.95,4673.0
5479.89,6223.52
2224.62,3525.84
1638.91,2235.63
4047.69,4436.71
3317.32,3509.39
2890.35,4209.33
2088.72,3620.12
3282.45,3893.34
2242.93,3724.55
3268.84,4453.89
3286.55,4339.97
3290.61,4567.68
3766.32,4864.01
5895.19,5758.89
5542.9,5736.75
3669.33,4452.1
2219.45,1643.91
2248.06,3285.73
1595.04,2478.24
4348.22,4937.91
1185.35,1403.25
2464.07,3883.3
826.6,2526.67
3620.67,4845.09
1793.32,3226.13
3283.32,2665.32
2616.83,3825.47
2843.58,4204.42
978.17,2871.56
2215.66,3226.15
2688.95,4178.14
2806.1,4338.1
4261.57,5069.62
2204.31,3699.0
3164.1,3225.8
4481.6,4943.6
4870.33,5340.85
2471.34,4098.26
2429.21,3539.04
2865.72,4054.24
3153.02,4934.16
1537.22,3253.35
3442.43,4832.86
5378.4,6216.87
2005.46,3492.61
1908.4,3532.37
5005.07,5239.5
1490.27,2803.41
7615.74,5584.48
6000.11,5635.58
4270.99,4862.61
3112.66,3995.41
2798.15,4510.67
2479.54,3833.52
1741.0,3118.65
2566.5,3761.62
2953.09,4165.36
1129.5,2735.87
5606.72,4653.28
4909.5,5399.74
5160.97,5394.7
1928.53,3061.76
2138.2,3977.82
3638.26,3698.35
2306.76,2420.58
2264.38,3280.27
2689.17,3558.39
6857.46,6258.75
2283.36,3698.57
2219.84,4217.49
2784.71,3870.11
4623.6,5734.13
5612.96,5433.05
4931.83,5399.74
2952.23,3529.33
2830.29,3497.01
5886.79,5192.5
2063.37,2495.88
2690.3,3528.61
5347.52,6673.04
3929.32,4076.13
6675.64,5924.6
1660.95,3393.81
4895.39,5725.27
3012.64,3408.9
2927.73,3115.11
4027.34,4036.78
2076.11,3948.11
3433.97,4736.26
3245.47,4692.72
2259.79,3989.88
4974.91,4517.25
2173.03,2767.52
1192.52,1347.8
5417.66,4936.26
1528.68,2348.15
2454.02,4157.05
3062.07,3307.4
1661.23,2999.43
1485.01,2069.81
3066.76,3539.82
3929.07,4740.32
1653.26,2052.17
3282.95,3932.24
4667.51,4353.94
2268.88,3331.53
4523.89,4870.14
5595.52,5772.21
2495.98,4084.68
2104.84,2614.53
1894.1,3464.78
5080.84,4909.75
3917.2,3820.94
3596.13,6972.22
6063.53,5321.68
2407.1,3803.29
1366.01,2830.58
1456.21,3723.21
4212.97,4514.5
3288.58,4834.93
1121.88,2317.04
3335.77,4098.87
5079.68,5673.1
1509.53,3011.94
1529.79,2847.57
2551.75,4709.22
2851.41,4050.31
2963.71,4197.2
5288.89,5366.39
3533.39,4600.18
4532.93,4465.26
3469.03,4604.39
2471.97,4808.49
1489.36,3373.88
2502.32,3308.92
1840.11,3847.51
5692.89,5718.71
934.59,2776.9
1615.69,3732.74
2930.86,3604.81
4203.83,6923.37
4100.78,5678.87
1814.54,2251.04
3539.72,3977.22
1750.47,3959.65
6841.5,5951.46
3070.52,3959.01
1427.1,3092.5
1450.54,1336.36
1970.94,2863.53
4702.56,4858.06
2293.76,3531.36
4781.55,5734.07
3253.39,3653.48
2351.54,4163.85
3356.64,5104.66
7283.81,5812.25
5557.87,5996.98
4716.38,5699.42
2172.16,3733.22
3381.42,4381.63
5628.59,5979.9
2884.35,4121.25
1105.53,2699.89
4479.74,3470.55
2105.18,4638.33
2632.17,4140.24
4428.69,4148.65
3285.33,5023.29
4048.52,5333.78
2896.37,4606.01
1811.93,4196.33
1491.44,3247.6
2387.49,3600.66
2267.66,2761.87
2510.84,3235.28
2961.95,4171.31
3260.27,4162.68
2655.17,2973.93
4832.47,5289.15
1378.79,1888.07
1936.94,2853.41
3799.13,4437.61
2592.04,2701.45
3905.59,3329.58
2941.04,4356.31
2393.97,3279.27
3199.27,4353.54
2781.33,4074.79
3322.71,4242.79
1303.92,2893.92
1918.51,2529.58
1661.03,3490.3
1763.28,3314.92
2748.33,4566.98
766.71,2591.2
6461.16,6123.01
1728.53,3122.44
3734.34,3653.2
3554.68,3934.11
1766.18,3348.32
1408.66,2088.19
5481.03,4959.55
1856.58,3136.2
3153.74,4118.49
1328.26,2835.07
3194.32,4804.74
2836.95,3929.83
1339.32,2112.53
5320.49,4951.48
1539.14,2575.84
2358.91,3524.67
2445.72,3061.8
2193.89,2660.51
2434.72,3902.94
3103.59,3326.31
1293.16,3168.58
2871.83,4856.74
1767.67,3128.85
6956.96,5782.59
4864.61,4718.7
2393.77,4045.85
3472.84,4885.11
3293.83,4410.57
4007.26,3710.78
3554.48,4593.05
1915.57,3140.33
3847.67,5166.35
3150.4,3597.33
2163.76,3414.94
3160.47,3787.16
1187.05,2447.69
1826.33,1922.37
1333.44,2918.1
1884.27,3805.89
1791.22,3490.88
2112.3,3234.26
932.0,2599.51
2467.47,4837.33
2791.6,3825.54
1840.71,3304.01
1932.84,3055.52
2682.78,4375.23
2705.71,3531.52
1990.99,3431.01
4413.7,6133.52
1099.21,2356.96
1382.27,1851.06
3788.56,3902.27
2245.36,4014.85
4374.08,4778.85
2003.08,3847.65
2029.87,3626.17
2737.94,4072.41
2564.71,4053.94
3877.37,4785.07
2279.47,3452.17
5721.35,5205.88
2458.22,3221.96
3956.41,5685.6
2447.66,3638.23
5810.68,4221.85
1749.16,3422.47
2245.36,4014.85
3851.88,4775.31
4587.66,5230.35
5304.16,4427.07
4548.04,3962.46
2020.7,2554.71
2752.08,3512.43
2341.96,3822.24
1343.07,2819.93
3479.47,4039.82
1243.95,1399.17
3665.0,3960.82
1716.48,4057.08
5722.72,6231.32
1080.8,2828.45
2261.93,3381.03
4680.66,5297.36
1931.66,3060.41
4322.21,5727.6
2088.97,3811.14
4938.58,5613.69
3521.99,4044.26
4800.95,5157.81
3808.41,3682.76
4105.89,4609.77
3255.82,4442.8
1840.07,3073.33
2494.76,3424.88
6794.2,11724.79
1773.94,3078.6
2304.49,3363.09
2536.77,3641.43
1072.75,3039.67
1835.56,2833.75
2359.61,3127.96
7169.15,6644.2
1371.42,3086.9
1795.34,3986.96
2224.11,3643.09
2181.82,2713.79
1375.24,3328.89
1587.34,2480.71
3639.55,4745.86
3604.01,3897.38
1095.26,1404.29
1795.65,2693.47
2424.45,3725.87
1707.38,3766.29
2517.77,3267.1
2746.8,4127.1
4514.87,4726.86
3150.72,4724.8
4270.79,3936.06
2057.31,4755.9
5795.43,7038.61
4044.48,5051.94
11787.1,21110.17
3200.03,4962.29
1345.14,1846.87
1209.71,2727.17
2672.64,3039.77
5764.84,4657.24
3169.57,4877.1
2426.22,2701.97
3256.1,4841.89
1727.85,4333.63
5637.97,4608.81
1704.06,2876.22
1593.64,3121.66
5186.63,4726.1
2925.16,3041.63
1380.6,1548.05
5463.21,4574.25
6929.61,6029.43
1955.2,2679.79
2584.72,3258.04
2433.65,4537.93
2205.68,3629.04
1702.35,3082.73
1378.58,3234.81
2482.01,3043.05
1507.01,1893.72
3149.56,3206.35
1173.34,2377.16
1072.03,2702.67
2468.02,3884.85
3181.36,4756.89
2446.3,4516.5
1126.42,2678.15
1687.53,2087.27
1966.05,2584.79
2187.93,3574.0
7997.71,15835.92
4475.85,4143.93
5172.95,5330.64
4328.84,5478.93
2285.48,3901.73
3703.77,3826.85
1433.61,2802.47
2537.94,3153.3
3846.99,3579.24
2352.72,4543.02
2059.89,3097.61
4299.58,5634.62
1022.46,3287.03
2235.7,3303.61
1551.89,3867.63
4009.09,4792.53
1968.58,2700.73
1373.27,3841.96
3293.86,3667.53
2517.13,3222.77
3271.81,4666.45
2467.9,4162.15
1973.91,2546.3
4369.71,3756.47
2680.89,3540.38
3817.1,4957.36
1427.72,2380.52
4017.58,7081.36
2467.07,3334.83
5652.79,6123.65
2845.15,3528.1
1748.33,3050.39
943.19,2842.75
2149.76,3540.25
5097.48,4602.86
4863.78,4831.96
7258.04,5693.98
2931.89,4634.4
1302.87,2648.99
1245.18,1400.41
1449.86,2154.14
2158.26,2725.11
1460.8,1887.99
2934.43,3944.11
5496.72,4111.4
2201.7,2477.68
4157.59,5618.46
1473.71,3083.91
2852.59,3938.93
1510.66,3423.81
3486.61,4810.36
2021.06,3130.34
3481.73,4226.46
2021.28,2590.63
3149.93,4403.74
3551.03,4266.03
5293.78,4227.9
3366.8,4576.72
5014.15,8414.97
979.74,2872.05
4137.15,4825.5
1185.71,3233.14
2061.34,2666.0
3996.74,4501.82
5172.66,4834.62
1794.64,2876.3
4487.81,4941.26
2519.05,3957.8
3405.29,3683.93
2519.3,3011.21
6558.72,6313.31
6118.53,9775.23
1930.6,3917.39
2119.44,1922.72
910.97,2740.75
3148.94,4462.95
1782.08,3830.43
2126.55,2449.28
2213.69,2807.1
1662.17,3307.0
2442.75,2703.41
1074.38,2862.84
3919.75,4975.7
3041.58,4558.4
3031.56,3765.32
1441.63,2405.57
5030.11,5349.35
1497.42,3744.2
2547.32,3296.1
1543.76,2746.81
4042.14,4307.23
1468.3,2670.94
2567.84,3337.65
1809.81,2035.98
1125.58,2697.21
2369.44,2356.59
2248.49,3817.27
1986.72,3036.08
1748.24,2597.67
4814.93,4644.75
3918.42,4389.29
3909.29,4767.99
5139.98,5370.64
4516.43,4805.78
4130.04,4573.35
4187.84,4433.25
2264.1,3223.91
3969.91,5026.43
2618.18,3333.93
1596.98,2437.61
2222.98,3821.94
2780.06,3441.19
3286.14,4248.42
1423.23,2442.2
2227.48,3662.93
2480.9,4164.4
1761.49,3058.96
2326.65,3111.94
3908.63,4396.1
2447.28,2805.23
1149.51,2883.51
1986.06,4226.02
2199.59,3294.39
3886.4,4641.28
2049.47,4584.76
2743.03,3172.61
1695.54,2595.82
3778.15,5039.23
2137.17,4609.27
2367.89,3008.33
2118.49,3785.16
1087.13,1773.46
1860.11,3148.28
2709.27,4225.03
2112.66,3032.14
3121.66,4167.06
3314.39,4528.17
2572.54,3830.64
3418.96,3801.55
1427.26,3685.16
1555.86,3541.37
3169.26,3187.27
3422.25,3414.26
2407.33,3963.94
4194.08,9492.18
2398.28,4219.73
3521.89,4404.2
4396.79,5172.46
3621.12,4268.73
4360.56,3952.85
4984.53,5032.28
2348.22,4672.44
1402.75,3159.71
3924.78,5709.94
2694.96,3205.61
3539.55,4916.87
2693.37,4089.41
3641.54,5141.32
2063.24,3499.87
1676.48,3816.8
2319.9,2226.41
2252.29,4841.73
1816.31,4241.65
1755.42,2207.38
1614.48,3785.26
1873.91,2567.3
1581.62,2456.65
6219.69,5658.49
1692.21,3602.48
2371.37,3443.12
2625.25,3386.95
4910.33,5944.7
2681.51,3085.61
3184.27,4313.27
1398.05,2784.98
3792.67,4312.25
3013.31,3648.66
3255.35,4129.87
2121.53,4628.02
4155.5,3498.38
7115.38,6290.57
3325.6,4398.07
2353.58,2723.17
3355.03,4600.49
1153.24,2695.5
1171.83,2474.87
2457.75,3107.58
2202.0,2689.35
1902.83,3168.05
2286.85,3234.83
2648.92,2991.98
3078.99,4067.5
2344.81,3288.42
2386.5,2707.65
1884.48,2282.06
3565.54,5433.18
2897.33,3224.25
6091.05,3808.25
3259.43,4137.0
1531.82,3103.6
594.04,2154.12
1838.29,4151.46
6434.17,5421.39
2517.2,3633.81
2528.5,4848.03
3164.86,3302.12
5027.54,5326.4
3247.76,3823.19
4982.24,3870.47
3089.79,4127.99
2413.23,4703.21
1838.88,2856.42
4340.32,4361.74
1571.86,1945.17
1811.24,4650.47
2771.11,4412.93
2164.32,3386.79
1251.36,2483.23
4167.78,5115.5
3134.46,4880.52
2068.2,2800.68
1647.37,3974.79
2132.02,3291.7
3019.1,4472.12
4181.01,4442.5
2931.76,4151.97
4934.46,5018.2
3831.26,5693.44
3045.08,4499.44
2603.36,4167.53
2011.94,3048.01
2922.59,3513.72
966.04,2188.28
4796.86,5534.28
3562.74,5685.61
2692.22,3977.51
1776.94,2639.3
4198.3,5140.7
3631.28,3905.83
2608.88,3214.46
2019.31,4083.49
3440.11,4386.25
3393.69,3948.56
1902.12,3034.16
7463.17,16913.7
2142.65,3713.87
5469.72,3958.67
1828.28,3776.26
2700.35,4270.54
3103.36,3314.35
1336.53,1382.49
2177.86,22838.07
2824.53,3437.06
4794.93,5287.86
3706.75,3948.87
5142.07,5431.29
1736.33,3122.47
3649.77,5595.43
968.01,1334.11
2262.44,3683.08
3177.23,4731.8
2026.75,3837.87
2483.35,3391.13
3430.02,5092.23
1550.88,3127.59
3453.91,5104.4
2116.47,3981.01
5487.15,5646.27
2604.87,4179.85
7698.26,10835.65
3834.71,4261.07
6392.06,6082.93
5413.35,5456.69
8653.87,5236.29
1151.92,2754.86
2196.59,2591.69
1580.44,3284.79
3522.66,4617.45
6150.33,9354.99
2344.06,2460.44
2690.08,4289.23
2669.61,4065.44
4610.03,4944.78
2840.76,4089.5
2538.01,4945.66
3015.82,3678.54
2074.53,3125.99
4562.76,5274.91
2560.99,4281.97
4293.28,5161.65
2159.01,4223.45
2699.7,3280.24
2132.95,3789.74
2537.96,4102.51
2021.12,3575.64
1484.87,2819.38
2887.15,3437.73
912.5,2186.04
1807.76,2661.69
1623.71,2424.3
2533.49,3366.83
2378.51,3643.47
3709.96,5000.42
1795.59,2662.04
2714.23,4101.69
1360.41,2861.91
1067.38,1344.87
3056.47,3652.83
1893.1,2635.08
1972.03,2949.88
3328.9,3844.27
2706.73,4134.87
972.57,2347.43
4260.22,3944.3
3356.4,4651.52
2080.18,3518.96
4457.27,4723.91
5493.21,4895.99
3248.71,4376.5
2728.6,3469.77
4355.42,5641.9
1629.43,2967.34
5584.66,5412.56
2876.98,3719.35
2974.7,4674.91
2528.05,4604.25
1913.46,2912.59
2980.46,3224.61
7289.43,6301.51
3944.16,12181.9
5948.56,5233.07
2267.92,3156.95
4618.91,5267.1
1625.58,2464.52
2900.62,4517.39
3739.9,5077.11
1746.2,3015.12
3021.8,4200.91
1068.32,2515.71
3337.52,9881.83
3890.08,5697.0
811.11,2334.04
4795.17,5080.0
1281.07,2782.31
3440.13,4577.24
2585.27,3894.11
2677.29,3045.85
7784.58,5634.2
4610.59,4658.81
2011.2,3554.76
3826.11,4923.7
2967.22,4482.79
5368.67,5790.29
1686.54,4054.07
2655.22,4855.14
2647.72,2908.26
2992.37,4057.13
3642.62,4509.59
3760.15,3537.48
1667.1,2834.05
3356.61,3344.99
4436.11,4967.33
5015.06,5332.67
2077.28,4535.29
2788.82,3168.12
4708.22,4510.79
2979.13,4785.97
2938.84,4811.06
6700.65,4674.18
2921.1,4866.87
5369.6,6815.09
2718.8,3663.08
3692.06,4786.93
1868.64,2245.44
1543.32,2508.4
1559.45,1998.5
3088.01,4652.74
2204.91,2197.46
3031.39,2984.56
2755.88,3047.97
2806.67,3646.21
3215.6,5000.05
1196.4,1389.32
6625.55,5754.46
2080.2,2573.5
3128.98,4677.46
2109.11,3154.38
6674.28,5444.56
2943.3,4266.22
2838.61,3420.87
1563.67,2018.13
3632.8,4634.99
2104.31,3707.02
4058.4,4601.73
2698.56,3473.83
1335.17,1536.59
3063.04,4273.63
2534.02,3183.59
6245.35,5926.91
2185.98,3086.96
1808.93,2947.68
2355.08,3066.43
4906.7,5360.19
5879.85,5570.43
2989.79,4673.12
3101.13,3802.83
2244.96,3254.21
1128.37,2941.91
3970.6,2220.21
3045.92,3423.15
1688.73,3351.58
5684.81,4998.67
1235.76,1422.9
5132.17,4480.47
1736.68,3467.39
2757.53,3251.61
3034.39,4091.74
1536.09,1910.12
1288.35,2892.17
4217.78,4623.73
3539.16,3098.46
2788.02,3866.12
1771.14,1647.86
1983.77,4681.24
2035.05,3764.61
4441.04,4278.44
9749.41,10505.9
5374.85,4576.56
2491.46,3571.06
2315.78,4089.28
4586.94,4870.25
4399.26,4487.19
1775.31,4183.35
1022.58,3336.05
1285.22,2455.32
2532.5,3978.19
2368.63,4080.85
3568.06,4689.0
2597.93,3794.79
3751.69,4730.61
3254.01,4698.07
2061.09,3454.72
3382.56,3680.43
1985.57,3350.87
5267.71,4911.35
2719.77,2932.78
1551.57,2547.3
3925.61,3662.66
3136.31,4128.69
2929.19,4276.93
1831.96,3639.73
2055.49,3888.92
2288.92,3413.79
1696.52,3576.93
1520.74,2095.65
4387.12,4493.09
4533.4,4813.14
6215.55,5064.55
2914.97,4496.91
1442.78,1989.66
1809.1,2103.63
2539.64,2952.15
3019.08,4748.58
1212.14,2647.22
4050.09,5028.52
4254.61,4552.47
1871.92,2697.55
2111.36,3660.75
3166.33,3850.21
4868.91,5052.02
1770.6,3119.75
6103.12,5857.17
1160.95,1883.9
1259.1,2933.82
3687.55,4825.97
5431.08,6718.03
5439.21,5445.1
3372.53,4789.94
1829.73,2397.5
2392.73,2292.62
5075.44,5208.07
1441.42,2305.93
4387.67,4186.18
1931.52,3127.46
5815.98,5171.8
1266.75,2272.41
4515.71,5361.19
1178.75,1388.39
8780.14,6996.9
2003.08,3847.65
3185.8,4266.45
1228.51,1409.24
2285.99,3616.95
4309.32,4405.79
1998.66,3052.88
1847.7,4113.32
1551.45,3280.12
1628.18,3376.89
4135.35,4223.25
2275.8,3825.25
1500.06,2279.5
2851.56,4678.7
4582.2,3626.51
1633.93,3359.59
3158.65,3341.64
708.8,2562.83
3118.47,5029.42
3310.82,4517.1
3666.24,3743.04
4596.37,3447.65
5979.55,5644.86
2927.9,4150.56
2616.86,4629.17
1901.23,4049.25
4153.31,4107.27
1826.67,2859.29
1568.01,3810.02
2244.97,4614.88
2296.3,3885.16
2444.66,4217.64
2478.01,3871.67
3888.23,3844.75
990.73,1902.75
1684.12,2401.17
2516.01,3252.01
3680.99,4847.86
2300.82,3069.02
2048.08,3707.15
4543.7,5332.16
1081.63,1777.54
5951.72,5379.57
3407.9,4331.89
2063.4,3045.41
1533.83,2737.88
3492.22,3578.71
3140.54,4868.16
2141.14,3343.8
1996.9,3728.34
1319.6,2759.61
2727.33,4061.34
2000.06,3475.58
1620.35,1932.23
5264.57,5659.74
2169.9,4091.46
2215.67,3033.15
3314.11,4944.82
2376.57,3274.49
2865.41,3644.95
3072.66,4468.85
3334.94,4247.87
1891.95,3940.78
2461.03,3427.7
1372.71,1394.85
1249.51,3049.0
4523.86,5278.23
3642.58,4094.84
1251.04,1851.41
2040.21,3747.88
3110.81,3878.94
4812.55,10845.93
4220.96,4803.58
2760.42,3259.25
1860.62,3076.59
685.93,2395.78
3249.55,4872.94
5130.85,5733.52
3768.04,4619.11
2805.54,4166.26
1970.28,3790.06
2076.08,3889.79
5887.3,5314.28
3197.3,4990.09
2002.95,3172.51
2118.93,3621.72
4628.57,3826.97
2963.82,2963.78
6369.79,5478.84
1737.57,1480.03
2715.83,3718.87
1896.06,2937.95
5581.73,6224.04
1896.13,3292.45
1798.05,3828.51
1886.42,3083.86
3486.61,4810.36
2981.82,3753.16
1875.19,3595.92
1520.64,2254.59
1240.2,2772.47
2153.04,3138.04
2389.68,3221.9
2112.13,2176.8
2088.63,1497.18
895.27,1881.78
3835.59,3167.05
1301.05,2768.1
1016.17,2189.87
5014.55,5462.31
985.12,2850.19
2919.26,4070.5
1433.89,3081.02
1724.17,3915.7
2055.45,4057.0
3639.18,3968.96
1309.22,2644.31
5033.53,5445.53
3373.35,4657.58
3840.37,4325.03
6615.64,5829.32
2859.14,4117.59
1528.5,3233.04
5251.22,5372.32
4438.76,4386.53
1389.91,1389.38
2166.5,3104.81
4252.74,5650.39
3483.88,4777.93
2700.16,4264.04
1477.74,3450.2
3156.88,5011.64
4969.38,5237.43
1596.66,3196.38
2110.4,3039.79
2351.75,3989.39
4650.94,5274.44
2835.11,4857.89
2333.31,3058.95
1274.66,2179.74
2469.57,4141.02
2587.21,3878.42
3365.91,3877.28
1700.26,2475.85
1833.67,3129.52
2810.12,4488.69
4335.95,5612.57
1610.53,4056.57
2852.1,4572.24
1316.14,2279.88
5670.59,6543.17
7209.0,6611.81
3177.29,4539.29
2357.94,4301.29
6245.76,6004.65
2428.28,4431.36
4039.13,4740.26
2664.07,4157.05
3742.49,2521.32
2297.43,3684.34
2372.47,3498.41
5506.62,4278.89
1753.51,3058.99
3999.27,4349.01
2014.34,2718.64
2099.72,2809.54
2111.04,2885.02
5456.43,5785.16
2274.23,4224.64
3520.59,5189.35
854.23,2608.91
5025.83,5010.68
5173.39,5396.58
1969.02,3624.65
2180.34,4001.12
2524.52,3602.81
3727.04,4239.97
2614.6,4913.05
3908.86,3991.42
2542.42,2935.74
1901.82,3666.08
985.04,2733.67
2734.62,2611.02
2250.48,3096.99
1648.88,2868.18
1385.81,2412.0
2027.88,4612.62
3257.35,4626.45
2641.06,3237.09
1221.69,3303.02
4981.41,5422.49
2226.84,2469.19
4640.21,4822.17
2628.84,4321.98
1959.57,2589.91
1383.65,2280.51
1683.69,3201.02
2511.07,3457.82
1611.51,2674.56
7608.01,10452.11
3005.36,4132.43
1853.4,3029.24
2685.87,4252.95
2855.4,2079.59
2971.45,4409.56
3174.63,4579.32
1785.47,3353.26
3928.49,4588.17
1516.51,2156.68
3657.27,3735.34
2325.68,3783.75
3224.39,4268.63
3718.74,4048.4
2833.36,4108.52
5646.12,5021.65
1534.99,1347.23
860.0,2718.37
2385.27,4686.71
1667.6,3336.01
7069.47,5602.67
4733.11,5111.28
1487.08,2452.43
4501.95,5564.17
2991.76,3928.63
2608.99,3825.02
4682.31,5586.3
3242.21,3767.63
2206.39,3955.42
1647.94,3294.2
4002.26,4683.63
1475.58,3351.91
1963.81,3306.36
2980.41,3396.59
2195.41,3541.33
3391.79,4282.4
7454.71,6283.72
1940.0,3303.17
2861.96,3599.43
4883.42,5344.77
5460.48,5055.43
2234.93,3032.87
1305.55,1404.75
4048.66,3666.74
4602.66,5351.85
5275.93,4753.06
3021.9,4656.24
2197.41,3472.93
6406.32,5476.87
2284.03,4361.61
1599.45,3364.94
3048.58,3421.95
943.67,2629.08
3836.18,4533.08
1697.04,2886.48
2903.81,3594.43
2805.27,3029.11
1592.52,3362.22
7069.69,6993.88
2973.72,4248.46
4411.19,3977.33
1665.64,2369.9
3219.94,4774.68
3673.05,4437.97
1415.18,2069.2
5345.4,5436.4
2208.92,2553.86
1423.98,2975.7
4454.88,4328.78
4209.87,4706.53
2595.18,3568.67
1809.1,3931.32
4847.03,4781.77
3669.77,5346.84
3774.73,4901.27
1300.52,3230.13
1643.75,3595.05
1487.09,1884.09
4362.88,4801.98
2845.95,3902.72
2144.2,3397.54
2374.94,3404.37
2702.38,4117.83
3759.84,4812.08
2419.25,3203.21
2480.49,3272.59
3826.03,3824.81
2764.78,3383.44
3797.69,3969.43
2093.36,2826.53
3138.19,5259.7
3245.5,3564.45
3737.41,3864.28
1373.68,2159.84
2996.3,3770.62
1870.04,3012.22
2376.18,4597.28
3893.88,4693.39
2120.8,3049.9
4222.2,5145.92
2449.6,3284.15
2879.7,4486.64
6058.84,5548.88
5412.52,6223.82
7997.71,14427.01
1668.26,3005.17
1373.49,2661.88
2134.08,2575.47
1488.61,2862.12
2468.53,3258.67
1130.52,2678.62
3675.98,3707.21
5462.76,4536.35
2290.89,2868.21
3458.26,4750.8
1681.99,3042.38
1599.27,2635.34
5267.61,4368.5
3763.61,5083.71
2886.77,3460.68
5282.73,5126.11
3361.84,3415.83
5719.42,5062.77
1776.7,2804.83
4191.21,4744.1
2294.01,4420.83
662.21,2249.74
2623.83,4449.85
920.47,2189.52
2586.4,2889.39
3195.78,3950.52
1319.99,2804.01
3520.75,4581.39
2450.95,4168.02
4045.08,4043.18
6183.34,5686.28
794.43,2007.95
2390.84,3009.52
4083.07,3799.71
2745.36,3561.85
2357.42,3307.2
3686.95,4260.93
3015.97,4303.75
1655.63,3444.62
3577.86,4541.73
2399.29,3472.04
2317.11,3813.83
2591.74,3253.29
2157.8,2356.68
2076.34,2624.49
2909.51,5089.53
1662.41,2899.74
4482.52,4404.3
4961.06,5743.3
7419.94,5856.93
4664.93,4970.27
5859.18,4795.95
2782.4,4173.61
2277.93,3344.44
2657.12,3141.17
2103.06,3072.23
3468.68,4282.43
1413.08,1441.71
5483.99,5604.02
3828.15,3927.61
1776.14,3118.65
2144.72,4078.99
2702.65,4748.56
1540.42,1967.74
3923.67,5172.54
1959.93,3253.49
1030.45,2001.57
8359.86,7047.29
1670.32,3346.85
2812.27,3438.9
2586.55,4144.0
2366.75,3500.88
3228.71,4568.44
2322.59,3783.6
3496.2,3372.47
2792.63,4161.71
4159.69,3970.84
1500.16,3799.59
1376.76,3178.73
2608.6,2791.09
862.92,2186.1
3225.6,3744.98
2562.19,4270.33
4405.81,4051.87
4183.04,4121.97
3243.76,2520.02
3362.6,5109.69
4287.4,5580.44
2110.81,2572.53
2791.0,2688.46
1794.05,2531.24
837.53,2571.01
1615.3,3009.66
2042.61,3315.54
887.16,2588.93
4680.42,4772.88
1079.75,2649.18
3858.08,3964.79
5084.2,3979.5
2234.49,3432.34
3165.44,4715.48
4306.97,5309.26
1928.09,4178.23
3548.56,4731.54
1821.73,3121.6
1724.27,2368.25
3404.83,3336.75
2569.16,3403.82
1411.82,2659.0
2455.14,3944.08
1475.46,3924.86
5414.77,5471.31
2823.62,4553.36
2980.74,4174.71
3323.12,5097.76
3130.19,4627.65
4634.21,5248.65
3399.83,3875.05
2533.69,4195.25
2220.96,3534.28
3167.93,4740.03
2147.13,3325.32
2483.28,3713.11
4694.9,5643.3
5116.69,4890.53
3116.56,3204.24
3216.18,4083.57
1423.69,3033.74
822.66,1965.3
3288.32,4275.22
5770.8,5415.7
2033.05,3337.52
8601.04,8055.64
1353.85,3038.15
2127.58,4088.59
4866.47,4807.5
3981.25,4090.97
3833.01,4627.39
778.1,2590.55
831.29,2681.91
2000.92,3398.14
2578.27,3281.24
2700.65,3474.81
1830.03,3095.25
725.68,1109.71
1546.4,3576.09
6310.46,5362.19
1867.41,3184.91
3580.75,5006.39
3907.06,5567.34
2016.97,3193.36
2675.26,3195.97
2578.09,3258.87
4561.37,5652.33
3480.46,4317.23
3156.55,3645.56
963.5,2729.33
7671.72,8280.28
2498.25,4849.33
5040.02,5212.84
5267.28,5454.95
1315.03,1358.21
2217.55,3090.01
4275.15,4854.42
3337.73,3627.97
3157.99,4055.9
1917.95,2538.07
2176.94,2879.91
5061.37,4742.99
1566.38,3115.78
1152.01,1378.56
4921.25,7654.57
1875.34,3233.06
3000.32,3694.52
5483.05,5563.15
3054.98,3998.17
2912.2,4181.35
1902.48,3002.05
1478.12,2848.21
3040.37,4088.52
7458.69,5536.08
1968.25,3198.03
912.28,2662.94
1942.36,2336.82
1224.91,1395.99
1677.69,3446.09
2549.67,3141.95
3982.2,3801.07
3434.8,4246.91
2579.29,4091.08
4912.25,5612.68
1384.95,1440.54
2042.26,3351.56
6177.44,4979.43
5973.08,4496.51
4018.65,3890.02
3382.68,3788.5
4426.75,5641.44
3332.8,5074.76
5345.77,4929.43
1370.06,1884.45
1947.48,3071.12
1826.88,3094.56
2548.67,4195.37
4962.43,5288.58
1172.84,2857.81
1761.16,3160.27
2590.75,3641.39
1276.25,2873.05
1472.76,2982.35
1328.56,2638.82
1555.52,3065.94
1986.43,3938.88
2933.0,4477.21
3294.08,4995.72
2251.4,3018.47
5933.85,5007.48
1870.11,3157.53
1643.67,3421.45
3340.06,4401.04
1121.29,2913.11
2236.99,2867.36
6503.79,6074.67
2513.36,3375.35
3742.93,5024.68
3815.38,3724.84
1442.86,3459.99
4264.11,4513.26
3003.97,3617.13
2610.38,4192.16
2807.71,4173.66
1358.25,2601.54
2860.42,3014.61
2624.27,3366.36
1189.37,2741.9
2719.24,3057.92
5531.74,4768.01
4095.37,4181.39
2628.87,3253.04
1575.44,3248.99
978.92,2257.8
2766.58,3617.99
1867.61,3747.57
3122.42,3360.55
3549.62,4128.54
3211.7,4230.29
4133.91,4791.93
4116.09,5554.67
6154.78,5455.78
2722.58,4024.3
3069.54,4648.12
4016.94,4131.8
6505.8,5296.97
5361.15,5711.01
3469.54,4933.06
1016.23,2677.99
2810.09,3942.52
1435.68,3779.97
5548.47,4653.99
3277.92,4202.0
1659.11,4090.16
3831.73,5790.64
5092.25,4725.11
4079.48,4636.68
2265.65,3763.18
4459.34,4784.79
3619.7,4379.65
2279.66,3615.22
2768.25,4188.96
2693.3,4404.04
4604.67,5167.89
3022.55,4424.95
3409.44,4547.31
2282.01,3433.12
1876.98,3844.35
1751.0,3047.21
2055.09,3198.48
3197.95,4881.56
3018.48,4076.82
3197.46,3851.8
4778.39,4298.21
1070.96,2610.74
1810.4,4153.73
1287.08,1340.41
5054.17,5268.13
2541.84,4420.58
2570.18,3736.95
3124.23,3620.6
6333.55,5053.55
2569.45,3245.29
3870.09,5560.68
3343.87,4196.94
1938.46,3768.45
2747.85,4337.5
4313.31,4462.21
4668.79,5353.16
1535.65,3128.65
2362.11,3733.69
2404.24,4063.15
1893.42,2553.19
5297.13,4797.42
1400.26,2150.72
4378.5,5054.48
1626.56,1818.99
1248.52,2725.08
2511.65,3203.98
4532.29,4309.88
1531.92,3289.34
6589.48,5870.02
4038.35,3732.07
2433.25,3333.68
2354.77,3990.5
6174.38,5447.78
2497.06,3226.54
4831.33,5326.7
1379.77,1591.22
1923.83,3527.66
5891.11,4966.9
6763.01,5514.86
4256.55,5725.67
4690.74,5323.59
1845.66,3645.48
2087.2,3896.92
3264.26,4924.92
1508.74,3261.96
714.4,2536.29
4190.84,3604.37
1731.43,3361.79
3632.53,4106.76
1488.1,3090.36
7985.23,14631.78
3510.71,3272.1
5652.69,4243.1
1113.51,1402.38
2551.47,3975.11
2486.5,3544.52
1713.65,2923.71
1113.75,1254.14
983.3,2735.87
4619.85,3781.07
1393.64,2035.1
969.32,2760.33
2207.65,2888.88
1657.47,3592.85
2836.95,3929.83
2174.04,3880.74
3230.93,5602.74
2848.81,3954.59
6086.11,5815.09
1452.05,2760.18
3279.16,3843.39
6463.71,5537.32
1847.06,2614.67
1064.05,2327.59
4716.65,4733.93
1988.6,2994.93
2948.53,4231.89
1719.45,3368.41
2665.29,3513.12
3365.77,3799.47
5247.55,4614.38
3195.44,4458.22
2858.46,3401.26
6696.1,5897.07
4123.25,4794.0
1530.13,3089.19
1848.94,3166.19
1776.14,3118.65
2403.94,3544.18
6232.91,5343.95
3010.86,4716.13
2744.38,4203.08
1548.73,2888.22
4768.98,3807.61
3819.87,5254.16
5203.2,5473.44
785.79,2566.32
2779.24,4721.57
1001.55,3155.04
6000.16,5999.66
724.46,2571.58
3117.27,3489.36
2439.42,4432.7
5279.66,6221.46
6072.0,6631.7
2856.02,4845.09
1275.6,1402.95
1111.21,3059.66
3449.25,3830.54
2751.74,4247.0
2546.86,3447.95
3803.45,3792.53
2067.71,2570.92
2539.16,4118.29
3524.68,5022.53
4078.22,4775.95
2277.86,3292.25
2604.24,3783.97
1716.36,2432.1
2436.26,3971.9
2735.16,4520.5
2623.66,4233.37
2705.55,4103.88
2661.25,5070.04
3054.98,3998.17
3262.4,4574.06
3952.92,4697.59
2450.7,3107.85
7782.52,19086.17
1574.11,2861.81
1586.72,3755.75
5729.87,4653.5
4035.44,5717.7
3016.26,4675.41
3400.99,4755.1
2308.94,3777.96
2595.62,3629.02
5373.64,5341.17
2438.99,3753.65
3634.34,3518.37
3849.36,4142.99
4807.18,5335.91
2849.72,3299.91
1782.0,3542.25
2794.66,4157.68
2656.04,4001.98
4620.85,5444.48
3113.14,3986.46
2954.51,4425.56
3155.75,4653.78
3096.29,3549.82
4528.65,9677.57
2392.44,3779.32
4166.22,3700.07
989.09,2988.34
1813.17,3214.4
3322.04,4644.73
3611.22,4962.08
4784.38,3745.61
935.79,2189.78
1968.5,3219.89
2074.59,4700.82
1977.69,2627.79
1442.26,2822.99
1028.26,2527.85
2239.34,4098.72
4178.2,5032.88
2757.18,3670.16
3755.95,5798.63
1135.29,1388.38
8038.89,9517.39
4403.3,5095.26
1378.82,2866.6
3735.5,4549.81
2714.65,3420.41
3055.81,3290.01
2373.37,3375.81
6536.43,5587.53
3375.98,3056.61
2533.48,3257.02
1413.24,3317.01
1421.66,1885.77
4761.23,4539.88
3939.71,5012.53
12353.6,13389.36
1190.04,2515.2
3881.49,4149.44
2602.8,4059.8
2939.22,3525.41
1605.23,2657.93
3345.33,3918.26
2402.03,3860.94
5640.03,5170.79
2154.25,3749.62
1966.5,3223.43
3088.65,3907.66
3961.4,4126.98
3205.62,4226.07
3132.31,4109.83
3204.39,4109.0
5311.43,5045.56
1360.62,2952.19
1294.41,1897.22
2704.22,3251.89
2897.97,3971.39
2329.26,3608.79
2505.8,3586.47
3769.49,3786.99
2799.25,4038.72
2297.65,3379.75
2901.96,3869.7
2201.95,4285.44
5253.57,5579.61
3042.25,3579.46
5007.42,5945.5
3166.21,4404.94
4513.81,3739.67
3170.89,4687.3
9141.31,14256.42
1558.36,1841.99
2934.68,3913.78
5441.35,6576.92
2021.31,3656.7
2202.83,3105.41
4651.83,5362.47
2503.34,4021.03
2531.92,3505.92
5981.07,5511.57
3031.91,2188.27
3695.07,3733.48
5151.75,4612.03
3496.58,5411.06
2322.5,3352.04
1184.65,1504.52
1139.76,2823.6
3368.84,3828.17
1975.96,3196.71
2348.78,4058.5
1670.9,3157.13
3613.63,4634.15
2473.64,2795.94
3069.2,4569.74
5079.89,5181.24
1663.83,2320.37
1278.3,1384.12
1300.61,2073.72
1102.29,2213.67
4187.3,4934.96
2046.92,3214.1
5968.12,6149.79
1401.85,3087.12
1438.02,2871.87
1935.99,3400.75
3010.99,3716.69
2905.61,4053.48
2270.11,4188.48
4613.87,5373.18
3381.69,2859.81
1943.29,3928.86
1730.48,3348.65
1738.22,2288.0
5698.94,5058.55
3308.42,3634.46
1756.05,2196.4
1441.47,2336.83
1884.58,3041.14
3624.83,3602.24
1871.73,3054.31
2186.24,2576.01
1486.72,3078.87
3247.64,4215.09
1282.88,2508.98
1496.85,3085.85
4378.08,4834.97
2573.85,3934.46
6576.96,5435.4
2181.19,2658.75
2334.14,3200.13
1344.67,3001.97
1035.58,1757.11
4379.39,4519.39
3541.1,5244.0
3304.0,4719.2
2295.08,3849.38
2516.49,4091.52
4470.21,4499.12
8073.4,6077.62
1041.79,2812.92
2461.41,4615.27
5398.52,5130.63
4426.99,4533.62
5107.99,6470.69
1353.03,2829.93
2997.69,3515.63
2237.51,3516.36
889.37,2623.84
5489.12,4922.39
1225.92,1386.59
4338.42,4496.0
706.87,2547.98
5954.04,6045.44
3929.07,4740.32
3153.74,4118.49
5457.08,5368.83
2925.25,4794.81
6130.76,4920.1
3931.31,4032.38
2209.69,3089.62
1677.32,4170.47
3296.5,3895.62
2693.22,4345.7
2526.03,4048.7
2013.39,3739.21
3641.85,4228.69
2145.37,3149.94
2931.36,3356.96
2851.73,3225.69
3594.87,4806.56
4976.92,6425.83
2164.8,3211.79
6022.75,5777.4
3494.1,4274.62
1487.29,2969.62
6426.28,5817.93
5093.59,5417.54
3796.55,5570.67
2473.26,3981.3
875.98,2349.57
1326.43,2269.38
2564.18,3793.71
2107.63,3104.67
3169.46,4205.43
7345.57,5946.87
1563.92,3091.55
1166.95,2583.88
2558.14,3971.69
5593.51,4971.1
3586.45,4379.21
2374.97,4180.98
2873.32,3239.71
2271.77,3542.96
3746.34,4472.22
1328.26,2381.11
2108.28,3193.33
2067.07,3695.38
1291.23,3230.75
1293.86,3255.74
3809.94,3739.5
1637.56,3448.6
2372.25,3030.64
5598.9,4916.64
2123.61,3128.33
4690.94,3782.23
4146.98,4753.46
2494.56,3734.15
1534.27,2618.7
5161.85,6241.6
2807.56,3827.67
4656.41,4622.04
4711.34,5638.04
5601.3,4669.17
1487.39,3325.2
1591.33,2425.47
1247.39,3039.2
4096.95,4582.02
4597.72,5069.34
3386.63,3480.99
6618.46,6255.23
1103.83,1397.24
2599.36,3071.69
2018.5,3505.57
2552.84,4208.91
2378.77,3270.15
2227.78,4165.86
2409.38,3889.44
4729.76,4140.16
2414.88,3679.38
4683.95,5678.69
1488.95,2293.51
3129.69,3216.91
1386.55,3547.07
2204.05,4030.88
2629.64,3309.36
4110.36,3812.11
1669.43,3088.91
3196.1,3844.41
2010.67,3592.2
3344.26,4556.4
2836.06,4039.78
3938.2,5041.95
2245.21,3578.28
1223.24,1376.69
5853.4,5631.0
1192.39,1362.82
2723.2,4716.22
5126.27,4986.31
1339.03,2966.73
3493.85,5090.75
4908.9,4185.17
3712.66,4522.38
5791.95,4949.89
7155.52,6360.91
4583.8,4856.14
2495.8,4861.61
2258.95,3646.95
4488.52,5304.53
2083.88,2366.55
2136.13,4421.48
5829.76,5271.02
3981.3,3877.05
6295.22,5632.77
5768.89,4950.42
1604.44,2689.31
2501.28,3406.72
6071.95,5025.03
1937.75,3646.45
3869.14,5010.74
1766.24,2720.08
5832.78,4992.6
1549.56,3073.81
5243.5,5147.24
2596.22,3498.92
1279.69,2607.76
1321.97,2803.86
3000.47,4134.59
1899.07,3445.77
2147.63,4001.02
2572.87,3621.89
2190.93,4207.77
2145.7,3120.86
5818.88,6242.72
2058.94,2281.04
2496.1,3680.23
3823.36,4553.55
3872.0,4295.74
6401.3,4425.16
4782.81,3510.78
4262.46,5005.07
1980.24,3025.54
5851.95,5736.17
1040.41,1765.97
3699.24,4901.89
5837.65,6125.18
2345.62,4126.58
3038.71,4204.83
1267.41,2766.45
3683.19,4734.87
2510.49,4170.87
2904.82,4031.31
1834.88,3789.02
2266.84,5068.07
3047.55,3861.62
2812.16,3311.93
2828.47,3334.66
4205.36,4555.39
2524.87,4650.17
1508.92,2820.57
1904.11,2538.11
5947.76,5773.79
5450.48,5915.02
2711.83,3275.85
10788.7,6698.54
2957.9,4269.79
2547.94,4138.51
5028.01,4997.51
1660.11,3288.74
5045.12,3868.33
1938.26,3048.24
3346.25,4485.4
5000.84,3391.8
2812.01,3883.94
4596.78,4470.15
2121.48,2867.26
4408.32,5059.56
2974.65,4724.4
3882.79,4741.42
3706.5,4389.63
1490.28,2558.99
3053.91,5309.78
7193.56,6382.79
2563.74,3243.65
4378.14,5005.52
3665.19,5540.52
4420.37,5152.3
3337.68,4126.18
2092.01,3079.75
3953.98,3987.12
2188.63,4647.11
1779.07,3563.85
4475.78,5319.6
2447.25,3900.52
1763.52,3050.61
1267.3,2738.97
2864.69,3407.74
1628.54,4085.97
4597.94,4174.52
1910.14,3640.71
2466.7,3580.69
2728.7,4098.82
1535.01,3428.63
3022.62,3945.13
2220.1,3017.2
1325.82,1981.41
4653.51,5170.67
1137.45,1820.16
1898.03,2792.03
5211.44,6279.6
3911.13,3847.27
2728.46,3216.13
1166.4,2847.55
1546.59,3108.03
2193.78,3138.06
2194.29,4198.92
3327.23,4497.34
6360.37,5542.8
2421.4,3562.89
2859.76,3274.33
4951.77,4812.32
2064.54,3896.0
1024.58,1773.25
1767.35,3383.63
1027.31,1768.76
1743.51,3486.9
1915.45,2828.43
2627.13,4056.1
2232.24,4276.74
4525.74,5523.51
2744.37,4647.26
3638.33,5557.71
3870.83,3874.81
2181.63,4426.03
3526.46,4584.14
1068.45,1769.09
4360.53,5307.55
2349.37,3236.52
4003.26,4361.68
1789.89,2675.4
3897.94,4453.32
1707.83,1976.9
3531.21,4276.76
1716.51,3032.46
2271.46,3543.62
1832.45,2576.84
5062.94,5711.53
1772.41,3372.18
2155.71,2380.65
1212.39,1947.98
2762.44,3225.86
4093.38,4277.09
2145.36,4554.03
3225.1,4615.36
2001.11,3509.72
3039.76,3698.16
3226.65,4050.32
2406.31,3966.22
2668.06,3226.8
3866.53,3867.88
2589.96,4697.47
2060.76,3097.03
3958.52,3228.12
4198.22,4825.48
2618.32,3265.21
5103.05,4226.99
1973.9,2960.33
2541.6,3964.89
1619.61,3041.31
2108.33,2335.32
1204.38,1369.36
3353.19,4446.0
2830.2,4403.55
4723.69,5001.17
4296.59,4011.41
2442.32,3209.2
5090.36,5045.99
1197.67,2675.01
2450.82,3407.67
1008.83,2676.52
3004.12,3770.15
2115.56,2661.84
3725.47,5059.68
2652.63,4347.93
2103.16,2533.4
1796.49,2522.4
3645.38,4567.98
2630.54,4429.97
1616.14,1433.22
1698.16,3199.33
2508.78,3841.88
2215.98,3236.46
2738.47,3731.98
3710.34,3326.84
6121.41,5810.43
2396.5,3934.41
2294.63,3102.68
2136.42,3793.72
2327.61,3236.37
3989.22,3928.54
2557.39,4076.57
2668.32,2383.64
2292.54,3562.03
2536.67,3978.55
5522.32,29068.17
2082.16,3231.82
4609.11,4783.71
2999.55,4140.28
4429.52,5536.19
2511.84,4119.02
2733.58,4242.07
2438.87,3873.88
1696.75,3240.6
3334.07,4205.8
1722.81,3098.25
1905.03,4250.26
1403.03,3747.47
4433.67,3782.61
2257.24,3554.76
3129.92,3477.96
1500.82,1366.45
6372.16,4248.76
3162.16,4794.54
4567.34,5265.0
970.82,1382.48
3357.63,4569.28
1043.24,1914.34
1886.75,3105.15
2276.62,4112.21
4686.25,5245.18
2523.63,3644.41
2023.31,3050.56
2446.61,4011.96
2778.49,3243.98
4396.78,4014.41
2554.59,3116.94
4526.31,7514.78
3326.51,4173.77
3692.38,4446.55
4104.68,5285.11
4947.46,6145.75
3698.16,4643.69
1514.78,3768.58
2540.66,3773.12
7072.54,6140.64
1134.29,1889.33
2454.22,3630.92
1775.17,2585.65
3435.76,3952.36
2116.23,4040.11
5700.94,4297.11
6702.99,5914.58
1494.8,3904.9
3216.93,3492.42
2631.53,3227.1
1907.3,3402.57
1092.15,1865.07
1651.08,2002.93
3275.55,4823.46
2888.27,4222.24
2944.62,3847.02
1087.13,1773.46
2240.92,4689.87
6799.68,5178.3
5262.12,6328.7
4165.81,4507.49
1830.3,3617.63
2331.86,3159.39
4477.87,4722.15
2278.91,3364.63
4664.57,4235.47
5280.17,5396.56
3720.84,4710.09
2432.21,3851.26
8156.45,6668.84
4100.55,5665.58
3954.7,4135.04
2971.23,3318.05
2720.69,3608.22
2077.37,3202.66
1459.67,3724.91
1845.03,2499.42
1833.37,3300.0
2334.05,3737.67
2386.48,4597.1
2512.48,3639.11
3235.45,4695.62
2261.3,3577.93
2871.06,3621.14
2480.96,3273.87
3026.96,4313.33
1778.38,2103.99
4841.47,4832.95
1922.75,3853.69
2918.43,3857.41
916.32,2222.37
3345.45,4138.86
2084.69,3664.66
2387.91,3271.29
4465.75,4798.33
4141.91,4892.51
3820.98,4803.63
2107.7,4267.78
1308.27,1466.29
2530.86,3709.7
2422.1,3817.52
2698.2,3740.39
2343.23,4537.17
5203.51,5350.77
2713.57,3755.76
2009.65,3824.36
3380.96,4332.42
5956.31,5102.0
3461.6,3964.16
4686.88,4940.52
1384.91,3416.6
1725.79,2601.19
2064.39,2606.34
1550.33,2810.86
4069.15,4237.02
2270.87,3163.24
2563.52,4652.71
2759.56,4975.92
3385.95,4772.23
1915.29,3249.47
4214.49,4866.39
2484.18,4653.1
2298.81,2778.98
2864.38,3113.39
4073.81,4856.73
3734.18,4619.82
4376.96,13528.19
2981.07,3718.8
2218.7,3569.91
5868.94,5469.69
1256.89,2961.69
4792.32,4471.25
2715.98,3398.73
2156.1,3731.35
2761.99,3583.05
2447.66,4018.32
3972.52,5690.42
1225.4,1411.64
1851.99,4010.7
2755.88,3047.97
2891.74,4411.78
1304.66,2613.1
3519.57,4952.47
3637.03,3917.85
2368.33,4324.08
2136.86,3530.89
2386.03,4845.2
1717.27,2216.71
1769.2,2546.35
3709.3,3930.08
2000.86,4694.13
2853.04,4406.22
3562.14,3768.95
4939.04,4858.8
1193.25,1881.77
935.77,2843.69
2389.02,4049.03
2460.51,3282.57
5004.78,3906.41
1372.35,1928.92
4260.1,4517.38
4103.61,4602.22
2014.98,3071.02
1541.52,3140.63
2263.61,4159.56
2416.8,4621.0
759.01,2570.04
2845.11,4787.53
2612.22,4717.92
4311.01,5035.5
2652.15,4304.9
4379.81,5660.8
1985.06,2482.15
5726.32,5344.24
4734.51,5795.08
2232.46,3715.11
5282.91,5009.21
6806.41,5534.63
2699.4,3574.54
3406.93,5165.27
1913.22,2713.76
2647.74,3987.01
2295.75,3715.35
4315.52,3699.89
1831.07,3198.02
2028.81,4022.48
3067.14,4373.56
4635.4,5344.38
4375.65,4132.62
1931.28,2206.76
1939.99,3014.13
1484.35,3054.43
3858.02,4094.58
2194.43,2552.36
3328.86,4211.93
3740.91,5057.34
2934.1,3654.11
3335.98,3651.24
2298.5,4424.62
2423.82,4030.96
2742.6,2974.43
3293.87,5147.52
4276.54,5293.48
1541.55,3099.07
1769.82,2577.34
1137.59,1931.58
5395.75,5735.49
4448.76,5598.49
2769.81,4795.17
2858.42,3698.36
2038.51,2680.74
2032.59,3218.87
1843.92,2767.49
1679.66,3042.06
2520.82,4315.22
5734.81,5538.53
3920.08,3783.42
4522.21,5127.28
3523.97,4301.01
6179.13,5362.83
2849.33,3117.13
4375.23,5032.54
3582.27,3224.46
2404.19,3147.46
1330.85,2852.13
2815.56,4054.36
7253.89,6461.7
1978.37,2988.48
4527.69,5816.14
2107.42,3371.45
4600.0,3784.62
3382.32,3854.82
582.32,1814.31
2078.32,4690.59
1547.1,2231.59
4857.53,5631.89
2986.6,3549.97
2221.48,2643.04
2777.67,4710.85
3517.68,5048.47
2351.44,3342.08
1584.9,3915.03
3695.21,4416.34
4681.68,4112.6
2287.13,4007.2
2068.53,3365.58
2484.81,3746.76
3318.19,4720.9
4013.31,4371.63
2054.09,3190.1
1767.71,3505.47
3828.29,4941.51
2867.81,3761.5
5690.06,5168.25
5565.07,4432.92
5277.4,5150.22
1550.83,2132.79
2977.3,5149.86
2343.23,2439.97
5296.65,5360.47
1449.26,3170.46
5053.23,6738.22
3935.41,5716.24
2062.44,2704.7
1734.66,1808.02
3242.43,4241.78
4182.8,4429.34
1738.45,3844.66
1558.47,3362.22
1406.93,2482.92
5056.73,5689.36
1206.08,1392.96
3294.08,4995.72
5359.32,6189.14
4519.77,5038.7
1990.18,2879.37
2116.39,4157.72
2748.86,3442.6
2398.04,3806.74
5430.09,5391.78
3150.02,4140.79
5148.44,5357.11
3344.16,5377.78
2514.55,3276.33
4012.97,5539.16
1574.78,3041.95
1288.31,3195.32
899.37,1159.5
4789.37,5875.19
1430.35,3513.14
2271.95,3110.28
3688.65,4483.69
4769.15,5037.89
1769.57,3118.6
1630.85,3357.92
2609.46,2800.01
1608.38,4046.02
3007.43,4289.91
1242.99,1458.86
2696.96,3693.92
1347.79,3069.11
3297.93,4137.55
3024.51,4009.89
1941.95,3886.8
4278.01,5631.61
4255.35,3648.52
1215.62,2815.19
3836.1,4815.42
1264.91,3052.62
2872.58,4168.84
1606.7,2013.59
3402.12,4004.7
3588.75,4076.37
3886.02,4988.55
3715.99,3708.31
6338.51,5836.1
1936.19,2977.66
6103.97,5196.29
1409.86,2716.72
2778.13,3903.4
2943.09,4137.04
3169.09,4722.79
2665.44,3023.27
1679.21,4058.14
2299.97,3517.84
5002.35,5894.27
2617.66,3877.84
2255.89,3859.99
977.6,1780.24
2718.01,4332.09
2218.29,4592.81
4069.72,4758.32
5574.31,5630.21
2895.98,4628.66
3200.93,3906.33
3134.85,3665.56
1777.62,3089.84
3401.62,4566.99
1886.99,2801.29
1390.8,1417.98
2735.07,3143.24
3130.41,3302.97
1967.56,2980.75
2900.12,3030.65
2221.19,4164.68
2499.33,3740.6
4110.42,11423.02
5450.32,6235.43
3017.11,3414.63
1706.66,3574.68
3475.55,4551.13
2185.11,3916.47
1979.66,3884.18
2409.0,3547.3
6297.56,5672.59
2344.74,3086.13
2065.17,3341.83
5267.92,4869.73
3718.99,3265.79
3115.38,4243.18
5315.13,4834.44
5757.3,4347.61
1831.66,2212.11
1956.94,4038.16
5254.45,3368.36
4556.6,5044.22
1573.18,3386.94
3008.75,4698.39
2413.51,3228.29
934.49,1176.24
1285.5,1431.53
2028.56,3043.02
1576.85,2817.01
2316.48,4593.0
2295.47,3121.17
3165.47,3083.78
1887.23,3921.39
2778.4,3480.13
3859.86,4536.69
3663.63,4123.67
2546.71,3655.66
2439.19,2334.3
1560.56,3249.14
3155.97,4137.37
2940.2,3784.93
1908.1,3706.47
4875.71,5237.49
1393.63,1447.5
2329.6,2777.68
4073.15,4840.09
2138.46,3334.88
2798.43,4308.84
2554.71,3200.7
5019.13,4919.91
2253.85,3866.68
2734.81,4024.31
6846.74,8276.05
3933.65,4071.29
3890.46,4623.83
1921.88,3035.73
6002.25,4935.03
4155.55,4129.85
5469.3,5777.64
2098.18,2889.68
2810.17,4397.34
3424.3,3514.41
3773.42,4626.09
2139.22,4231.47
1871.81,2715.72
5314.71,5175.85
5206.72,5812.99
2145.62,2643.01
1337.25,2767.3
2345.73,3119.65
2409.21,3780.46
2175.62,3282.97
2718.8,3439.06
2833.81,3601.59
1364.89,2806.79
3162.65,4678.15
2569.57,3137.72
6440.49,5800.9
2010.63,3091.2
2140.6,2553.98
2429.85,3806.72
1904.14,2147.41
2584.5,3675.11
6903.82,25447.58
2808.5,3374.8
1694.55,2178.94
2354.14,3776.44
1851.5,1991.35
1977.02,3760.15
2249.21,4620.74
2964.02,3790.13
4108.83,4497.31
1589.78,3109.79
2191.7,3051.48
4266.15,5619.03
1611.99,3274.38
2991.8,3202.54
2349.54,3945.3
1286.39,2714.26
4536.95,5346.14
3433.09,4571.41
2690.73,3457.7
5925.61,4460.09
3237.86,4988.0
3687.12,4308.79
949.37,2628.28
3718.6,4449.89
2302.27,3505.64
4626.31,5130.51
1892.6,2602.52
7915.32,14293.09
6928.46,5482.91
3611.68,4460.65
5791.26,5007.84
1401.06,2909.23
2422.3,3400.1
3922.45,3661.29
3752.71,4215.24
1730.22,2994.93
1676.65,2284.79
1927.67,3164.33
1716.09,3834.96
2189.07,2869.96
1267.12,1391.46
1470.42,2044.57
4191.48,4416.26
7127.85,6327.25
1601.23,3572.61
2280.86,3359.27
2109.19,2842.42
2300.42,4075.43
3616.39,3854.96
4603.0,4338.2
3887.13,5730.95
4322.8,4572.18
3743.11,3721.42
1946.29,2423.9
2005.74,4034.15
1992.48,2681.92
5083.09,4647.06
3987.88,4431.63
3377.69,4782.43
7007.72,4325.11
1513.19,3268.47
1681.24,3090.73
2521.16,3102.19
3826.43,3837.59
4566.13,4997.88
1151.92,2873.69
4458.56,4750.96
2884.06,3752.14
4195.92,4220.47
1485.34,2550.66
3235.05,3657.22
1093.51,1836.09
4496.99,4479.56
1956.49,3863.45
2111.23,4294.44
2370.59,3837.05
1073.06,3034.62
985.09,1398.61
5221.85,11506.02
5933.34,5814.4
2896.85,4476.15
3576.76,4621.54
3421.68,4263.5
1474.44,2935.83
3655.82,4547.26
3301.81,3643.74
2124.92,3039.32
4143.26,3774.35
2227.12,3806.88
1883.63,3594.48
4444.65,5475.14
1621.65,3804.98
1368.3,3228.45
2747.87,4006.08
5012.78,4452.13
1531.21,4574.19
2109.73,3053.86
1175.2,2765.62
2754.02,3135.89
2834.4,2855.48
3513.29,4651.91
3841.82,5017.26
1277.77,2863.47
971.34,1791.39
1484.87,2819.38
2341.54,4009.13
2113.49,3675.56
3451.61,5010.08
3078.22,5186.76
1984.2,3352.33
2839.05,4280.02
1849.19,2936.06
3775.58,3606.73
2683.43,3983.62
1239.27,2530.47
1811.67,3430.07
2182.18,4188.11
3846.99,3579.24
1736.61,2177.75
3209.0,4503.41
1615.76,3098.48
3166.03,4246.39
4698.07,4315.05
2186.76,3064.9
1287.0,3061.41
8014.51,6097.02
3259.55,4644.25
1413.13,2913.18
1067.68,2840.52
3316.47,5059.24
2328.06,3234.28
1806.13,4226.17
5943.92,5577.32
3252.92,5088.52
2566.3,3433.43
4399.4,5305.92
4269.55,5131.97
2548.41,3661.89
2017.05,2795.33
2393.46,2675.25
1497.57,3426.98
6314.47,4473.24
4453.33,4825.99
4420.61,4840.68
2159.35,3898.98
5563.71,5036.79
2679.15,3641.72
3660.87,4440.78
2102.76,3099.3
3023.17,4184.24
6744.31,5540.66
2106.43,3385.78
5709.24,4670.7
3328.48,4026.87
7227.88,7644.8
3177.16,4132.46
1397.89,3091.95
4149.33,4442.5
2091.48,2701.45
2891.33,4320.76
3202.49,4424.61
2820.84,3823.33
2856.75,4294.44
2920.95,4603.08
3182.07,4434.09
2989.19,3834.39
2346.95,3700.13
6598.54,4583.34
7922.81,6277.68
4967.74,6307.85
2553.28,3120.16
3289.36,4709.48
2483.05,4163.59
2464.77,2935.65
2734.5,3665.04
3935.25,4842.63
1986.69,3451.09
4453.91,5312.74
1588.76,3912.73
1261.09,1411.7
2707.82,4803.32
1739.24,3425.34
3754.57,4290.92
1490.53,2584.52
2750.86,4032.31
2037.03,3997.37
1049.26,1963.68
2234.91,4200.52
6498.19,5471.16
2968.54,3492.53
3828.66,5123.08
1689.96,2369.77
6108.07,5958.85
6184.47,5570.54
1010.48,2642.7
2505.02,3798.61
2801.63,3282.97
3745.05,4860.86
4848.74,4917.77
5454.76,6220.34
4271.12,5635.56
1638.72,3694.3
1293.71,3032.19
839.52,57974.83
1659.9,2665.26
2114.22,3834.91
1443.0,3446.83
2167.33,4194.69
3306.1,3216.75
1972.01,2049.5
5659.86,5716.92
2669.46,3643.69
2489.58,3290.46
1747.54,3771.37
970.72,2202.27
3421.68,3102.91
1852.23,3179.91
1742.05,4265.3
3673.49,4178.96
2223.89,4333.57
2468.07,2440.11
2227.04,2523.11
1404.12,4313.13
3031.7,3573.26
6171.66,6604.48
4597.69,3982.63
3342.03,4739.36
4083.67,5571.93
1472.28,2850.35
2156.34,3630.09
3008.59,3272.27
3220.67,4980.37
2832.51,3351.01
2102.92,3934.71
5212.41,6445.9
1258.82,2241.28
3971.8,5655.38
4214.16,3490.53
2006.51,3071.08
1963.69,3569.15
1647.69,2788.87
2013.16,3192.55
1827.74,3478.18
1626.13,3372.64
3421.69,4518.73
2878.32,4159.41
4547.94,4846.51
2916.47,4587.36
3451.77,4154.42
4620.82,5089.84
2963.94,3938.33
3824.24,3582.47
3548.77,3393.93
5850.82,5955.2
3062.61,2573.54
2156.21,3088.98
2111.91,3243.95
2288.45,4176.94
2087.73,3337.61
4236.99,4249.17
1283.93,2051.85
1836.03,2284.24
3742.12,4597.43
1635.57,1789.22
2592.09,3757.6
3576.61,4691.91
2236.38,3472.48
1497.51,2076.39
2077.74,3600.97
3252.77,4748.22
4552.38,5009.54
3043.29,3694.68
3146.07,5123.78
3446.13,3803.19
2624.99,4715.49
2654.73,4731.31
4994.92,4868.42
3730.79,5681.87
4338.65,5230.51
1620.38,2551.23
5122.38,5363.69
2683.49,4634.05
2752.63,3646.53
2668.19,4668.54
2246.23,3244.38
4262.64,3526.06
4032.55,4409.52
4739.63,5092.74
2232.08,4126.06
2711.94,3730.86
2564.87,4719.22
2899.53,3464.26
2292.32,4424.12
3726.77,3110.8
4562.58,5039.26
1614.65,3273.05
2826.69,3549.14
1423.98,2975.7
1043.84,1807.09
4445.77,5329.02
5124.93,4726.62
5541.67,4835.39
2899.19,3603.19
2486.17,3562.2
4272.2,3760.29
1984.92,3535.51
1835.63,3475.64
1657.98,3757.24
6015.14,5023.4
1413.64,2065.77
3933.63,4442.63
1414.78,2818.6
1880.95,2307.51
2516.36,2679.14
1508.23,3030.44
1379.52,3155.34
1870.59,4005.15
2665.13,2671.94
5438.8,5201.48
2661.39,3238.0
4906.4,4657.25
2241.18,4116.44
2610.09,3641.14
969.47,2702.06
2354.21,3095.87
4973.83,5716.51
1475.71,3090.53
2153.29,3840.87
3975.16,3736.37
1720.06,2944.46
6384.84,5484.57
1254.55,1468.78
858.66,2185.43
1505.43,3050.25
3323.89,4117.69
2336.41,4278.92
4333.97,5133.95
3934.89,4598.24
3094.69,4021.4
3698.2,3554.48
2576.11,4341.6
1132.76,2198.32
1545.19,2791.9
3200.59,3798.07
5349.48,5898.43
1474.21,2558.82
2979.4,4803.39
1085.13,1872.69
2398.08,3634.0
3549.27,4189.55
5960.5,5501.52
2713.47,3581.99
2737.94,3496.29
4929.37,5354.54
2546.52,3216.16
1595.3,3473.56
2337.34,3339.49
2398.48,4321.0
2155.03,4043.99
2022.25,3554.57
1924.22,3507.59
1193.39,1410.19
2722.32,3589.84
1512.24,2903.67
2180.88,4278.54
1228.69,1428.49
1087.13,1773.46
1291.85,1874.05
2216.35,3164.39
3885.69,4765.99
2211.04,3244.4
3476.25,4056.61
3169.27,4182.51
3552.49,6113.52
3576.77,3526.73
3757.56,4743.74
2106.99,4022.1
3848.06,5224.29
6995.37,4617.62
2425.85,3643.43
2979.44,4695.91
2522.19,4312.1
2514.81,3694.37
5019.79,5368.25
6490.24,5071.3
9246.19,10215.87
4721.35,5661.41
1919.85,3292.71
1715.23,1985.01
5010.14,5736.96
4850.97,5234.37
6940.15,5890.83
3644.17,4624.78
5868.68,6650.04
2516.53,2354.96
7997.71,16359.07
4771.17,4871.11
2019.43,2733.49
2251.0,3425.19
4772.62,4554.2
1995.64,3905.91
2650.54,4199.4
3547.89,4252.15
685.71,2448.92
3585.45,5259.98
1012.42,2191.7
3525.41,5635.93
1584.32,1603.69
1708.64,3988.3
2348.78,3958.29
2785.72,4657.2
3625.41,4833.72
3736.04,4043.62
1611.08,3439.99
1183.3,2912.58
5029.51,4207.88
3329.24,4198.91
6203.67,6632.19
3040.92,3298.22
5403.97,5662.64
1801.09,2363.97
2929.73,4828.74
1868.52,4462.99
3631.31,4869.42
4094.33,2359.64
3508.3,3504.18
4158.15,3780.7
3847.35,5151.78
2158.18,4219.07
4786.1,4755.97
1051.59,1205.11
2809.23,3134.01
2118.57,4006.01
1208.8,2722.68
3804.02,4190.91
2937.51,4428.66
2320.22,3486.32
3974.25,4742.07
3450.08,5073.54
2750.73,4070.49
5143.02,6169.19
5949.31,5493.52
759.13,2958.26
4234.43,4780.94
2082.6,3152.25
3694.52,3994.36
4880.61,4540.82
1588.05,3492.17
2323.9,3546.8
3023.33,4566.22
2098.14,4113.68
1914.62,3747.42
2955.56,3674.24
5642.16,6109.29
5041.62,5307.05
2999.05,4030.68
3124.28,3653.72
4423.97,4515.89
2773.13,4256.29
3368.41,3790.09
5184.8,5494.72
5792.82,5378.99
2851.88,3223.84
1768.67,2501.07
3906.0,4691.59
3872.32,4591.68
2563.49,3343.21
2772.91,3356.7
4538.21,5685.98
2338.82,3116.17
1888.81,3047.31
4147.43,3868.42
2220.93,3370.26
3977.06,4835.74
5358.69,5834.53
1463.53,2348.27
2541.02,3955.82
5657.48,6411.86
3167.39,3302.14
2134.23,4078.15
2281.62,3680.42
2247.52,4664.28
1699.33,2037.04
2686.86,4494.43
6467.2,6762.77
4392.59,4339.38
3073.75,4576.59
3322.19,3165.21
3079.15,4872.54
3634.15,5148.65
4007.49,4855.5
2112.27,3094.25
3468.96,4517.05
1491.08,2790.57
7630.5,5684.73
7246.93,7837.48
1866.58,3039.25
2171.02,3082.39
4398.98,4603.13
3000.66,3340.64
3034.07,2939.84
1568.1,2830.66
2400.32,3823.62
1949.74,3250.79
4347.96,3915.12
3401.4,4013.88
3963.74,4159.76
2180.46,3288.2
3523.67,5357.07
1880.31,2581.67
2207.07,3932.73
2171.96,4623.23
1236.34,1385.8
2475.65,3955.1
2942.55,4142.23
2676.62,3892.28
3818.27,2382.63
2692.64,3841.76
1594.11,3385.7
2359.06,3850.72
3243.51,3681.11
1501.93,2825.87
2332.16,3924.81
1305.45,3241.12
4988.53,5140.08
2216.27,3784.61
4826.2,5339.67
2102.36,3836.61
2543.61,3955.82
2865.84,4096.06
2951.79,2928.32
3497.7,4553.91
1283.8,2534.11
6045.92,5925.93
2159.54,3125.75
1408.74,3166.44
7890.07,6315.87
2539.38,4004.32
4800.61,5311.36
4510.92,3707.64
2707.81,3476.01
6401.45,4754.94
2112.7,2593.12
4120.93,5411.36
4193.54,4950.42
2013.08,3212.61
1524.21,2954.83
2855.05,4387.64
1595.62,2434.18
955.92,2184.78
2723.53,4364.29
1445.1,3385.57
2393.07,3218.17
3926.19,3833.3
3541.72,4074.17
3572.14,4873.01
2877.13,3688.58
2444.76,4296.77
1860.91,2852.3
1746.71,2843.84
3564.74,3867.58
3588.68,3981.68
1778.22,3784.47
4056.88,4605.67
1293.95,2495.38
1295.75,3791.35
3428.68,3508.62
2271.96,3539.71
1499.17,3037.04
2467.19,3819.96
4732.52,5371.27
3769.53,3573.79
2974.12,3845.09
2238.6,4047.17
1878.65,3079.04
2633.08,4657.42
986.55,2193.46
2266.59,3223.93
2265.65,3763.18
3142.66,4194.01
1768.84,2471.95
7557.54,14641.91
1130.4,1871.91
3150.92,4447.49
2166.53,3629.7
1841.8,3187.57
1773.06,2632.44
4031.86,4552.62
2235.22,3449.81
3897.07,4040.44
2171.49,2283.94
1806.06,2953.35
2588.16,3627.54
6176.97,5819.52
2954.19,3603.56
809.93,2579.07
4377.14,5416.81
2475.78,4125.22
2860.69,4022.69
3300.21,4725.75
4813.25,2928.28
3770.64,3799.68
2227.04,2854.4
3812.83,3574.92
2536.51,3759.06
1804.75,3072.17
3194.66,2776.24
3091.79,3643.04
2633.38,4652.23
1093.22,1784.0
5209.97,3861.51
4096.55,4527.78
3907.02,3565.61
3150.84,4544.06
5102.65,5292.37
3493.28,4827.72
3130.24,3629.11
3154.1,4670.21
1667.86,3265.1
2654.04,2838.46
2333.47,3986.39
1727.02,3200.73
4982.11,5355.88
1706.62,3378.97
8281.05,6096.15
2207.9,3623.36
2376.4,4452.43
1229.52,1394.17
3613.33,4624.11
4860.27,5318.29
2124.1,3460.98
2203.49,3078.59
2397.78,4200.62
3759.27,4201.14
2312.21,3174.82
6229.83,6606.12
2317.28,3120.0
4928.03,4978.84
4642.41,4826.49
1915.93,3199.02
3133.62,3632.54
4653.85,4843.18
2325.41,3615.45
800.23,2563.76
4615.66,5257.23
1833.81,3810.02
2785.44,3512.07
2447.78,3508.94
2806.67,3225.22
1347.52,1894.69
2136.51,3857.89
5510.33,4782.31
2134.55,2452.05
2609.44,2834.91
2137.21,4102.01
1342.64,1397.43
4176.06,4665.73
2550.33,3810.25
1554.66,2136.73
1087.13,1773.46
1648.96,1829.79
5030.95,5642.32
1312.09,2282.52
2781.48,3866.67
2854.62,4727.57
1791.25,3082.88
2934.28,3975.9
2540.32,4609.36
2881.43,3341.9
2105.99,2738.73
3721.9,4038.26
3561.56,3839.13
3507.52,3625.86
4626.66,4769.06
2158.96,3106.1
2835.76,3675.64
973.66,2941.61
3145.94,4985.94
2653.13,3323.98
1747.52,3243.29
1558.35,3225.93
4551.01,5230.46
1754.47,3126.08
802.01,1671.82
2832.41,3179.03
1392.54,1854.4
2475.64,3824.44
1296.17,2242.57
7890.07,6315.87
2424.45,3195.41
1929.17,3225.91
3744.43,4375.15
4626.85,3240.77
1578.59,3186.87
3611.48,4800.24
3199.92,4407.19
2048.7,4005.14
5319.58,5077.21
945.83,1776.23
2376.56,3541.97
7572.69,11677.59
4506.45,5552.26
3799.56,8646.05
1940.99,3665.26
3916.36,5713.6
2844.53,3542.47
1545.27,2288.71
2570.8,3804.09
2099.89,4089.38
3575.78,4870.37
5360.52,5022.02
4519.32,4457.28
3200.44,3417.29
2296.09,3802.52
2733.39,4032.79
2997.35,4669.39
3157.9,4847.34
2657.27,4029.33
2520.63,3174.37
2652.06,3221.86
4959.53,5492.36
3383.18,3927.39
1972.17,3948.57
1165.88,1399.03
5659.9,5393.25
1990.04,3734.82
1184.21,2364.37
3966.41,5630.44
2278.51,3051.63
4977.58,5556.56
1652.54,2454.78
4106.64,4055.87
5025.35,5226.73
3643.18,4362.83
2522.05,3265.02
3297.49,3344.71
3752.59,4509.53
4183.85,5314.91
1694.87,3363.89
2626.22,3236.76
3574.23,4391.7
3379.4,3851.58
1968.51,3007.69
3343.88,4216.78
4671.61,5186.25
7024.36,6352.1
3002.72,3590.26
3938.87,4225.6
6328.25,6335.23
2606.96,4912.36
2588.44,3272.96
3383.04,3855.51
2979.14,3526.49
4382.14,3815.64
1458.54,3099.57
5896.52,4558.01
2857.11,4546.73
1165.01,1394.69
2765.19,4263.01
2890.63,4728.0
1895.96,3185.74
3727.38,5023.73
4376.49,5237.54
4493.59,4491.14
1418.54,1977.94
1413.38,2963.74
9627.22,16064.11
11182.1,6174.64
3324.56,4868.84
1440.43,3075.22
4726.43,5235.48
7221.82,6243.04
3425.45,4756.0
4467.99,4678.0
3768.6,4632.17
2313.21,3870.65
782.16,2727.91
1914.38,3240.46
1472.61,2846.77
1229.2,1387.23
4461.89,4295.3
1933.27,2693.9
4451.41,4882.89
4604.91,3997.58
2593.68,4410.86
1851.94,3451.05
5461.33,3026.13
4344.86,4668.37
1987.94,2687.23
2450.78,3599.19
2559.33,3501.14
7256.15,5422.03
6604.65,5511.24
3779.17,3335.43
4466.37,5164.23
3519.94,4274.86
4332.53,4248.22
1788.47,2541.77
2347.15,4057.88
4432.45,4282.34
5012.21,4364.29
1974.13,3524.61
1453.38,3720.86
2824.9,4060.94
2794.86,3279.21
1429.05,3391.97
1449.42,2505.46
2715.38,2667.9
1551.97,2672.85
1351.2,2785.73
4869.79,4923.45
1769.43,2491.16
3904.8,4303.4
2329.92,3926.28
3883.14,5697.67
6717.98,6346.91
927.03,2375.12
3287.0,5335.22
6887.7,6331.23
4529.08,6248.52
2514.9,3894.76
1549.68,2116.76
1540.8,2822.81
2813.89,3263.21
4147.07,4431.26
1641.31,3887.44
3491.52,4924.82
4051.51,5377.64
4913.89,4937.75
4138.22,5621.22
2193.71,2821.25
2078.35,3585.92
2536.85,3857.52
4146.58,4375.44
5885.0,5393.52
2552.3,3244.09
5375.28,6191.41
2252.2,3551.08
1134.8,2884.45
3539.92,4972.23
7675.32,6266.58
2558.01,3255.79
2998.66,3279.88
3913.8,4426.43
2619.17,4173.53
2397.64,4355.49
2764.76,3950.99
3020.59,3827.19
968.42,1781.55
3308.95,5057.52
5729.21,4819.02
1819.33,3237.6
2604.2,4137.93
2907.03,3358.22
2485.75,5288.22
2723.2,4716.22
1393.42,3058.46
1881.18,3434.71
981.94,2847.81
1924.73,3694.0
1888.96,3125.87
928.07,2225.16
4023.75,3675.08
4368.47,4772.39
3512.31,3700.49
1889.72,3978.83
1913.27,3953.65
2274.96,3488.84
4410.82,4267.09
2638.91,4254.66
1289.71,1871.09
4668.29,4435.49
3817.46,4058.72
1617.32,2593.54
3079.12,3869.65
2034.49,3598.13
5410.96,6203.08
4814.93,4644.75
1680.44,3873.36
3007.85,3743.46
2001.42,3002.1
4072.6,5101.72
6879.53,3504.18
2132.05,3517.57
2754.35,4327.49
2435.7,3246.89
2110.26,4141.27
1998.76,3269.21
1649.27,1843.84
1615.98,2212.94
2862.38,3830.96
2696.89,3497.44
4152.67,5622.4
3410.24,5093.96
4681.66,2748.64
1968.25,3198.03
1389.79,2782.58
2655.21,2707.78
4047.33,4772.83
3901.11,5035.99
3036.7,4681.62
2177.82,3888.64
2415.51,3600.87
2327.87,3108.44
5326.89,5339.69
4973.68,4759.41
3542.36,5222.43
3858.05,4659.63
3418.6,4839.09
907.31,2634.16
4332.37,4833.35
1783.58,2470.8
3751.3,4576.34
3753.2,4022.34
3507.29,3975.01
1423.07,3092.6
2114.96,3840.33
4340.85,3831.76
4659.28,4013.3
1622.22,3170.46
3667.62,4564.2
3228.35,4924.35
1891.37,2896.9
2285.94,3103.81
2595.24,4864.29
2602.02,3775.56
3917.8,3742.3
4639.88,4402.54
2404.41,3017.11
2570.05,4299.51
1732.55,2783.68
2813.2,4564.44
8428.65,11359.84
2083.03,3246.29
3032.47,3608.18
7469.31,6274.71
2867.88,4310.5
1826.37,4266.59
2218.12,4009.06
3955.58,4773.55
2019.19,3172.33
2818.79,3869.3
1514.54,3474.04
2698.29,4635.96
1853.21,2172.48
5069.49,5900.01
1936.34,3125.76
1779.14,3270.92
4742.15,4451.0
5203.8,5719.36
2250.76,3894.5
1266.7,3047.76
2231.05,3773.8
2144.44,2393.07
2026.05,3995.08
4023.18,4574.81
5526.51,4694.65
2330.95,3702.23
4964.43,4955.12
1972.64,3550.62
5483.99,5604.02
3994.28,4662.04
4468.22,5358.15
2050.8,3256.42
4076.16,4375.15
2103.68,3408.64
1723.0,3346.06
1570.73,2763.04
3932.27,4320.46
1576.08,3280.23
4604.96,2513.75
2034.22,2571.35
5276.35,10442.82
2826.29,3175.3
3772.97,3870.15
4031.15,4608.34
3526.22,4695.5
3165.72,4539.98
2843.34,3974.98
3778.72,6533.4
2736.26,3631.92
2268.62,4301.62
3114.89,4737.06
2093.47,3463.22
3052.55,3766.6
4431.81,5003.68
4628.66,5897.47
3644.6,4748.44
2008.01,3845.17
4003.97,5670.48
760.28,2557.66
1407.22,2715.08
2652.63,4347.93
5077.61,5754.66
4016.79,5305.49
3462.37,4507.3
3003.93,4589.01
3130.02,3771.94
2724.91,4399.59
3526.72,4416.55
3891.19,4421.2
1558.48,3438.25
4331.16,4894.43
944.56,2184.62
2961.0,2730.85
4275.2,6269.7
1718.55,3178.45
3420.44,4709.08
1751.53,3211.97
3005.39,4093.4
8134.86,22397.0
2404.1,3536.2
2494.01,4320.6
2487.01,2860.48
3047.04,3572.83
3888.25,3722.55
3157.48,3858.04
3552.8,4695.58
3251.64,4963.51
3855.29,3531.34
2176.46,3798.3
2087.01,2928.11
1983.25,2234.49
942.31,2649.38
1752.22,2800.67
1866.63,3437.85
2405.73,3261.89
2337.67,3213.27
1657.13,3779.68
2121.06,2699.25
915.61,2568.05
2781.28,4185.38
3712.09,5703.25
3293.01,4301.96
3076.11,4702.77
2110.94,2584.55
1811.19,2956.52
1383.88,1952.43
2425.21,2931.66
1649.27,1843.84
2231.32,2236.49
1064.38,1874.0
1604.57,1431.12
2176.53,2609.03
2339.71,3928.6
2325.23,4130.83
1720.68,2998.04
3258.86,4279.27
1752.99,3368.91
5484.98,4409.95
2234.71,3960.97
2119.39,3870.42
2869.22,4210.48
4168.3,4198.24
1572.8,3160.16
1586.46,1952.07
3114.81,3644.72
4451.37,5342.49
2068.2,3817.25
1838.35,2559.67
4581.33,4959.6
5148.51,5823.18
8397.81,5984.35
3213.02,5252.61
2646.94,4685.93
2069.42,3074.43
2121.37,3250.65
1811.5,3503.93
1587.69,3754.45
1991.45,3629.43
1860.28,2445.12
1774.32,3149.18
3328.81,4610.82
2997.6,4137.97
1914.58,2540.4
1991.71,3962.54
3649.39,4304.41
1173.86,3393.16
3527.24,4749.63
2293.09,3267.06
2993.49,2107.08
2515.94,3244.33
1263.42,2999.14
2436.69,4005.49
2732.43,3976.38
2346.21,2889.38
3050.18,3888.28
1193.67,3523.02
2847.54,4695.96
2142.82,2547.49
2737.05,3707.0
4750.45,4903.44
2944.63,3829.81
1167.29,1377.83
907.27,2745.21
2635.64,4422.91
2396.02,3354.5
2590.04,3521.26
2891.6,4192.95
2221.04,3417.01
941.09,2898.94
3224.57,5006.19
5695.34,5491.57
4939.41,4603.33
2277.18,3228.94
2377.48,3416.99
4953.08,5020.92
5301.5,5995.08
1601.98,2309.53
3140.87,4222.29
1998.94,4887.78
4737.16,4117.43
7054.13,4493.81
4139.49,3928.08
4177.58,2860.2
1700.15,3721.55
1998.89,3414.58
1693.57,3081.82
3673.15,4452.29
2552.39,4711.14
3128.07,4119.39
4890.8,4671.88
2271.7,3208.2
1996.36,3976.44
1999.13,3471.24
2915.31,4072.63
6039.85,5205.09
1766.39,3505.18
3719.14,3843.95
2366.11,3647.77
1866.73,3246.39
4235.97,4409.1
4493.99,4015.32
3599.93,3565.06
5695.96,5736.27
2664.6,4393.12
1658.86,2675.97
2397.65,3434.08
6506.78,5713.2
3599.43,4940.87
2249.99,3653.48
1824.45,2845.63
4376.92,4951.64
2785.3,3225.58
7345.57,5946.87
4923.12,5492.25
3528.3,3562.34
2076.23,3615.8
1063.06,1779.59
1499.04,2847.64
5252.78,5447.93
2021.75,2329.96
4190.38,4584.25
2210.53,3104.43
2455.84,4606.05
4360.56,4186.28
4161.72,4512.09
1694.38,3560.52
2268.37,3506.61
2335.95,4212.14
3030.63,4877.79
3912.75,5085.79
1769.29,3133.89
2500.93,3818.39
2424.28,3214.36
5181.8,5350.24
7690.89,5854.08
2665.51,3269.11
2017.24,4629.99
8090.67,6945.89
3803.73,5135.63
2571.56,4819.18
1114.09,1391.32
2226.28,3270.18
2321.81,3604.68
2114.9,4198.0
5532.75,4752.41
1680.57,3011.04
2011.2,3554.76
3493.41,4690.34
2074.72,3693.96
1539.75,2562.85
2436.71,2890.24
2969.36,4030.38
1307.03,1399.42
2470.2,3839.77
2501.95,4605.81
4866.14,4015.61
3158.91,3782.07
3683.99,5492.63
1746.69,2613.27
2331.76,3231.86
3213.44,4384.56
2574.64,4450.14
977.3,2209.75
3221.77,3555.24
2411.89,2164.6
2668.5,4386.3
2568.45,2797.64
7218.9,6284.39
6225.91,6626.31
4712.22,4927.53
2484.21,4292.86
2924.8,3219.55
2853.96,4702.68
4750.1,4793.02
1956.0,2308.48
2880.97,3845.2
3093.32,3484.86
2490.4,4072.93
1320.71,3263.19
3846.29,3600.17
2460.45,3924.27
2955.23,3352.68
2872.81,3561.49
4935.32,5443.56
4161.08,4815.45
3017.8,2723.8
2443.62,4061.39
1926.88,2485.05
6060.13,4662.56
2443.57,4761.86
6859.89,5351.51
2318.95,3744.0
883.54,2734.94
1623.06,3374.7
3091.48,4675.13
3011.72,4129.71
1034.22,2192.38
1872.23,2376.23
3796.22,3340.62
3199.25,2725.09
1537.41,3319.77
1427.86,3259.02
2565.57,3795.48
2839.24,2628.33
2767.56,3047.76
1827.77,3208.65
1194.65,2714.62
4862.15,5305.27
2359.83,3254.77
2012.7,3192.37
1669.01,2461.72
1285.05,1419.24
3135.52,3528.57
2412.65,3208.54
2281.37,3458.0
7675.32,6266.58
1875.62,3090.93
3775.18,3987.5
2497.6,3428.55
4056.02,4494.95
3162.37,4231.02
2863.7,8350.04
5239.88,4418.71
3173.44,4145.44
2547.36,4164.17
2777.85,4165.1
6352.45,4652.17
3164.36,5395.91
1258.71,1892.04
2570.52,3491.81
1918.22,3231.68
1793.48,3313.79
2527.45,4268.41
1838.21,3399.31
1389.87,2757.14
5713.12,5421.32
2703.91,4194.55
3719.45,3815.41
1935.98,2409.13
4884.57,4555.13
1197.03,4031.45
3788.35,4054.07
1226.94,1399.56
4149.69,4619.86
3598.15,5411.36
1952.68,3685.49
1953.32,2067.6
2305.8,3898.72
2478.33,3272.15
2558.77,4193.3
835.75,2455.13
4610.14,4497.83
4077.47,4375.98
2322.76,4589.36
1247.2,1391.26
2505.63,3348.22
2658.06,3265.8
4941.69,8134.05
1461.26,2738.41
2485.42,3574.08
3651.66,4511.04
2762.7,4198.03
2986.59,3883.7
3083.8,3160.14
1822.23,3209.52
5868.21,5251.15
1423.61,2353.23
2068.27,3596.79
4080.21,4826.45
2491.39,3635.2
1505.95,2854.66
1729.67,2350.45
1679.19,4020.26
2221.58,4037.34
1692.27,2198.25
4334.9,3599.81
3346.94,4540.38
1184.85,1385.79
2462.2,4127.44
1995.36,3863.93
1079.87,2840.26
2382.77,2419.18
1806.06,3092.23
3185.69,3194.17
2940.43,4438.25
3986.4,4947.82
1948.97,3229.6
5553.61,5094.05
1933.24,4267.86
6181.96,6522.83
2703.49,3892.14
1347.68,3406.76
2701.71,3779.07
1916.65,2900.51
2652.44,3525.64
2002.05,3250.75
2613.84,3473.88
1875.1,2570.96
1282.68,2806.87
2473.84,4018.6
2418.8,3907.26
1976.06,3863.91
4110.27,5303.27
3393.54,4275.4
1046.79,1944.08
4930.87,5495.37
2393.64,2814.72
2828.75,3879.58
1561.15,3362.23
3686.41,4452.98
2335.66,3318.73
5449.35,6394.32
4469.9,5094.45
2377.6,3967.64
800.23,2563.76
4800.36,4944.62
898.84,2487.02
2852.26,4530.0
4752.44,5358.29
1701.35,3774.67
1345.75,2167.73
3356.35,3892.77
3547.59,3777.53
4023.35,5346.41
2034.78,3094.49
4029.11,3413.24
1581.16,2461.18
2292.55,4274.14
2550.33,3810.25
1577.18,2578.91
1164.45,2894.23
2646.82,3658.7
3520.92,4207.78
2530.31,3185.03
6395.07,6578.02
1495.63,2038.53
9670.54,5925.16
2582.92,3648.23
1211.89,2644.01
3185.92,3661.6
2193.11,3844.59
4903.71,5332.88
3766.1,3660.05
1647.81,2788.9
2885.27,4502.87
1853.19,2304.74
1638.3,2039.56
4069.38,4848.28
1767.98,3084.8
2942.77,3885.05
4548.16,5161.17
4774.86,3694.7
1154.2,2331.66
3382.9,4268.27
2181.55,3674.62
2715.76,4677.8
2675.65,4296.27
1810.46,3344.96
3951.65,4741.27
6286.31,4493.88
3073.8,3583.39
5462.15,5952.94
2293.62,3549.82
1429.86,3485.56
5163.25,5112.71
4344.87,5614.16
2641.48,3207.01
1917.03,3548.94
4964.75,5025.89
2657.95,3435.62
3691.5,3971.83
3197.05,3598.29
6602.81,6169.71
2523.66,2856.86
3518.05,2750.51
1734.61,3098.37
1997.79,3451.66
1663.16,3135.04
1799.5,3192.15
6397.55,5980.12
3061.21,4067.27
2144.22,4204.19
8649.33,16493.44
2300.45,3527.68
2648.64,3213.74
4033.41,5050.84
8615.41,15547.66
3527.44,4235.29
2512.11,4265.89
4246.85,4630.51
4291.01,4143.01
1328.22,3351.64
1351.2,3129.74
1839.08,2604.41
2653.89,3175.93
5119.79,6027.02
5157.06,4082.36
2082.22,3530.83
1210.95,1392.66
5311.96,4897.1
4260.58,2365.91
3405.06,3628.8
2069.18,3102.6
2756.59,3146.82
2705.36,3393.93
2199.48,3860.94
3911.92,3666.04
3144.99,4549.35
7792.84,4530.14
2486.94,3565.36
3655.97,4560.59
2635.44,3612.79
2164.1,3509.42
3625.13,3663.21
6139.51,4953.83
1458.59,3399.64
2856.18,4740.66
1794.94,1893.12
2772.32,4079.11
1651.72,1684.11
3822.77,4016.14
1828.71,4057.08
1539.75,2562.85
2919.21,3572.24
3513.22,4775.62
1510.49,1964.67
5908.5,6575.03
1277.37,3256.34
4394.36,4161.27
3219.33,4283.41
901.92,2692.99
6801.02,5539.45
3919.54,4328.97
1926.9,2969.25
3584.06,4012.97
3612.79,4540.15
2597.5,4009.9
2152.95,3088.6
1280.42,3169.69
3135.73,3727.94
2514.7,3978.52
3635.46,4415.34
1431.62,2778.7
1110.84,3140.48
1010.81,2033.96
893.89,2586.11
2454.14,4088.54
2427.22,2821.69
1259.56,2206.45
1247.51,1395.94
3715.66,4773.41
895.77,2196.66
4067.34,4384.13
3472.6,4244.07
4664.25,4833.86
3698.8,2947.54
3788.03,4078.85
2900.66,3494.38
1973.69,3326.88
2371.4,3313.83
1182.27,1404.06
4573.33,5793.74
3680.72,4624.4
1624.7,4061.16
9530.19,5377.27
1600.49,2460.32
1519.89,4000.51
854.86,2724.54
2965.38,4209.69
5758.85,5102.92
1368.9,2840.86
2164.8,3211.79
746.98,1945.93
885.97,2960.51
3855.94,3178.13
2711.23,4020.52
1303.11,1956.45
4107.64,4660.47
12491.1,6605.63
7251.31,6274.02
4170.09,5249.85
1631.93,1941.44
2255.13,3222.79
6774.99,10833.79
3705.09,4679.25
4855.16,4533.55
2939.63,4143.27
1315.78,1843.73
2118.91,4611.32
3220.88,4020.46
3253.97,3342.8
4928.97,5277.32
2370.2,3464.11
3173.4,3307.43
2313.71,2913.17
2016.15,2707.84
6076.6,5505.12
4828.25,5065.23
3056.6,3486.95
3666.32,4624.34
2623.03,3270.55
4785.15,5200.6
2210.05,4090.86
1714.28,2840.57
1448.36,2102.95
1450.88,1885.69
4120.33,4080.42
1654.13,2424.38
2632.16,3177.51
2275.87,3893.53
2961.46,4501.49
2818.55,4049.02
3864.44,4800.88
2598.44,3054.1
1426.81,3337.42
1696.87,3917.2
1881.2,3554.77
1358.31,3071.13
5392.29,6225.47
4687.44,4873.08
1659.23,3315.32
2146.91,2639.43
2195.03,4682.05
3345.9,4584.55
2094.11,3510.98
1782.06,2903.53
1570.1,3412.11
2055.88,2919.01
2711.37,2952.59
5256.0,4667.01
3428.43,4413.86
1272.62,3042.08
2854.72,3178.98
2879.28,4707.74
6401.2,5717.39
1811.24,3298.07
1089.39,3043.73
1213.98,2811.56
3012.35,3394.84
3301.72,4580.67
1215.64,3245.29
4727.26,5185.66
5173.54,3633.9
2892.58,4638.89
1872.04,3080.72
1251.39,2524.91
1837.26,3235.89
4395.36,3019.27
4146.9,4789.85
1904.36,3316.81
2533.98,3264.42
2059.22,4054.36
1953.62,2136.06
1767.98,3084.8
2116.96,2603.18
3147.64,4538.87
2131.95,3407.61
2525.7,3163.28
4645.09,4329.03
4273.8,3774.32
1507.02,3717.06
1759.56,3397.79
1210.5,3357.94
1189.36,1388.24
3199.64,4370.23
2340.11,4255.59
1301.24,1391.21
2686.04,3963.27
1372.29,3331.86
2911.19,4388.12
2484.97,3316.09
2603.2,3009.26
1958.25,3919.29
3276.1,3887.95
5358.49,5244.45
4534.12,4538.86
4735.29,4794.2
1439.02,3093.38
5674.87,5379.64
1166.78,1376.8
3883.87,4573.95
1871.26,3115.94
2481.37,3449.32
1890.48,3402.69
2749.19,5375.6
1059.67,2804.79
1854.77,2679.44
3227.47,4613.9
3567.46,5309.65
2079.67,2769.64
3099.22,3298.92
2299.12,4066.46
3801.39,4930.64
2862.86,4178.29
5021.87,4131.81
1672.72,2172.88
2451.99,3069.22
2823.31,4699.33
3837.58,4771.98
5644.75,4883.95
3784.07,4223.06
2577.81,3545.21
2100.15,2888.41
1991.82,3799.89
1442.11,3756.96
4744.26,5807.97
3274.32,3904.34
2930.19,4203.29
1088.15,2655.79
3406.93,5165.27
6405.7,5182.51
3880.54,4248.44
2505.11,4078.32
2665.78,4161.48
3167.39,3302.14
4578.74,5227.59
3935.41,5716.24
2022.15,3213.68
2435.06,3938.06
1468.53,2446.88
2908.64,4355.97
1787.3,3795.86
2774.21,3148.63
2494.21,3810.37
3381.37,4187.27
1521.33,2141.92
2476.91,3612.63
3713.59,4735.23
872.78,2593.0
3924.55,5693.57
1557.29,3078.93
1443.9,1987.69
2403.45,3819.56
3427.82,4816.64
1385.48,2829.41
2850.11,4338.62
2671.15,3838.67
2048.96,3763.07
4759.88,5192.4
2377.07,4654.67
3266.01,3657.88
2654.15,3367.47
1541.74,2742.99
6886.31,6304.89
1028.9,2797.07
1360.76,2573.85
3020.32,3501.32
3949.87,4209.46
1748.99,2219.37
2596.38,3752.08
3521.76,4611.36
1530.45,3093.3
2499.09,4652.07
4153.72,5567.01
5198.53,4637.74
1384.32,2146.74
1498.3,2187.75
2322.16,3741.42
2713.6,3214.06
1006.58,2656.03
899.0,3039.71
2353.55,2670.95
2830.11,4680.81
2408.76,3274.51
2599.73,3980.74
1767.98,3084.8
2881.84,3946.47
2457.61,3944.54
4333.25,4459.55
1601.21,3604.36
2586.89,3149.71
2485.11,4130.11
4558.11,6227.05
1564.39,3808.84
2397.21,3256.33
4913.17,5330.28
2393.94,3880.23
1248.42,2253.4
3936.95,5708.49
2276.34,3252.63
4524.21,4940.02
4908.41,4861.55
1373.8,2172.64
1429.37,2129.97
4340.28,3609.65
5459.34,5179.12
4985.66,4722.22
1815.42,3221.81
2234.41,4215.65
952.31,3033.47
3968.56,4649.77
6682.42,6402.05
5981.28,6620.38
3729.26,4643.78
1240.2,2772.47
1443.92,3246.01
4556.03,3912.65
1988.7,2138.76
2280.07,4801.27
2831.18,3193.61
1985.93,2601.4
4254.89,5626.09
2597.52,3454.65
2727.7,3112.31
1625.29,2923.8
1647.58,3079.07
3747.21,5267.83
5437.6,4514.01
2010.63,3202.85
2450.67,3568.14
2480.55,3901.54
3202.83,4156.7
2912.7,4800.74
2585.34,3017.38
2852.07,4218.97
3121.01,3299.35
1252.28,1382.54
3039.23,3728.65
3675.86,4581.16
4972.36,5273.02
2415.89,4258.23
2829.28,4580.99
1168.32,2912.94
1627.37,3393.44
3136.95,2552.2
2462.51,3733.2
2854.25,3687.38
4583.06,4983.67
5263.98,4164.74
1020.35,2492.7
2577.06,4620.72
4996.99,5278.13
932.87,2892.73
872.34,1715.47
1830.74,3594.87
2136.16,3093.39
8823.9,15643.47
3469.17,5153.05
1965.36,3211.27
3147.58,3685.12
2066.08,3227.69
3636.55,4664.05
4654.59,4337.29
2358.37,3520.35
2669.27,3126.94
1300.52,2855.8
2444.15,3619.43
4766.56,4875.59
2736.67,3700.99
2175.46,3365.28
2785.45,3196.62
4785.04,5330.03
1087.13,1773.46
3202.42,4435.0
3193.55,4175.7
3910.38,3709.88
1897.44,3101.61
3777.16,4997.82
2321.34,3626.94
1454.01,2425.5
1530.45,3093.3
5014.11,5171.31
2425.8,3346.79
3156.55,3645.56
4268.3,5134.83
2892.02,4089.94
1965.73,3246.19
2380.16,3135.61
1428.7,2741.15
2598.73,3661.82
4146.98,4753.46
2538.46,4675.79
3992.21,5054.04
2447.35,4385.93
2874.49,3866.41
3169.31,3653.6
1694.84,3891.49
3757.11,3981.92
2026.77,3834.17
1718.52,3512.08
6085.32,5343.27
2335.68,2704.23
1864.62,2990.52
3946.29,3630.76
2285.89,4168.43
5354.56,5416.62
1581.18,1305.38
2751.78,4457.15
2781.35,4355.76
1704.65,4057.08
1578.13,3723.41
3468.01,4538.88
4990.99,5065.11
2497.4,4123.12
3928.6,4840.03
2203.57,3100.17
1741.48,3528.07
7424.07,5746.85
5491.15,5439.58
1480.94,3388.04
1341.47,2467.94
1462.34,3318.83
2595.78,3959.6
2227.53,4045.34
4393.14,6322.57
3237.52,3852.23
2586.56,3626.31
1029.58,2895.35
3082.23,5445.48
5235.51,4448.56
4278.57,5535.96
7780.26,5449.17
4910.99,5082.3
1898.13,3225.68
2676.96,2716.64
3855.0,4552.47
1621.92,2118.06
3129.37,3984.52
3612.55,4946.77
2002.03,3088.8
2309.91,3885.91
1584.31,2618.28
2314.7,3285.05
2592.51,4060.94
4929.37,5354.54
2806.25,3898.11
1306.23,2669.88
3081.49,3464.79
2048.49,3874.05
4612.23,5564.82
2505.95,3267.46
2576.05,3899.08
2211.25,3562.87
973.2,2703.35
3561.42,4477.91
3247.27,4692.43
7955.72,6275.84
884.89,2880.38
3570.9,4422.97
3766.82,3826.14
3803.27,3908.58
948.79,2125.29
3480.02,4057.38
2580.35,4612.17
3389.15,4544.87
2298.75,3233.3
935.32,2532.94
2324.95,3128.89
4355.59,4688.15
6885.29,6347.81
2113.95,2722.1
2101.38,3123.2
4447.99,3829.07
3406.7,2594.38
2582.67,2977.9
2326.41,4357.46
4233.99,5654.17
2585.33,3900.48
2346.46,4595.44
2958.17,4154.09
5683.38,6452.18
3212.23,3513.06
2657.04,3542.53
2530.89,3533.97
5123.66,5369.99
5421.78,4392.62
2044.45,4156.91
2700.56,3324.53
2242.9,3476.61
2097.36,2548.13
2233.66,3606.24
3008.61,3552.88
2324.32,2735.19
1430.64,3508.44
2919.73,3420.8
2120.38,3098.62
3465.37,3432.02
1708.57,3171.42
2003.23,3850.97
1782.14,2779.42
5295.34,5810.79
995.51,2646.15
3193.38,4907.07
1361.0,2766.88
1047.44,2713.18
2560.16,3956.84
2592.4,3677.37
1341.77,1967.27
11087.0,6513.71
2543.03,3149.72
3529.76,3266.33
2356.17,3255.59
2066.03,3420.79
3545.04,4892.47
2189.13,3871.27
3018.49,3699.54
1730.24,3631.63
969.24,2551.35
6808.73,5809.7
5592.22,5678.63
3149.96,3220.11
5091.08,5517.53
2153.31,3068.56
914.78,1944.59
2750.89,3511.84
1360.54,2906.8
1296.13,2586.48
4805.66,5729.4
4159.55,4097.53
3558.29,4451.85
1939.91,2785.23
2828.6,3226.87
2286.96,3963.17
1813.48,2281.24
1482.91,2011.42
4306.53,4705.4
3771.66,4238.26
3975.7,3822.23
5737.4,6119.12
2173.17,3974.47
2973.09,4795.63
3592.76,5077.29
1264.62,3369.64
3681.48,3859.94
1162.65,2115.04
2327.28,3749.76
5658.26,5399.29
3106.4,4580.48
2064.44,3549.35
1814.66,3478.95
1866.32,2334.29
2172.51,3811.27
2510.95,4300.31
2248.38,3555.18
3492.76,4709.69
6475.56,6342.92
5518.46,6223.21
4330.59,5935.85
1722.04,2655.96
1487.17,3226.89
2307.19,3805.43
2880.7,4729.67
3539.52,3192.59
2007.78,3395.78
3226.18,4342.05
4084.76,4108.98
2140.39,3257.63
6372.25,4544.54
4133.62,5371.89
1223.58,3067.91
4219.33,2601.97
2587.33,3275.31
4026.69,5065.13
2750.72,4246.68
2601.71,3118.42
3498.25,5540.98
5749.54,5541.31
3516.94,3337.76
2913.88,4648.25
1440.73,3380.98
5222.99,4446.97
2027.38,3609.79
5459.34,5179.12
3713.59,4735.23
2650.99,2430.53
5987.82,6058.52
6913.5,6248.29
3509.72,4839.14
1817.4,2521.02
2271.38,2794.38
5773.81,6117.26
863.02,2636.43
3609.46,4504.66
2336.85,3387.25
1835.0,2683.89
2514.54,3288.82
5768.17,5585.86
1992.22,2396.55
4761.54,4937.65
2551.25,4163.69
1881.23,3362.3
3328.11,3525.99
6832.63,6267.02
2512.71,3998.1
4848.13,4357.38
5292.17,14893.84
1930.91,3453.24
1297.83,2171.98
5680.28,4348.94
3340.43,3776.0
2480.12,4797.79
2086.99,3098.18
3542.02,4563.59
1936.06,2776.37
2721.81,4123.26
8439.22,6133.48
2222.96,4611.28
2008.12,2618.82
2697.83,3414.37
3628.94,4684.45
2249.22,3972.01
3121.67,4325.66
2691.28,4108.38
2049.88,3046.49
3531.77,4912.89
3099.17,3343.37
1852.36,3790.28
3607.04,3913.6
1664.22,3113.98
3656.66,5573.36
1575.94,3837.23
2395.56,3645.46
1373.32,2198.53
1659.11,2901.52
4019.7,4748.86
1876.58,3203.05
1605.76,3916.87
3888.78,3695.03
1909.93,3192.39
2977.06,4109.09
2611.04,2681.54
6058.7,5544.53
3562.24,4135.34
4820.63,4832.14
2323.37,3215.49
4206.37,5556.12
3191.86,3895.51
1526.14,3092.67
3120.97,4516.2
4271.04,4530.92
1743.08,2039.18
2284.05,3218.97
2634.94,3760.1
2023.41,3392.43
2436.02,3789.33
2409.73,4138.19
4119.77,4952.64
2113.55,3145.54
2792.48,4496.69
5466.32,5713.62
4703.38,4921.26
1921.92,2548.36
2646.11,3326.13
2973.03,3281.61
2691.25,3201.49
3864.03,4843.33
2203.07,4104.77
3990.99,5682.8
4157.23,3928.26
5182.26,4686.67
1492.62,4018.57
2715.98,3398.73
1914.75,3250.42
1348.76,3073.79
2033.71,2138.47
1297.3,3107.44
2069.61,3309.57
3710.38,3773.1
2736.47,3797.89
1449.71,2168.07
1196.76,2689.68
1393.41,2012.68
4191.68,4697.66
1806.14,3139.35
1580.96,3234.62
2788.29,4713.71
1890.14,4191.22
4138.37,3351.93
2657.13,3624.16
2122.42,3541.03
6646.04,5615.97
2665.97,4284.23
2148.28,3598.58
2982.75,4583.23
3151.28,3976.68
2650.87,3914.21
1359.71,2455.74
2163.1,2237.54
2170.54,3850.48
2947.26,2942.29
2448.31,2896.76
3312.78,4645.23
4871.46,5708.85
4033.28,4429.59
2792.93,3650.52
1914.51,3099.01
5577.27,5369.45
5325.65,4690.41
1483.26,2401.71
785.79,2566.32
1792.77,3111.27
3897.16,5530.98
7200.1,7002.44
2515.0,3728.38
3943.14,3543.71
785.79,2566.32
3842.2,12013.74
4671.47,5337.91
3224.38,3350.84
1829.28,2580.81
3994.71,4816.37
2648.68,3704.61
2928.75,3318.62
1741.38,3544.04
1844.39,3452.47
4646.54,4414.81
9670.74,5895.74
3576.96,4480.99
1859.26,2151.26
2270.94,3413.18
6220.43,4805.85
5488.54,6224.88
4579.08,5444.42
5307.65,4813.78
3828.64,4368.39
5291.71,4893.34
2775.39,3840.02
3656.95,3292.14
5193.76,4710.78
2346.51,3102.63
2969.53,4695.32
4651.79,4061.27
1898.75,3173.76
7010.92,6391.15
4591.1,4146.91
2925.58,3339.77
2974.74,2724.12
2974.73,4421.65
2058.88,3390.25
4000.33,5377.14
2234.77,3360.83
2779.7,4150.61
5351.19,5217.56
2559.93,3855.36
1447.96,2400.97
1972.43,3419.95
2864.84,4178.42
1462.66,3089.75
2624.77,4238.42
2360.51,4629.69
2668.12,3355.51
2220.75,3575.68
2005.97,3196.36
924.75,2185.14
3177.0,4466.65
1630.85,3357.92
3868.72,4523.59
4436.73,5321.37
1941.47,3444.92
2394.86,3269.13
2163.72,3292.75
2133.8,3548.71
4342.97,4177.8
1789.87,3047.4
6143.57,5081.36
2291.18,3914.7
2103.15,2623.13
4584.77,4704.04
1823.57,2989.62
1369.44,2248.96
4033.02,5625.71
4052.44,4153.86
2475.97,2459.41
2498.62,3691.78
935.27,2195.32
3106.12,4465.48
2377.95,3098.58
1753.43,3226.78
1983.5,3572.96
2787.07,4167.06
4673.12,4583.55
1807.55,3903.01
2374.56,3296.06
3414.02,3525.36
4573.96,6681.72
6067.43,5412.59
1994.73,3284.53
3070.38,3395.22
2404.48,4621.43
2556.48,3206.11
2796.52,4258.05
1160.54,2849.41
3129.89,3541.15
5428.21,5416.81
3379.31,3617.46
1739.62,3015.77
1719.63,2251.79
1813.51,2006.71
2096.92,3255.07
4603.83,4050.93
1813.13,3810.02
3212.75,5583.8
4201.24,3917.71
2426.42,3562.5
5197.51,5374.96
2382.63,3081.85
2794.46,4093.17
4328.78,4616.11
3959.51,4484.3
3075.51,4199.12
2481.3,3111.0
3884.2,4348.59
3495.19,4713.67
1915.3,3068.81
4402.67,4439.21
1848.3,3976.42
1317.8,3332.67
6172.93,5032.61
4178.87,4788.57
1933.21,3503.95
4297.75,5646.08
1786.7,3033.41
796.5,2687.71
7227.6,6298.98
9096.14,6313.11
3115.72,4060.54
6188.59,4904.18
4596.99,5194.84
2552.39,4711.14
1119.63,3008.58
5006.88,5311.69
5487.3,5918.09
2651.07,3627.17
5935.96,6329.24
2638.6,3599.29
4278.21,4662.77
2804.3,3931.41
3474.2,3297.46
3099.75,3669.66
4190.42,4742.71
2019.18,4078.35
1669.27,2733.45
3058.85,4784.79
2004.79,2894.36
1307.07,2310.92
2318.46,3361.02
4422.52,5459.86
2523.18,2980.76
3137.62,3391.57
892.77,1856.43
3692.72,4050.02
1763.25,2870.11
2204.14,3896.9
2474.39,3740.06
1879.32,2980.06
1918.29,3635.52
2454.06,3231.45
2926.41,4267.17
1448.13,3149.7
3609.84,4132.7
1895.04,2866.38
5157.42,4454.26
2180.57,3330.36
4642.99,4866.29
1473.04,1965.27
3865.09,4688.01
2019.78,3419.39
3796.92,4718.57
2618.38,4607.91
3766.29,4478.76
3348.1,4397.46
2444.33,4103.4
5643.82,6215.94
2386.49,4647.85
1968.56,3486.8
4942.14,5118.81
5811.5,5906.28
3728.33,4260.17
3659.56,3589.28
2552.19,4636.34
1665.7,3174.31
3820.43,4546.06
1462.33,2588.14
1148.41,2693.17
5143.18,5282.55
1669.0,3011.52
2052.27,1875.43
1339.76,88105.91
770.63,1844.42
2044.86,2937.39
4588.87,5242.36
892.72,2617.47
2897.75,3446.12
4230.7,4863.62
3880.64,3749.99
3472.92,5036.63
6486.37,5035.97
1704.64,3432.92
6051.69,7047.15
6344.9,5500.82
1811.79,2944.4
6440.2,5878.93
2375.8,3409.73
3393.25,4855.29
4274.82,4806.17
2167.14,2203.43
2028.75,4567.18
2420.59,4203.68
2762.06,4093.51
3971.34,4494.14
2350.44,3751.69
2693.13,3593.37
1812.96,2255.07
2248.67,3097.33
5601.0,5075.27
3230.74,3281.23
1717.23,2337.35
4050.09,4829.48
2203.11,3049.76
3238.67,4746.14
2800.98,4821.25
3196.4,4381.45
1912.26,3204.12
1345.05,3891.95
1669.57,2918.88
2207.83,3545.52
3363.1,4217.53
2490.3,3697.8
1775.23,3013.42
4324.45,4517.98
2719.94,3378.72
4333.64,5191.89
2338.77,4173.84
3041.87,3632.21
1829.75,2846.64
1511.53,1461.28
1937.32,2437.86
2095.83,2241.73
2153.56,3128.52
1126.62,2202.56
1498.02,3130.73
1821.37,2656.86
3420.98,4524.88
2341.42,3881.61
1750.58,2585.6
5280.8,5730.8
3708.91,4798.23
2014.45,4148.07
1116.89,2212.34
1538.19,2123.27
1801.91,3372.83
3185.69,4933.28
5764.96,5605.14
2870.56,4490.13
3428.44,3858.84
1754.2,1892.91
3110.83,3101.89
2420.42,3323.81
2871.55,4174.65
1825.95,3147.74
3761.49,3696.1
2783.66,4164.18
5152.56,6350.21
4081.32,4193.85
2676.94,3932.74
3534.6,3955.42
3986.04,5502.37
4015.35,4823.53
3163.03,4603.14
1843.37,3414.15
1834.24,3480.36
2173.92,3945.88
2874.22,4530.32
1250.39,1407.15
1467.01,2966.82
1837.33,2023.47
2463.43,4651.35
1390.53,3784.26
5078.93,5567.54
1876.82,3563.61
4268.03,3331.81
2573.28,4310.96
2849.05,4568.12
5122.88,5669.72
6266.91,5809.39
2722.42,3706.38
1969.05,3320.8
1292.31,1949.04
4333.37,5108.14
2055.04,3559.8
3287.43,3716.11
2120.75,3683.91
4388.81,5509.17
1390.38,2714.1
939.32,2183.34
2194.67,2781.65
3673.14,4440.28
2775.46,3732.92
3943.83,4408.43
1810.29,2100.73
1650.39,2864.42
1341.32,2798.68
4657.18,4523.95
5878.53,5797.43
3306.25,4786.87
2787.55,3490.82
3299.05,4537.32
2189.46,3488.23
5454.09,5117.39
3634.07,3488.94
2251.37,2652.63
4998.57,5394.78
2303.13,3561.81
2522.43,4616.08
1218.18,1394.94
2160.62,3538.13
3299.91,4461.1
2890.43,3574.08
2476.59,4632.26
8529.16,6736.64
2863.66,4245.91
2290.53,4038.94
1805.45,3828.96
1062.14,1972.2
2966.34,4652.65
2857.45,3944.76
2386.04,3252.54
4643.78,4746.53
2272.72,2749.06
1864.76,3110.57
2961.23,3180.67
3491.81,3673.45
2622.19,3435.67
4464.45,4433.82
5436.66,5126.11
2253.72,3367.84
3469.71,3839.55
1288.44,2114.81
1367.66,3609.09
1641.17,2345.02
1543.64,3777.96
4551.24,4182.02
4771.21,4287.46
1381.36,2296.05
1930.86,2524.96
2404.27,4096.09
1686.01,3021.84
4640.51,4373.62
4110.33,4293.21
1679.74,3918.72
2476.59,3726.03
2557.5,3543.99
2657.41,3702.72
3967.24,3910.07
2900.52,2530.77
2804.44,3671.17
2209.22,4443.37
8516.42,6108.51
2218.67,2820.46
1288.58,1333.51
4858.15,4202.8
2061.33,3347.9
5780.2,4535.0
1386.2,2627.26
2724.65,5864.84
4869.21,5741.51
5121.34,5512.34
2530.66,3244.4
1950.66,3575.61
2440.3,4128.67
2289.72,3533.11
2199.93,4235.89
2453.85,4767.34
4862.83,5061.31
2270.87,3355.96
1835.48,3017.69
3493.71,5564.4
2981.53,3778.36
4441.27,4917.23
1411.26,2807.22
2549.73,3206.77
1099.16,2939.39
2737.47,4041.55
1921.53,3448.0
2206.8,4878.3
1422.56,3278.47
2276.44,3682.75
2103.94,4033.83
3727.0,5014.88
3353.21,4065.95
3174.02,4201.3
2235.56,2797.16
1474.42,2558.81
2333.21,4033.89
3234.63,3854.82
2489.94,3812.92
5941.33,5148.21
2713.57,3755.76
3168.09,4007.94
3485.75,5140.73
893.97,3019.81
1420.22,3048.37
3308.57,3549.05
2740.68,3396.08
1663.31,3340.22
5899.14,4952.14
2386.27,2897.83
1917.45,3887.13
2619.54,3452.84
2742.19,4113.06
2775.3,2922.88
2653.11,2601.62
5746.75,4247.37
3210.01,4789.56
4547.43,4730.88
5016.51,4131.77
1398.75,2818.69
1397.32,2596.94
6098.0,5362.8
1786.09,3281.33
5946.06,5893.46
3044.23,3473.01
1636.29,4042.71
3377.29,4600.75
3053.65,4476.81
2008.71,2012.64
2272.99,2558.32
2621.16,4631.67
3793.69,5523.35
2836.4,3537.43
3472.93,4517.59
2586.2,3204.15
1960.9,2538.82
4673.62,4863.84
2865.4,3955.41
2263.44,3819.61
6214.81,6297.52
2235.03,3875.4
6077.96,5543.92
2073.22,2882.21
2615.28,3121.98
1257.53,1399.62
3323.7,3973.34
2523.38,3998.36
3287.42,3990.44
2131.09,4458.65
2576.93,3740.1
3493.28,4827.72
1880.94,3208.86
4148.83,4544.24
2855.53,3748.22
4496.5,3777.86
2869.02,3592.2
5829.1,5782.97
3845.06,4863.95
4656.41,4619.67
3028.47,4799.25
2653.12,4716.18
2054.38,3375.17
4450.76,5414.62
1306.21,3013.66
1311.2,2564.96
5852.01,6817.9
1410.38,3309.09
2612.2,3910.8
4128.86,5665.34
3414.36,3341.09
1236.81,2874.98
3456.5,4421.47
1802.19,2388.07
3920.52,4859.63
2322.88,3839.48
3398.12,4438.7
3125.51,3811.02
4905.69,6603.95
4441.74,4990.35
3005.78,3250.18
5994.67,6236.46
2257.08,4026.2
3233.01,4687.37
2313.92,4088.57
1932.44,3166.33
5471.81,5659.64
4643.11,5257.4
1660.67,3918.89
1700.19,2957.78
1521.56,3073.22
411.31,2084.87
1462.1,2432.18
4251.03,6934.51
5421.7,5435.26
6638.36,5494.49
2361.05,4037.71
6939.71,5210.85
1873.14,2664.44
4907.74,5383.41
4062.22,4891.14
847.3,3024.16
3926.06,4374.28
3858.2,5123.47
874.41,1336.21
2918.15,3971.41
1069.45,1768.8
4640.56,5407.09
1440.07,1499.91
3855.79,5080.57
1759.99,3488.03
5087.08,4166.12
1741.87,1237.23
4747.75,5431.81
4252.61,5636.71
4639.51,4236.92
1721.66,1493.68
1288.74,3147.3
4638.41,5638.13
1462.79,3160.56
3536.01,2114.88
2852.82,2464.78
1454.45,2470.41
1537.02,1866.8
4957.83,4424.03
2141.1,2628.88
2261.67,1583.6
1881.9,2637.99
1378.52,2365.74
2609.58,2993.65
2696.52,3669.35
3130.33,4150.29
4664.35,5101.57
1725.4,4057.91
4314.88,4125.2
4112.81,5121.81
1071.7,2903.98
3360.48,5060.86
2256.32,3531.31
4936.27,5151.63
3786.55,3946.65
7148.41,6291.07
4273.65,4721.31
917.31,2586.47
2594.7,3808.21
1917.08,3660.42
1832.7,3809.62
8003.02,6419.42
2878.58,3859.09
2168.45,3538.3
1431.6,3113.69
989.35,1385.25
2663.04,4056.28
3544.78,4426.21
2356.78,3691.11
4546.23,5639.61
3199.84,3875.77
3969.74,3583.64
3515.71,3952.63
1737.49,3902.27
4570.11,4154.29
2496.43,4098.5
1486.28,3371.96
2407.01,3377.57
5109.66,5139.16
4925.53,4998.39
1762.39,1796.19
3484.52,5402.08
4250.86,3622.8
2300.14,3468.04
3935.66,4563.43
3173.86,4156.11
6433.43,6331.23
4986.17,4712.8
1467.36,1893.59
1602.82,2470.44
7084.11,5872.84
1669.92,2465.88
4984.86,5556.04
2991.14,4644.29
1321.2,3205.93
5406.77,5719.21
8735.72,6010.51
2124.8,2489.19
4540.53,4706.89
1422.06,1429.17
2437.75,3822.56
3282.74,4508.84
3121.02,3861.24
1206.08,1902.89
1674.38,2522.73
3922.22,5458.33
2077.76,4660.58
2022.32,2626.17
3904.59,3490.54
3034.9,4228.36
2082.47,2332.33
1997.85,3894.87
3691.12,4245.14
4191.48,4416.26
2966.48,5082.16
1977.69,2627.79
1273.3,3169.66
3918.66,4601.46
3007.87,2627.87
1658.88,3522.23
2188.82,3100.9
2690.43,3104.11
1976.85,2033.3
2026.65,3144.69
6106.26,5672.06
3690.12,2116.87
1897.02,4265.62
2802.45,4333.74
2785.62,4208.62
5110.77,4797.0
2745.61,3718.38
2302.06,3151.38
5288.85,5888.31
3902.44,3810.19
2180.53,2340.69
1273.11,1392.38
2042.62,4137.87
1708.0,3822.64
1960.36,2594.36
2770.33,3671.35
3647.79,4786.6
2567.47,3913.06
2998.57,3117.59
2042.63,3557.34
3754.86,4556.95
2576.17,4114.26
3066.35,3613.08
3193.17,4238.77
6618.26,11648.19
2506.28,2875.11
1672.28,2769.38
4574.65,6819.86
1351.38,3221.43
2102.58,4007.17
2714.62,2626.46
4467.71,4654.45
1178.66,1394.24
2553.38,3700.8
2901.66,4448.75
2244.05,3761.99
3969.26,4853.76
2766.82,4171.37
3682.96,4156.76
2219.92,4001.25
2668.29,3344.64
3029.04,3907.39
3724.9,3965.39
4156.95,4301.87
2129.65,3796.1
5206.96,4845.4
3576.58,3314.9
2224.08,3081.66
2430.08,4232.59
1502.77,3263.54
2799.25,3153.66
6048.15,6241.78
2267.66,2761.87
2935.49,4147.76
2082.65,3172.66
2620.14,3645.38
2827.56,3473.46
2919.04,3143.57
1560.44,3805.18
2541.26,2996.79
1967.89,3863.65
2412.3,3722.08
2357.56,3432.45
4810.65,6225.86
1324.19,2669.27
4033.24,4290.88
1855.96,3946.03
918.04,2561.22
2687.28,4408.27
4844.0,5668.3
3649.92,4617.0
2163.17,4227.44
3268.61,4584.48
1675.44,2836.46
2779.16,4184.14
3613.8,4712.58
1483.05,2892.43
1763.28,3314.92
2808.43,3960.8
4134.11,5589.96
1224.03,2915.26
6334.18,6681.19
2833.87,4492.39
3778.34,3890.17
3960.03,5130.8
2971.18,3524.7
2387.56,4009.94
4545.24,6042.69
2645.01,3528.41
2587.59,3026.87
2927.2,3632.22
2243.94,3606.0
2613.01,3243.14
3235.04,3754.83
2432.45,3968.16
2696.96,3693.92
2323.37,3215.49
8207.12,6066.44
2630.51,4700.34
3946.89,6252.91
1569.13,3193.59
3519.05,3548.99
2293.62,3549.82
5163.12,5315.9
2928.35,4188.93
4279.9,4647.67
3042.33,4242.56
2468.31,4611.04
6838.1,5540.7
3285.42,4124.98
3930.19,3831.44
3425.38,4577.27
3456.04,3141.89
2882.57,3502.29
2552.06,3383.76
2909.26,3339.2
1287.6,3242.36
2809.19,3506.3
3401.62,4566.99
1040.74,2860.26
2015.09,3344.42
1769.32,3842.02
1948.26,3855.26
1233.09,2804.75
940.21,1790.32
5698.89,5366.2
4990.08,5726.64
1178.6,2644.56
2687.28,4408.27
1868.66,3910.6
4318.71,5671.98
1216.31,3168.82
5891.88,4442.16
4256.59,4812.17
3388.21,4849.64
3726.05,5107.05
3772.85,4813.43
1901.02,2542.68
4505.69,4903.91
1585.62,3261.37
6419.89,6273.5
3411.04,4041.96
2702.5,4543.65
969.48,2681.78
1688.71,3038.34
6180.22,4981.28
1345.14,2332.48
1284.93,1399.12
6090.28,4447.4
2195.27,4035.07
4343.48,3720.8
4606.18,6262.4
2689.01,3182.24
2207.9,3574.01
4712.68,5301.03
1104.07,2700.11
1288.3,1400.69
2009.49,3766.23
2357.19,3856.85
4716.3,5202.72
2525.65,4071.29
2842.63,3598.79
3774.28,4387.94
1763.32,2439.3
4434.92,4468.86
4191.11,4858.24
2239.09,3756.98
5769.57,4406.43
3506.77,4188.15
4700.44,4935.79
2337.54,2311.01
1671.41,3073.5
1409.45,3911.34
3284.79,3767.66
787.95,2559.43
3710.04,3971.53
1538.04,1658.86
2023.7,2584.68
1561.76,2215.49
1316.63,2802.47
1292.37,1430.68
2264.25,4105.77
2990.69,4619.37
2558.18,4861.77
2278.1,3898.84
2814.14,3244.23
1802.32,3317.5
1630.3,3280.28
1942.98,2780.17
3020.39,4037.27
4259.21,5626.85
3234.6,2088.99
3223.11,4929.96
3668.86,3817.62
3142.46,4764.69
6623.33,6162.64
3032.9,4015.51
1700.6,2993.77
1700.44,3085.83
2281.64,3310.09
2000.45,2855.15
4179.51,5146.63
6393.06,6013.95
2264.98,3256.81
4544.76,4422.97
2545.78,3781.84
1970.11,2742.85
7463.17,15743.12
4257.68,5239.56
1174.01,1369.06
4319.03,4754.0
5221.65,4578.5
1346.48,2826.49
2132.58,3320.87
3188.41,3952.06
4554.62,5335.78
3961.42,5098.39
2390.03,3310.17
1687.16,2493.07
6306.05,5115.88
2606.32,3961.96
2142.96,3091.51
2660.86,3976.52
1709.72,3652.77
5169.82,5266.8
2761.67,3499.67
2149.28,2882.6
2744.35,3618.8
2101.76,2646.69
1505.47,3115.53
4139.24,3550.01
1803.61,3316.23
4518.54,5235.66
2630.74,3278.73
3323.27,3599.28
1589.7,3812.69
4030.63,5312.18
2905.79,4047.15
3623.85,3929.44
2425.33,3250.89
3550.31,3097.75
2766.95,3863.41
4438.97,5527.19
822.41,2558.82
3477.09,3562.15
2760.98,4695.31
2023.61,3195.79
5045.47,4194.08
1214.6,2112.31
1855.73,4405.13
2114.61,3582.24
4264.1,3962.0
3127.89,4170.5
1561.44,2668.41
3394.88,4610.98
2573.47,3248.96
1766.33,3056.46
2029.24,3958.27
2591.33,3697.96
8066.22,4917.59
4187.72,4668.46
1254.77,1386.71
5004.07,5339.21
1475.36,3110.48
2604.74,3864.37
3381.32,4781.49
2008.86,3461.72
4682.31,5586.3
2266.97,3109.5
1928.44,2429.71
3472.82,3133.31
2104.83,3867.49
2352.53,3937.04
2133.77,3101.12
2150.22,3534.91
3166.91,4443.19
1185.24,1384.74
3080.5,3899.31
1761.46,1793.24
1485.71,2798.43
1249.1,1888.8
3225.82,4493.47
3685.71,4389.75
2885.97,4729.5
2589.79,3736.9
3001.17,4535.97
2464.09,3481.97
4121.04,4280.6
4189.25,5037.66
5261.18,5375.07
2287.55,3024.97
1598.85,2432.08
1680.73,3422.96
2081.58,3365.88
1484.6,1437.52
3362.02,3608.39
6677.45,5701.76
3102.85,3780.62
3845.12,3901.76
2517.57,3559.13
2702.72,3247.8
3468.68,4417.15
2025.76,3442.0
3236.25,2796.51
3579.46,4966.58
1767.47,2946.82
1532.98,2923.43
1414.62,2812.38
2064.96,3140.72
4319.02,5208.98
1928.45,3783.05
3120.82,4698.82
2131.43,4230.18
4736.65,5563.2
4736.14,4381.32
5182.3,5106.95
1706.83,3278.52
2249.56,4181.37
1493.94,3271.62
1315.07,3317.8
1174.56,1383.18
1961.14,2242.51
2845.83,4123.0
1458.26,3247.59
4620.57,5507.41
4159.32,4585.41
1557.22,2391.4
7009.24,6288.69
1300.35,2148.96
3208.93,3342.58
5309.82,4239.73
2442.17,4347.25
3773.78,3926.98
4909.05,4748.8
4344.87,5614.16
2592.09,3757.6
1234.75,2677.79
1286.75,1387.26
2331.14,3700.35
2523.84,4873.21
1710.98,3591.28
2079.94,4048.87
3320.99,3884.01
1103.5,2841.82
1961.92,3471.77
1694.24,3097.23
3083.57,4192.95
2739.5,4657.14
4145.55,5229.53
1298.12,1938.64
1749.71,1963.87
2975.11,2075.44
3981.32,3862.6
1564.78,1676.26
3166.03,4246.39
3274.34,4578.53
1317.37,1921.41
3030.98,2999.17
4982.28,4906.33
2712.45,3657.24
1900.62,3331.41
3030.44,53031.3
6654.62,6496.86
1900.24,3896.68
3382.5,4091.2
1744.96,2699.2
4488.92,5672.7
2379.84,3657.07
1690.34,3437.24
2194.86,3162.83
2479.18,3622.77
2524.87,3773.51
1753.1,3372.01
1071.7,3294.33
5556.12,5388.98
2956.07,3805.86
1258.46,1867.19
1782.87,3027.62
2458.32,3225.39
3788.41,3981.35
1859.68,3172.49
1357.69,3031.4
2995.79,4329.82
5279.66,6221.46
899.75,2189.39
2870.5,3062.64
2757.35,3807.78
1572.05,2814.61
4724.76,4798.84
2299.18,3739.04
1784.39,2911.95
4099.79,4465.47
7699.71,6381.29
908.36,2887.66
4149.06,4000.55
3293.94,4875.69
2293.4,4570.7
4148.32,4303.89
1494.98,3397.71
4997.41,5700.22
1739.84,4234.77
2704.55,3100.78
3978.26,5470.1
2219.86,3382.68
842.62,2704.71
4848.67,5325.96
892.72,2781.69
6134.27,5738.95
9542.64,15409.45
4082.32,5079.81
1454.55,3149.24
5227.05,5721.15
3438.48,3340.11
1206.67,1382.5
2488.44,3219.18
1459.77,2095.47
3832.9,3796.1
3113.0,3560.36
3526.87,3675.68
2729.96,3563.88
1984.18,3297.72
2133.17,3141.89
2549.61,4646.4
934.17,2681.79
3339.58,4590.08
2755.93,4264.71
2845.04,4759.17
2325.98,2252.85
2541.39,3705.48
6734.58,6555.78
4491.89,5039.7
3959.68,5347.1
3409.39,3309.47
5265.7,5174.27
2279.81,2846.4
2629.76,4226.1
2409.66,3822.84
2284.8,3509.81
2295.79,3692.12
1210.92,1390.87
5050.83,5730.96
1513.25,3310.86
964.13,2752.88
3348.81,4633.22
2829.04,4373.01
1265.97,1390.39
4501.16,4291.1
2793.57,3315.79
3882.92,4138.04
3556.83,5052.96
3348.3,4966.58
1791.32,3105.76
1738.47,3836.33
1819.51,2956.35
2613.9,2719.59
3205.09,4719.51
4359.72,4486.98
1555.71,3115.79
2481.0,3269.46
1437.38,2772.34
3089.63,3904.84
1980.75,2931.9
4167.8,4496.63
2373.55,4149.27
2943.01,4714.35
2419.52,3731.74
3618.21,5165.2
3976.5,4785.21
5446.41,6191.74
1290.25,1382.27
1856.15,1593.49
6116.13,6979.35
2078.98,3128.78
2323.09,3182.87
6617.98,5496.12
3094.18,3804.69
3060.74,4172.82
2787.77,3499.77
3649.73,4772.09
1770.81,3185.43
2474.66,3876.9
1439.74,3376.75
2392.3,3872.29
2467.05,5314.43
3120.04,3104.27
952.84,2541.87
2540.31,3429.41
3849.15,5619.32
2446.4,4098.92
5309.05,4680.05
1866.32,2334.29
2243.87,3612.82
3914.48,4813.05
2453.46,4296.9
1062.15,1745.66
1940.96,3608.04
2298.45,3072.65
2066.55,2556.39
3342.66,3810.68
2631.92,2806.11
2277.43,3425.09
2642.23,4196.1
1755.67,2711.58
2175.85,3813.7
3576.29,4946.31
870.35,1741.61
1332.17,1394.49
2530.16,3371.7
2067.07,3695.38
1712.49,2495.7
2066.97,3292.7
2366.99,3114.79
2572.71,4120.05
2684.55,3400.54
3833.32,3616.36
2614.21,4001.87
3320.29,4279.01
5569.2,6221.53
1379.16,3196.0
2414.94,4842.61
1602.44,1420.4
3919.79,4430.02
4272.24,2322.07
2897.17,3667.61
2541.94,4357.11
1420.35,2673.43
1842.78,1545.14
6064.84,5526.39
4487.68,4568.74
1440.37,3055.71
3496.12,3986.82
3361.86,4560.21
3177.3,4713.5
2515.25,4206.47
2121.68,4611.33
3917.84,4792.42
2637.84,3989.98
3167.36,3657.52
4831.0,4939.65
4993.76,5223.07
3146.4,5007.31
3196.24,3681.08
3918.39,4908.05
2523.38,3998.36
1585.21,2821.37
2681.58,4412.82
1418.78,2959.31
3311.45,4883.59
1488.15,2492.85
4043.03,5080.37
939.07,1872.03
2907.98,3878.13
1375.4,1948.27
1444.18,1318.91
1882.94,3657.01
3185.33,4801.7
2115.31,3823.88
3618.81,2658.37
2993.79,4455.64
2863.61,4444.72
2587.53,3575.24
4240.9,5389.08
2422.44,3631.66
4025.65,3812.39
4685.69,5744.58
1987.59,3227.88
2159.5,2592.07
2832.23,3219.48
2401.72,3196.85
1623.2,3649.4
2252.2,3551.08
2843.94,3658.51
2401.57,3266.92
3787.25,5278.63
2193.5,4025.32
3987.99,4755.38
3288.69,2556.37
965.3,2807.66
2134.38,3677.58
2162.25,3557.61
5949.31,5698.49
4890.98,5373.24
1318.58,1406.68
1631.48,3054.79
1184.33,2697.59
949.37,2628.28
3587.05,4727.17
2614.58,2909.74
2584.67,3734.4
3918.1,4824.33
1987.56,3007.74
2531.94,3504.19
2357.82,4889.67
5017.23,4983.03
2330.88,3723.75
4019.37,4205.09
2284.08,2868.71
1087.45,2996.35
4523.89,4870.14
3024.31,3883.81
2426.39,2932.24
2444.65,3771.61
2273.93,3511.0
5375.85,5364.93
6476.43,6081.17
1714.02,2251.26
2301.62,2808.78
3367.32,4400.42
3569.55,4071.87
3656.91,3685.46
4789.8,4858.66
1272.16,1384.53
6074.37,6623.01
3737.94,3871.13
4178.23,4726.97
4415.08,5165.51
6207.76,5559.88
1308.45,3192.51
681.59,2416.6
2215.35,3223.2
6706.96,5251.46
2587.61,3342.95
1149.97,2533.76
1749.26,3361.66
1359.05,3169.64
2489.96,3546.94
3525.92,4710.86
2043.81,3100.08
1773.43,3447.43
1745.71,2654.12
1851.6,2271.47
2744.48,3938.5
1438.51,3369.23
1845.05,3285.14
1677.31,3922.51
2766.0,3540.27
2164.17,3358.32
2162.3,3207.31
4244.29,4030.95
1489.5,2875.67
2112.55,3550.12
2339.61,3511.74
1790.31,3245.09
4130.06,5174.62
3250.7,3925.67
1735.85,3056.19
2419.16,4153.45
2457.16,4050.03
2015.73,4057.64
4817.36,5079.98
3173.97,3313.58
1633.66,2889.89
3899.28,4780.64
1772.33,3511.69
5818.56,5864.43
782.41,2605.24
3352.48,4754.01
945.56,2192.38
2350.24,3835.92
1073.06,3034.62
5956.31,5102.0
3932.87,4594.73
2794.71,3389.5
4170.93,5615.2
2287.16,3599.55
2732.34,3777.63
2018.25,4755.36
5895.78,5723.95
2949.61,4360.31
2890.29,4651.98
1627.88,2703.14
3802.15,5022.18
1575.45,2942.88
1409.18,2219.63
2372.27,4018.12
2360.69,3914.94
1058.41,3073.04
2014.1,2709.11
3254.35,3979.95
1455.86,3387.63
3855.99,4423.79
2053.23,3573.18
1195.34,3109.76
1688.57,2024.2
1318.31,3318.9
3607.61,4823.08
2991.11,4262.58
2645.58,4329.48
819.13,2793.15
2787.91,4715.47
1997.92,3098.24
2612.77,3336.7
1608.41,2875.96
2776.59,4322.15
2664.04,3530.06
3474.89,4968.46
8066.34,5724.15
1451.41,2171.29
1813.74,3736.88
3250.63,3496.42
2414.34,3224.84
2672.36,2962.27
2052.68,4065.47
2537.19,3488.5
3994.9,4015.36
3175.33,3789.79
2031.91,3090.31
5602.71,5684.55
3167.91,4050.9
993.72,1791.48
1275.77,2579.1
5320.92,4759.58
3934.72,4327.21
4523.06,4937.89
930.23,2187.13
2881.14,4608.61
2922.19,3610.68
2245.15,3774.82
2528.81,3574.33
3081.99,3663.02
5126.57,4929.7
970.56,2185.83
2000.86,4694.13
5280.95,5718.73
1442.61,2023.34
2538.13,3871.56
6651.84,5782.8
1621.91,2531.51
1963.45,3818.3
1630.26,3272.01
1167.29,2751.6
1349.03,3801.64
3804.99,5726.58
2087.32,3776.74
1205.04,2082.19
2437.15,4093.98
2671.82,4031.4
3679.78,4162.06
4229.87,3473.27
2281.05,3773.36
3161.59,3640.53
1484.6,1437.52
3449.02,4146.2
5541.57,4949.17
2269.22,3980.36
7370.41,8317.29
6450.25,6270.1
3832.37,4756.42
2951.84,3774.71
3123.75,3795.27
3631.38,4644.31
2920.15,4651.44
4587.87,5129.98
2005.09,2982.0
5752.0,6230.21
3412.46,3828.25
4568.65,4358.21
2374.46,3060.79
2078.42,3225.27
1287.61,2793.78
1800.33,4102.01
2966.34,4170.0
1690.45,3151.65
1863.71,2662.74
3738.25,3984.29
3624.78,4217.99
1494.59,2545.31
1983.87,3185.09
1823.63,3194.52
1439.59,3317.55
2477.99,3553.87
5103.69,4649.82
1410.32,3744.93
2540.15,4162.72
2517.28,3772.78
2582.75,4223.63
1025.48,2883.14
1655.22,3961.11
1946.55,2283.97
1266.3,2728.48
2913.45,3714.57
3079.53,4405.49
978.66,2405.38
5328.15,6376.39
5122.38,5363.69
2925.73,4071.14
1631.21,3906.48
6169.04,5274.83
4265.39,4999.6
2907.14,3736.87
2041.5,3662.95
2062.57,3649.33
2024.41,3212.69
2987.15,4088.24
3195.61,3463.98
1417.1,2164.97
1672.03,3959.69
2557.36,4194.36
2274.28,3913.79
2769.66,2977.46
3285.65,3913.52
3638.02,4601.09
2479.43,3474.04
4338.11,5092.9
1536.23,3089.63
4624.78,4467.37
999.48,3047.92
3502.16,4014.42
1617.65,2412.79
4890.66,5363.35
1737.86,2877.6
1399.36,2339.58
2740.66,3430.51
4074.3,4667.76
3215.86,3931.91
3727.13,3269.66
1714.66,3435.3
2980.44,3727.33
3898.42,3743.45
5419.69,5707.25
3149.04,3891.01
2228.76,3810.71
2524.46,3301.24
1179.65,1898.79
1505.48,2559.38
3139.67,4264.36
5234.86,4655.72
6732.9,4134.51
3232.61,5936.56
1987.67,4020.73
2342.76,4196.76
3286.07,3144.83
2125.83,3562.24
3322.96,3626.58
2702.01,2890.62
2157.66,3555.39
1057.17,2895.36
2085.62,3361.47
3786.53,4199.67
2275.27,3427.4
3733.82,5096.95
1285.17,2826.65
2377.97,3682.31
3015.36,3469.84
2533.88,3239.33
2332.1,4092.63
3876.6,3547.47
3099.49,4142.77
4877.88,4120.75
6409.98,6591.57
2910.46,3302.79
2534.63,3562.15
3611.66,4585.12
3415.32,5144.99
2004.67,3488.98
3042.2,4280.35
1192.17,2172.91
2063.52,2978.75
2033.68,2702.65
1986.53,3047.73
1844.41,3183.6
6678.16,6261.58
1650.17,3133.12
2775.25,4401.2
1812.88,3039.89
2486.0,4154.05
3843.08,3175.08
3771.54,3354.82
1871.29,3853.14
1765.22,3142.11
1048.23,1347.69
2683.08,3612.52
972.03,3051.71
1624.43,3919.54
4526.42,4366.82
2596.38,3690.82
1548.0,2725.73
5276.63,5028.65
2846.96,4298.36
2286.65,3346.0
3407.14,4761.8
2021.79,2948.26
2140.11,4002.35
2439.32,3342.7
2038.62,3607.47
2613.61,3730.06
5012.23,5666.32
4645.86,4411.13
3695.61,3915.95
1837.27,3658.66
5512.71,3895.07
2067.07,3164.64
5562.3,6351.54
1264.73,2661.11
3075.02,4852.77
2288.8,3465.28
2695.82,4185.39
1298.59,3333.04
1688.73,3351.58
2539.46,4275.17
2455.09,4096.9
2335.57,3602.29
1876.72,3827.96
1697.63,3401.21
2165.02,2542.6
1148.04,2884.5
1990.74,3470.44
3238.49,4216.7
1740.08,3192.13
4186.56,5726.54
4312.71,5510.92
1831.12,3186.25
6387.66,5622.83
3655.82,4547.26
2238.05,3069.56
5112.43,4337.94
1852.89,3635.02
4694.38,4796.91
1248.92,1790.78
1856.46,4167.66
2247.96,3717.11
2281.9,3664.38
4802.13,4868.24
3511.13,4243.05
3732.45,5199.0
2774.7,4702.43
3216.26,4368.16
1833.74,2126.38
3753.59,4069.87
4458.34,5203.51
5670.97,4894.3
3583.43,3272.65
3718.4,4639.16
3809.42,3634.93
2560.77,3627.28
2441.73,4880.01
3168.86,4677.47
2107.06,3367.01
3409.57,3707.55
5835.85,4845.5
4152.98,3674.79
1521.95,2958.61
2481.05,3250.23
1778.84,3091.6
1681.79,4042.09
3448.1,4976.26
2044.25,4613.35
2566.9,3128.01
4987.95,4910.69
1917.11,3591.3
2190.64,3142.83
2302.59,3643.14
3247.57,4883.78
1007.63,1933.82
4214.93,4498.97
4804.39,4824.34
2319.65,3450.12
2646.73,3620.53
999.42,2189.69
2775.99,4366.3
3093.96,3691.52
2124.21,2978.57
2235.16,3540.2
1773.66,3989.95
2292.3,3722.97
1967.42,3246.11
2296.94,3847.0
3336.94,5022.01
4963.15,2406.41
2796.88,4028.84
2377.37,3213.33
2636.75,3680.74
5273.26,4989.07
4551.72,5431.06
797.4,2602.54
4397.56,5171.19
2582.49,2769.14
3761.29,3794.48
3284.28,4701.45
5491.15,5439.58
5506.9,5730.25
1045.08,1761.75
4709.36,4803.24
1083.43,2522.1
2394.12,3902.1
5566.15,5250.37
2435.06,3133.23
3160.08,4254.72
2671.01,5191.45
4772.01,5566.63
2194.15,3081.43
2406.7,4831.98
3242.21,3737.26
4069.79,4592.94
5981.07,5511.57
4836.39,5143.29
3582.59,5102.64
1314.01,2503.58
2538.25,3608.12
1579.99,3913.66
4637.06,5216.81
5766.27,5141.23
2947.01,4086.31
3313.02,3828.46
2606.19,3862.62
3133.36,4209.03
835.02,2833.72
1269.55,3478.46
2506.34,2194.43
2870.54,4711.62
1592.07,3050.12
3705.0,5260.18
3219.65,4218.72
3113.14,3708.37
1858.44,1634.46
3091.62,3641.59
2707.66,3125.34
3434.92,4294.76
3176.23,3927.89
1534.8,3342.86
929.02,2177.86
4524.31,3627.75
3927.64,4789.85
1260.39,2175.01
1477.43,2258.31
6604.1,5844.85
2145.16,3900.68
2100.22,4628.02
4031.55,4595.45
3970.97,4793.54
1523.23,3722.04
3936.59,3825.44
2824.62,4408.08
1379.55,2901.88
5356.68,6216.66
2677.91,4457.75
2047.9,3095.71
1828.39,3975.41
3361.01,4816.86
3638.15,4958.97
3707.85,5104.89
2556.39,3840.71
3552.85,3993.37
2381.19,4278.54
4622.05,4322.63
2241.98,3761.53
1564.6,2834.22
1369.41,2417.54
1306.53,1398.22
2921.28,4467.79
2936.57,4185.26
2111.46,2674.68
2765.19,4263.01
3982.66,5294.55
5925.01,5627.82
3955.96,4314.34
3766.22,4655.01
2510.96,4575.26
2275.47,3835.34
4427.39,5169.02
1248.35,2984.89
3967.76,4465.26
3864.2,5211.8
2070.76,3547.42
2343.67,3200.88
5045.56,5503.83
2892.53,4423.29
2375.17,3013.99
3177.66,2935.57
1469.83,2436.61
2843.14,2532.57
3402.63,3548.39
3410.41,3327.65
3229.16,4718.67
3308.94,3602.15
3045.19,3879.09
1926.14,4569.54
1493.97,2325.63
1854.45,3084.18
2409.65,2653.35
6244.26,4806.38
2059.46,2574.21
3906.58,4393.16
1484.24,3915.6
3277.54,3732.98
2415.12,4446.97
2225.32,3994.79
2784.48,3916.29
1650.77,2288.99
2332.23,4062.45
1684.12,2401.17
3330.14,4789.09
3365.99,5072.68
2050.71,3095.35
806.31,1921.7
2361.0,3010.34
1472.25,2001.9
2439.09,4141.17
2952.27,3583.56
5043.76,5009.27
5051.36,5382.87
2298.65,3348.38
5698.12,4652.75
3178.66,4148.92
3895.82,5709.8
4101.85,4062.36
2840.02,3777.91
2879.15,3305.93
2423.89,3727.24
5780.55,5744.24
1986.87,3875.82
4493.67,4733.3
5897.69,5725.59
1649.86,2200.75
1871.02,1526.17
3413.62,3362.8
4394.42,105948.17
2997.39,3823.51
2180.4,3324.26
2014.42,3256.33
4400.84,4252.37
2105.52,3675.51
5764.0,5778.01
3691.27,5709.72
2646.74,4101.71
2337.67,2883.41
3167.68,4686.71
1705.25,3331.95
2664.81,4204.45
4778.87,5132.14
1555.11,3710.32
7815.98,5786.08
4435.1,4844.45
2848.88,4625.47
5760.2,4267.35
3026.67,3893.27
3159.61,4475.04
6844.96,6867.06
2239.79,4104.93
7799.77,4775.01
2673.91,3902.12
3622.93,3711.5
2604.04,4001.73
7971.73,17229.47
3367.97,3974.41
4341.06,4706.38
1618.93,3318.29
3853.78,5622.35
3175.88,4674.0
2435.81,3660.41
1111.87,2887.42
2342.28,4143.27
2805.68,4094.32
6220.75,5072.99
2281.37,3458.0
2520.15,4125.82
2588.79,3353.21
1478.03,2376.55
1439.13,2533.62
3217.61,4708.09
3013.85,4741.65
1488.03,3863.47
6117.56,6632.79
4275.47,4436.08
2891.03,3012.04
4899.97,4714.47
5539.07,4542.14
1428.14,2706.36
3148.76,3939.15
2954.95,3256.52
4093.87,5233.33
1745.89,3126.91
2513.6,4242.87
5031.23,6215.52
1696.72,1972.67
3842.98,5156.58
5392.85,4230.74
2252.11,3725.86
3565.22,3214.09
3640.1,4162.78
3143.14,4891.7
1948.51,3937.64
3070.17,4450.18
1088.68,1859.22
2441.92,3705.95
1705.13,1438.13
7520.49,8947.77
2513.15,3812.11
4722.11,5673.03
5101.96,5428.4
2189.56,3853.29
1662.88,3739.97
1153.03,2732.82
4111.52,5135.69
2313.44,3543.97
2627.69,3813.47
2148.32,2439.84
2158.64,3067.69
1776.81,2608.02
7048.94,4841.12
1676.27,2678.71
2216.45,2570.14
2866.56,3667.45
2145.31,2106.24
1169.53,1205.08
2379.89,1899.38
3910.59,4560.77
1870.88,2813.49
2455.26,3696.48
5077.61,5754.66
2688.88,3785.81
2816.48,3521.86
1786.25,4305.4
3130.27,3450.93
4046.04,4266.72
2450.19,4383.07
941.17,2633.33
3445.92,4423.05
1727.08,3219.95
2174.8,3354.05
2944.93,3684.42
3394.88,4610.98
2140.43,3287.12
1596.37,1871.63
2324.57,4278.65
5352.18,6950.19
1998.94,4887.78
1172.18,2901.65
2168.74,3429.39
3066.81,4127.66
4623.99,5024.05
1524.08,3405.25
1395.73,1990.64
1463.97,2080.04
3190.56,3532.14
2977.69,3667.78
1825.45,3739.88
1060.93,3289.64
3302.07,4120.76
1779.94,2537.44
4016.59,5136.49
3470.47,4862.52
2995.73,4129.9
5128.15,4074.96
6237.96,4840.71
1452.97,2973.2
1542.87,3115.8
4011.99,5515.98
2134.84,3609.39
2463.64,2860.2
5214.57,5448.92
1526.82,3815.45
2322.81,4597.97
1597.81,3542.53
1084.69,2502.37
3711.02,2866.46
2624.82,4752.28
5300.46,5701.41
1230.92,2417.93
3906.42,4448.63
2375.45,2774.44
2356.45,3262.79
6156.86,6038.33
2473.55,4143.67
2409.01,4206.11
2163.46,3476.71
1906.8,3979.09
2002.97,2707.49
2945.07,3718.89
1700.5,3081.64
5590.35,5174.78
1111.21,2848.06
3369.13,3399.01
2184.81,3603.61
1967.32,3218.31
3696.67,5188.69
1424.52,4120.44
1663.87,2808.88
4157.58,3928.3
2868.42,3990.59
2130.78,2708.93
6742.4,5919.93
5375.9,6527.37
3633.53,4129.91
5495.93,6165.5
3260.88,3831.63
3390.02,4322.05
1778.81,2859.46
1666.43,2644.92
2890.06,3423.63
3556.92,3558.52
3341.2,4133.1
2569.77,4144.04
4971.5,4130.75
6402.5,5821.08
2722.33,4380.25
1858.76,3182.03
3386.87,4567.57
2091.23,3916.74
1152.43,2224.75
4918.62,4196.18
7048.52,6120.41
4488.26,4567.99
4335.88,4093.23
3791.59,5582.0
2615.53,4394.14
3742.96,3943.15
2623.42,3547.86
5635.0,7703.08
1780.76,3353.78
1914.56,3062.65
2630.77,2972.07
1800.89,3417.35
2001.48,2982.91
2174.27,3796.22
1264.61,2806.61
3230.93,4420.69
5486.06,5704.67
788.09,2698.7
1053.23,3034.98
2520.28,3715.31
2606.67,3238.46
2439.81,5248.1
862.94,2184.0
2416.75,3877.57
6173.73,6600.15
2405.4,3600.68
3551.18,4802.4
3030.48,3867.39
1597.39,1512.94
1548.07,1979.7
2225.29,3714.52
1832.38,3015.57
2552.59,4878.09
3133.06,3184.15
4395.02,5051.46
2755.36,4349.64
640.59,2315.36
5019.52,5406.88
2601.7,3364.47
2099.14,3784.25
2068.19,3022.89
1528.03,3253.07
2774.88,3211.18
6649.89,6273.32
2842.98,3708.22
7805.11,6467.95
2753.53,3400.82
3600.82,4068.41
1723.59,2686.2
1475.79,2454.03
3915.78,4982.48
3259.16,4550.05
1972.2,2458.52
2487.5,3096.77
3790.69,3787.36
1199.05,2103.99
1759.77,2375.4
3058.34,4365.62
2817.92,4054.45
2077.89,2343.91
1802.14,4702.06
1376.35,3164.74
1612.68,2463.18
969.82,2619.65
2522.54,4150.85
1992.9,3320.54
1240.07,2902.04
2530.53,4159.82
2224.8,2117.68
3090.68,4669.36
2603.26,3664.2
2641.7,3129.37
5419.24,5280.98
4408.64,4675.8
1206.41,2182.2
4476.16,4826.26
4194.17,5333.82
1559.34,2070.81
1663.64,3123.83
1008.57,2882.4
5199.52,4517.98
5882.62,5607.51
5999.49,5643.77
2575.96,3530.33
2584.08,4625.13
5568.07,4755.36
910.81,2493.17
3091.87,2458.92
3221.79,3562.19
962.95,2003.78
758.97,2917.08
4105.72,8074.73
2180.73,1485.28
1296.71,2657.44
2352.72,4543.02
1705.42,3346.91
3638.21,4455.69
4625.65,5219.9
5953.45,4260.26
2562.23,4655.02
3480.55,3698.81
2560.08,3758.11
2595.51,3272.27
2717.58,4080.47
2829.55,4567.07
754.86,3136.5
2089.62,3776.87
2564.04,4368.47
5143.12,4323.08
2145.03,3270.3
3547.43,5214.07
1525.33,3406.43
1145.02,3152.27
3418.08,3613.63
2038.37,3077.21
5339.21,5395.86
1914.97,2428.73
2643.08,3065.6
2077.7,3940.61
1008.02,2882.38
1422.89,1985.33
2174.95,4759.31
2261.87,3544.59
2928.95,4506.17
4134.83,4138.84
3403.71,4112.07
3004.03,3238.94
7549.9,11983.1
4960.36,5657.88
3243.52,4630.17
1005.35,3039.1
1563.13,3062.93
3371.52,3399.28
1707.28,2177.34
5506.76,5339.32
3411.08,4767.5
4722.96,5653.8
2602.02,3775.56
7237.9,5938.54
859.43,2188.04
3993.05,4138.54
4506.99,4842.43
1566.11,2092.24
1649.92,3571.97
3262.87,3778.62
3798.54,5637.29
3831.48,4529.91
2098.13,4031.49
2582.12,3554.04
3311.12,4599.24
2241.29,3096.56
2924.67,4060.07
2520.28,3715.31
3687.4,5335.69
1537.22,3270.45
4927.55,5467.62
936.72,2188.96
5593.8,5276.22
3437.51,4907.9
4353.94,5392.21
6412.84,10330.09
4259.88,4919.5
5396.28,6201.96
1035.58,2750.3
2005.01,3553.09
2310.92,3276.01
1889.43,4262.37
4887.11,2952.55
2678.76,3015.46
1963.1,3882.94
5524.34,4455.29
3636.08,4724.02
2193.57,3631.23
5141.21,5034.98
4515.87,5762.6
4580.55,5276.17
4342.8,4392.84
3585.91,4594.15
1638.15,2979.93
5028.82,5750.82
1418.52,2762.09
2244.27,4192.34
2666.76,4001.37
1658.07,3671.35
2488.51,4097.1
3559.85,5126.84
1676.71,3491.31
950.21,1789.32
3798.4,5687.27
4047.62,4421.01
1018.37,3115.26
2618.34,3671.19
1668.51,1948.97
1819.33,3237.6
5161.97,5323.61
3404.42,4368.94
2179.69,3793.44
1072.75,3039.67
3853.18,3822.38
4590.45,5331.94
4252.49,4068.41
1761.14,3017.26
2216.06,4290.42
5099.98,4712.82
2096.39,3887.85
4439.57,3935.93
2314.03,2902.25
5897.52,5752.02
5313.04,4368.86
1930.91,3702.4
2745.98,3561.72
2915.49,4167.58
3074.78,3753.87
3517.83,4925.41
2664.63,3097.79
4975.43,5756.92
3024.85,4022.31
3246.41,3722.97
7183.91,5448.49
2695.45,2727.79
4482.49,3435.06
2138.32,3793.88
2008.7,4211.51
3771.86,4372.08
1690.05,3027.24
2016.06,3464.29
1681.59,1359.61
4090.62,4813.27
2282.55,3248.44
2543.45,3783.78
1955.79,3319.85
1524.79,3119.08
3708.59,4269.22
1742.31,3922.98
3014.75,4688.21
2770.48,4140.88
2237.79,3062.97
4093.35,3838.71
1439.3,2845.85
2021.49,3308.23
760.28,2557.66
4715.01,4184.59
1987.51,3568.71
2816.67,3209.53
2222.68,2946.4
2429.96,4712.22
1353.78,2889.85
1040.4,2560.63
1123.07,2841.69
4039.6,4735.15
837.96,2605.7
2295.37,3213.82
2019.92,3048.07
2255.41,3921.44
4579.54,5263.81
6499.13,5031.7
7922.77,6967.95
4289.79,4785.18
4198.91,4107.27
4283.12,4151.56
6491.15,5466.04
2399.32,4712.98
3910.55,3714.47
1571.91,2388.28
2313.88,3407.4
1155.35,3087.49
2119.87,3151.18
4694.15,5710.37
1956.94,3873.5
2636.52,3416.98
2129.8,4087.36
5301.02,4229.2
3595.2,4261.75
1512.75,3564.45
2518.7,3523.72
6302.93,5527.12
3864.32,5211.77
3992.35,5608.19
2217.49,3811.12
6800.17,5836.82
3024.77,3570.33
2847.7,3871.26
1332.37,1823.35
3257.59,4793.18
1507.45,2220.34
1229.2,1387.23
3426.55,3668.88
3117.63,3657.34
2319.85,3220.08
2166.64,5778.44
941.4,2567.5
2339.76,3190.38
2801.89,4321.47
1229.84,1398.01
4321.91,5245.08
5415.65,5852.14
2170.62,2882.37
1560.27,2953.58
2813.88,4131.36
1525.18,3512.1
5838.99,5532.18
1699.72,2015.75
2628.94,4611.68
4325.41,5557.55
4078.59,4426.22
2559.38,3734.92
3219.02,4843.96
6883.95,5109.92
2524.09,3520.55
3134.64,35263.57
2265.97,2736.08
6419.71,5536.14
2861.04,4083.45
2803.05,3441.51
1752.42,2001.89
4145.14,5113.06
4080.72,3935.66
4888.06,5340.96
1629.12,3235.0
4299.58,5634.62
3859.36,5698.6
4702.82,5226.98
2851.63,3986.27
4545.31,4122.1
3336.05,4702.89
2233.86,3405.22
2338.82,3116.17
2661.49,3379.5
4494.24,4936.37
1970.72,3420.05
1570.22,2373.61
908.29,2877.4
1577.68,2840.18
4729.08,4807.14
3318.12,4102.21
2762.85,4645.21
2771.79,3272.79
2359.49,3856.49
2711.36,3952.63
1973.36,3147.77
3860.29,4890.19
4560.75,4527.16
2062.17,3394.05
1451.09,2514.16
2435.7,3246.89
2756.35,3362.67
1734.36,3996.32
1392.4,3069.5
3648.77,5039.31
3418.11,5060.1
1811.08,3124.5
1420.49,2907.13
2540.86,2676.45
2272.14,3364.52
831.28,2605.61
1996.12,2533.2
2837.18,4154.92
4911.57,6525.15
2387.2,4683.29
6157.16,6073.42
4532.28,4804.79
6089.31,5013.77
2657.15,3799.03
1444.26,1516.09
1016.98,1956.68
3468.88,4268.33
2539.81,3852.45
2520.85,3792.52
2366.16,3880.75
1951.31,2683.06
1121.97,1896.79
1392.54,2856.05
2825.44,4131.26
2762.25,3854.72
1157.32,1385.92
4038.48,5222.31
1208.8,2722.68
1996.15,4236.38
1811.57,2790.17
2237.21,3227.75
2059.58,3251.6
4475.5,5213.99
1657.51,3916.93
1872.4,3146.73
925.55,3009.62
1521.55,2748.09
2932.77,3587.23
1450.94,3303.0
2409.26,3261.7
5655.53,5416.23
1575.8,3008.8
1953.2,2133.68
1924.69,3175.28
1868.85,3747.49
2597.5,4009.9
4059.61,4349.66
4326.99,5631.73
2462.13,3279.6
1427.86,3033.17
2512.72,3998.1
900.12,2299.8
3021.3,4021.89
2526.26,2677.7
2877.33,4476.32
2134.25,2558.97
2373.34,3221.68
1837.39,3304.91
2266.37,3045.28
2629.09,2930.84
3217.8,4441.04
2558.39,4277.8
3799.67,3858.77
1342.97,1396.87
6639.79,5540.86
2394.07,3367.9
2786.44,3778.78
2034.78,3094.49
1891.75,3004.87
1210.78,2889.98
2742.14,3541.89
3056.31,4499.46
2222.65,4188.57
2530.18,4090.63
2393.74,3071.08
1841.75,2240.22
2621.94,4107.84
3771.4,4220.68
4610.11,4655.83
1755.58,3061.49
3153.54,4291.52
6008.26,5928.64
2298.36,2866.62
1986.99,3700.04
3142.71,3766.33
4074.2,3806.95
5137.14,5338.58
1170.95,3101.97
1875.21,3465.84
1815.21,2617.43
856.29,2489.52
2920.06,4767.0
5641.24,5032.45
3571.68,4088.84
4313.05,4861.28
5567.55,5629.78
1131.2,2313.26
1437.89,3361.09
2386.54,4755.17
3582.39,4800.67
2247.19,3117.27
6079.47,4928.19
1711.89,3996.85
2360.25,3227.65
2636.18,3512.05
2425.95,4106.47
3050.26,4512.6
2696.47,3197.47
1903.4,3865.19
7275.45,5179.1
3371.93,3553.56
1839.76,2414.03
1884.58,3041.14
3045.06,3069.41
1968.5,3429.8
2440.48,2494.06
1569.42,2997.49
1723.67,3255.67
2444.11,3826.44
2237.17,3884.51
1722.76,1618.74
1711.67,2217.18
1753.43,3856.32
2857.47,4148.02
2214.54,4026.73
2621.7,3662.63
2769.5,3809.27
1845.15,2668.85
3351.65,3786.62
1824.53,2587.12
2247.19,3117.27
3637.9,4164.65
2483.35,3635.22
2380.06,4389.15
2074.54,2913.12
3395.35,4237.84
1034.22,2192.38
2378.73,3667.58
2649.13,4396.06
1387.78,2515.92
2234.77,3360.83
2383.44,3507.07
2049.6,3033.39
5062.97,7248.36
5461.05,5267.77
2573.59,3629.94
1093.51,1836.09
1913.88,3082.96
2436.28,3503.82
2176.57,4611.52
1541.55,3099.07
866.61,2759.6
1294.91,2857.0
2194.14,3408.74
2014.2,4092.18
5500.48,5515.76
2546.01,4453.5
2877.19,3263.59
3381.46,4432.17
2746.34,4662.49
5440.58,6215.8
2964.56,3418.49
2235.76,3239.05
1995.81,2755.24
1539.12,3189.4
2981.89,4477.93
1177.27,2878.65
5109.73,4674.16
3468.36,5694.16
5027.74,4847.75
4072.53,3839.02
2645.53,4184.83
5657.66,6474.82
4495.52,4249.76
2150.24,2538.66
3640.98,3885.21
2328.59,4949.96
2049.65,3975.37
3202.42,4435.0
3624.63,4068.11
2816.94,3213.44
1665.05,3014.59
1637.39,4042.89
4240.61,5475.92
1973.19,4170.93
2020.55,3568.98
5951.9,6201.38
3349.31,2530.62
2706.32,3237.93
732.56,2423.76
1245.39,3058.1
1831.98,3042.74
2174.42,3574.01
1139.69,1810.6
3588.61,4720.68
2879.86,4157.37
2116.36,3046.34
2632.56,3671.43
3700.61,3485.48
2755.13,4315.17
4097.21,4740.16
1795.38,2581.13
1679.59,3235.22
4207.57,4528.87
2517.75,2947.47
3048.55,3769.97
2433.24,3926.11
2250.54,4691.56
6192.38,5252.55
2757.69,3335.65
2503.07,3384.74
1298.16,2769.82
3471.15,4500.41
4388.99,5587.4
2023.26,3335.17
2592.64,3816.99
2159.54,4216.62
4078.21,3716.92
925.51,2600.14
5612.7,5110.22
2573.66,4294.33
3366.8,4576.72
2521.07,3796.56
1401.71,2035.31
969.74,2794.21
2203.47,3169.57
2376.98,3021.69
2825.83,4026.88
1964.99,2877.96
2480.74,4606.82
3584.66,5581.76
3620.5,4491.41
1259.01,1395.92
3325.58,3879.74
1780.85,3488.57
3582.18,4054.52
1189.1,2692.83
3096.22,4753.7
3468.24,3513.06
4336.43,5607.32
3002.32,4801.1
3705.98,5411.04
1765.82,2434.49
4353.31,4837.87
1253.42,1402.5
1381.12,2939.02
1681.55,3348.38
5776.71,4629.02
5855.32,5428.52
2040.97,1806.56
3153.9,4065.02
2582.45,4264.45
3598.32,4627.96
3138.43,3909.19
3094.27,4182.52
6420.99,5575.17
1469.75,2972.95
2688.39,3960.29
2844.12,4870.33
2084.0,3807.44
1489.71,3043.02
1479.44,1941.05
1517.78,3294.39
3846.65,5315.23
2093.56,3434.43
3932.03,5625.32
4260.24,5029.27
2632.45,3494.03
2970.17,3176.94
5695.8,4728.07
1450.11,3046.28
3683.83,3697.07
2690.86,4401.94
4338.53,5736.45
2082.81,3162.4
1793.94,3527.86
2107.26,3378.13
2599.6,3948.9
2295.99,2306.53
1878.6,3534.96
4581.33,4959.6
2674.71,3265.32
1195.27,3359.51
3689.94,5713.2
3070.23,3262.4
1297.03,1966.34
3966.86,3414.1
2204.96,4059.73
2972.47,3642.49
3134.84,5876.58
5273.56,4423.84
2117.3,3102.3
5481.63,4710.46
2790.6,4167.18
4433.15,4951.8
1635.68,3390.42
5525.67,5029.16
3068.69,4114.24
5169.05,4434.85
1556.91,2355.04
4159.22,4065.43
4386.17,4984.45
4331.0,4414.34
4266.53,4848.4
1253.5,2789.28
1783.8,3583.56
4128.31,3580.81
4039.18,4013.09
1837.91,3070.27
5510.26,4720.47
2206.83,2836.58
3641.92,3866.55
3494.6,4833.53
6073.21,6018.83
3115.66,4104.29
2959.2,3337.1
2720.17,3256.41
3697.2,4308.74
3778.87,4853.14
3076.05,4160.6
5584.11,7193.03
3046.62,4168.63
3937.89,4180.77
2014.34,2889.97
2006.03,3621.52
1077.99,2246.53
1875.47,3307.37
5990.39,4884.95
5146.52,4890.97
2915.11,3458.48
1878.41,2919.08
2164.8,3211.79
3207.19,2090.14
3073.1,4756.15
3176.21,4262.25
1922.78,4278.4
3700.75,3838.9
2650.87,3609.84
2655.01,3770.07
7487.34,14779.78
2935.4,4655.93
1740.99,3627.31
1819.24,3056.5
4046.09,5481.33
3494.29,4058.34
2320.69,3672.72
2782.4,4173.61
1555.06,3411.94
1636.82,3768.65
2075.01,3360.84
1693.01,2335.35
2711.07,3283.48
4369.56,4989.69
1749.41,2572.92
1182.61,1397.4
2213.94,3096.29
2718.72,3163.17
1661.63,3904.41
1325.32,3483.44
6517.67,5528.11
2642.29,4212.0
3312.55,3943.31
2941.04,4356.31
1619.91,1597.67
5328.01,5800.73
2897.4,4390.64
3154.26,4374.14
2630.53,4123.58
2701.37,7547.57
1699.21,2917.16
3595.52,3930.89
4570.94,5352.18
3738.64,4354.09
1017.8,2460.97
2067.63,2563.24
2671.42,4861.7
2821.81,3384.7
4636.5,4586.88
6626.17,5969.79
769.28,3004.38
1796.98,2568.32
1389.91,1389.38
1930.37,2916.85
2863.44,4350.86
2240.57,3643.58
4397.98,5677.55
3346.94,3686.9
2435.53,3783.27
2693.09,4332.56
5219.18,5313.24
1004.82,2621.11
2499.86,4688.47
3068.59,3226.55
2610.65,4300.69
1232.54,2176.37
3998.69,4142.39
1828.28,3776.26
3178.88,3919.09
2609.47,3895.4
1904.85,2995.0
2450.67,4141.25
1912.23,3484.44
1014.75,2048.15
1352.53,1394.99
3218.65,3591.72
4455.63,4330.84
3311.89,4785.21
1278.16,1444.45
4270.74,5073.15
4069.26,4759.09
4542.19,5760.29
6330.82,5538.76
1208.54,2849.03
3473.8,4069.6
904.2,2468.03
3341.97,4059.7
3247.19,4803.77
1484.39,1989.33
4521.02,5136.99
3567.96,3099.57
2168.16,3089.67
1231.46,1383.68
3053.51,4091.94
2366.18,3130.7
3640.52,4338.45
2204.36,3227.5
2435.02,3009.31
1662.21,3377.79
3239.12,3703.15
3553.48,4157.21
1708.82,4058.46
2788.27,4424.26
2032.86,3021.0
3538.15,4034.12
2296.92,3955.83
1862.46,2732.52
4929.1,4591.77
3451.07,3387.81
4311.72,4618.09
1642.1,1611.87
4103.54,5181.6
2782.54,4031.11
3754.07,4159.33
4067.28,4563.65
2245.33,3540.51
4423.4,4557.91
2769.15,4688.95
4790.49,4592.8
3121.56,3435.83
2757.73,3901.9
2650.9,3462.91
2451.06,3165.26
2946.6,4421.62
3728.0,4530.82
2883.74,4113.19
2502.2,2617.98
2016.0,2956.66
4886.42,5032.81
2508.38,3384.32
1630.24,2859.4
3796.42,4631.44
2316.42,3715.65
898.8,2613.67
4868.13,5818.44
1440.73,2412.95
1950.0,3703.94
2365.4,2968.63
2089.86,3124.38
4692.7,4891.69
1884.34,3082.96
2022.69,3272.04
5132.3,5222.68
1046.74,1982.39
2326.34,4949.43
3091.79,3643.04
1191.78,2696.82
2521.44,3926.11
3193.65,3720.77
1365.92,2520.66
4227.87,5529.08
2631.65,3401.03
2529.08,3532.15
3150.04,4464.29
1146.0,1241.68
2907.17,4717.08
2025.13,2957.94
1828.58,3359.07
3456.06,4180.83
2476.59,3726.03
708.8,2562.83
942.44,2186.89
933.22,2193.54
4310.8,4152.53
1839.63,4083.72
4552.01,4568.24
4231.83,3924.15
2912.93,4093.98
3017.78,4312.8
2809.91,4383.32
2800.9,3898.38
4770.03,5259.75
4058.32,4687.86
4736.23,4958.04
1953.07,3124.68
2388.2,3665.55
3015.63,3678.56
2478.31,3562.44
2782.66,3420.6
3954.38,4359.66
3492.04,3313.44
1861.01,2943.51
2696.35,4397.45
2315.44,3828.4
5897.31,5623.99
3728.7,4943.12
3914.82,3867.78
3676.27,4969.93
4306.3,4569.31
2784.05,4542.32
2047.19,4215.63
1559.43,3066.35
1741.81,3920.19
3877.54,4958.28
2510.84,3567.48
2405.23,2841.79
1501.18,3262.78
3404.53,4105.23
5656.03,5485.6
2510.11,4752.02
1579.75,3249.54
5718.88,5522.44
1666.22,4057.08
2050.02,3091.64
3852.83,3562.84
1568.56,3705.04
2646.56,3692.77
3685.12,4695.51
1542.47,3758.76
2985.45,3898.49
2689.27,4731.51
5091.1,4726.15
4181.91,5143.34
3391.58,3931.99
1165.74,3059.2
7297.72,6501.92
2997.74,3654.44
2038.1,2651.21
1493.15,2545.0
2295.32,3191.51
2490.87,3164.22
3184.96,4276.58
1674.63,3640.79
2488.48,3290.99
3212.1,4747.32
2103.86,3146.95
2057.83,3234.08
2008.65,4405.03
2887.43,3681.59
3100.46,4316.79
2311.2,4002.68
2231.97,3247.46
2356.81,3976.45
1475.79,2454.03
4171.33,4491.9
3052.55,3766.6
4246.72,5695.9
1341.72,1905.44
2209.77,3230.97
1282.48,2910.54
3457.81,3770.59
7305.4,6761.84
7079.51,5552.19
2425.41,3648.12
3066.14,4266.46
3256.67,3338.11
3884.29,3591.88
2939.38,4247.58
1453.56,3243.66
1809.48,3031.58
2731.31,3356.0
4904.02,5254.9
3859.65,3559.56
2465.31,3593.51
5415.22,5372.09
3809.68,5125.24
2108.0,3344.99
2389.16,3638.58
644.58,1795.74
2677.32,3016.05
4728.89,5484.43
3049.09,3567.4
4587.62,5314.84
4081.17,3847.14
5289.61,5759.58
1686.92,3421.58
2384.26,3554.95
3910.15,4966.5
5653.77,6358.49
3112.32,3282.76
966.3,2798.17
2641.96,3865.82
4893.92,5152.56
2703.01,3295.02
3035.86,4242.03
4299.05,4711.01
1958.75,3312.76
3538.95,3957.02
2165.77,3107.7
2731.76,4024.66
4044.53,4727.43
2101.35,3193.95
4508.42,4193.88
2480.68,3841.33
6179.62,4857.34
3114.55,3811.49
2916.62,4428.48
1958.65,4715.38
4987.49,5341.8
4199.81,4722.41
1287.76,1444.14
2675.02,3392.66
3742.63,3976.07
2036.8,3351.71
6873.37,6303.32
2282.44,3413.98
3557.52,4456.37
946.3,2575.73
2449.35,2658.52
5488.54,6224.88
2481.54,4120.72
2591.76,4152.54
2525.39,3993.86
2684.22,2655.42
4310.86,4664.21
2411.27,3849.32
2631.74,4698.52
3819.49,4248.95
3086.73,3528.02
2564.98,2589.89
6167.77,4495.68
6014.35,6010.11
1875.51,3888.96
1987.97,3252.07
2159.86,3044.03
1432.53,2838.24
1740.84,3023.36
2058.04,4042.34
3030.27,4699.55
1089.33,2058.9
6515.95,6332.71
1333.86,2749.39
2132.19,2551.36
2553.58,2985.11
2170.62,3575.37
1649.94,3458.4
5802.14,5316.41
2527.85,3767.27
2168.86,2396.9
2298.23,4917.84
3190.72,4893.21
1469.8,1571.55
5428.85,4556.98
3759.3,4693.56
1503.08,2748.26
2686.83,3055.7
2951.12,4150.56
1400.44,3738.6
5046.03,4980.05
3403.52,3655.0
4451.29,5310.01
6509.64,4415.19
2671.95,4506.08
4747.39,4216.17
2878.05,4682.74
3039.65,3625.08
1525.7,2936.92
2342.5,3820.93
4486.53,4494.68
2048.13,4033.4
4778.91,4616.13
2356.8,2799.48
2012.97,2487.02
2434.21,3422.48
2245.75,3664.92
1902.27,3689.31
1529.33,2771.69
1273.9,1440.59
3163.99,4217.03
2493.03,3963.5
1586.78,3063.23
2399.55,3262.21
2146.4,3095.36
2585.45,3443.06
4638.72,4089.92
2939.73,4447.41
2411.64,2686.39
2068.48,3202.8
2172.46,3071.67
2447.35,3847.64
2221.58,4037.34
4682.94,4762.44
2013.96,3789.33
1160.96,1355.61
3726.57,4779.26
3671.4,4167.4
3334.96,3903.68
2196.85,3934.52
4721.16,4593.56
5288.57,4943.18
1359.3,2035.18
2491.05,2399.46
1227.75,2262.94
4377.31,5056.68
3762.15,3527.23
1887.3,1701.73
2136.02,4629.37
1042.05,1889.19
3474.5,3177.26
6487.52,6126.28
2041.91,3415.58
4749.84,5758.17
4470.54,4805.48
2797.13,4005.19
1901.77,3406.65
2903.11,4699.27
4034.42,4684.46
4993.3,5756.87
1194.85,1862.27
4904.41,4340.65
3232.46,4279.06
3378.1,4820.65
2821.4,3206.63
3685.2,3598.26
3898.96,4800.77
2391.62,4601.42
3730.79,5681.87
1401.8,2845.87
1481.59,1994.52
3935.36,4287.06
1695.08,2535.84
3083.5,3813.01
4977.29,6357.16
2097.35,3226.36
1077.24,2859.99
2565.55,3234.41
4104.5,5669.24
1874.09,2443.05
1328.67,2378.31
3317.31,4932.42
2387.32,3866.87
1183.28,1367.45
2179.62,3243.21
4396.74,5198.85
4275.29,4625.71
2957.93,2570.16
1891.34,3904.27
1844.47,3150.99
1889.96,2896.87
2031.32,3588.53
4361.32,4967.5
4905.31,4946.48
5445.3,5865.48
1702.13,2895.98
4067.28,4563.65
5564.64,5327.93
3122.96,4327.96
3639.49,4147.88
2903.81,3303.24
6348.61,4653.87
4902.3,5743.33
4080.07,3965.91
4142.05,5045.35
3141.28,4632.01
1212.65,1387.77
1573.63,2938.61
3415.61,4460.54
2524.46,3301.24
1473.6,3454.44
2121.2,2525.6
3902.79,4155.12
2770.08,3065.38
1880.73,1258.79
1203.68,2692.72
2525.74,3252.82
1609.17,3500.28
3795.9,4854.46
1365.86,2979.84
3099.85,4131.62
5450.0,5561.56
2448.92,3821.73
1974.09,3722.8
4462.5,3260.95
3577.03,4741.77
3042.13,3963.34
2317.35,3052.88
2608.26,3404.87
2312.65,3094.44
1978.56,3227.31
3384.8,3920.77
3909.42,3654.06
5399.17,5732.04
2079.43,2572.58
1959.59,3292.16
2523.58,4606.53
2479.27,4068.28
4370.39,5363.64
1225.84,2093.81
6671.05,6256.04
2222.61,2728.99
2126.29,5180.49
1951.68,2352.21
4202.01,5640.32
1914.79,3006.02
2268.02,2747.1
3883.4,5031.22
1448.14,3188.02
2499.12,3723.35
2821.61,4114.37
1251.06,1391.46
4257.79,5637.25
4329.45,5153.58
5804.75,5771.37
7521.41,5652.93
4813.93,4966.85
1687.83,2679.02
2055.68,3219.97
5237.84,5492.8
1835.72,2608.87
2262.6,3303.11
4380.99,4078.85
2604.33,3979.54
835.89,2572.63
4620.06,5193.19
4485.74,4733.26
2125.81,4026.51
1010.81,2424.38
2009.08,2554.38
6145.47,4451.47
2281.29,3797.53
1735.2,3586.59
3223.52,3555.07
2016.35,5098.39
5216.88,5568.93
2396.4,3116.79
3907.21,4181.39
1284.02,1976.47
1508.6,2904.4
3189.27,3917.38
4387.71,4941.26
2380.04,2962.21
1430.68,3157.86
2070.71,2713.87
1263.56,2816.34
1157.64,1386.6
5055.0,5491.47
1418.35,1919.89
1607.6,2510.27
3521.75,4830.08
2124.16,3595.24
1809.92,3899.75
2916.62,4428.48
2873.32,3829.35
2302.19,3834.78
1637.39,3866.66
1297.62,1388.98
4682.95,5268.41
2011.37,2692.73
2616.79,4096.32
2765.84,4034.2
2722.02,4288.93
1770.36,3074.55
1529.32,2910.95
4099.99,3495.27
2603.31,4607.99
2134.16,3232.07
2611.38,3528.71
5832.5,4376.4
2324.4,3976.09
1878.52,3103.34
2340.14,4092.67
6554.42,5528.6
2764.69,4800.37
2336.08,4465.7
6583.82,5701.67
1467.01,2966.82
4751.07,4134.32
3329.27,3761.7
2598.91,3805.35
4300.53,5731.94
2102.31,3617.8
1910.01,3301.19
2360.71,2717.9
3998.55,3840.67
1230.18,3065.79
4945.61,5217.87
2189.86,4365.34
5766.15,5729.84
1383.64,2403.51
3149.26,3937.98
3367.22,3851.43
2272.62,3114.85
2040.73,1936.98
4849.18,4005.28
5603.74,5205.44
2114.89,3682.02
4768.51,3973.11
2039.37,3685.55
3461.38,3748.56
3231.2,4075.61
2492.85,3870.64
3285.64,3784.35
1642.1,1611.87
2816.69,3457.12
4645.74,5043.81
2861.49,3876.13
1981.24,3293.14
4966.11,5240.69
6371.84,6654.26
2181.19,2658.75
4517.75,5561.61
2356.68,4075.72
3781.73,4632.17
1232.63,3003.92
4129.37,4501.13
5867.34,6230.31
5289.05,6233.96
2814.52,3853.97
2979.55,4130.78
5323.17,5306.9
1533.48,2695.52
7966.01,8096.15
4195.32,5629.91
2694.66,3701.42
1374.65,3391.35
959.45,2183.3
4443.7,5574.99
1219.76,2417.39
3262.52,4832.58
4486.97,5382.47
3878.62,3518.4
3102.87,3923.13
1648.92,1941.64
1327.19,1400.06
2802.86,4078.14
3325.26,4370.49
2551.29,3267.44
3154.46,3610.54
1420.85,3062.23
1787.78,2643.19
3406.9,4640.02
3174.02,4201.3
2301.33,3333.71
4709.83,4764.51
697.2,1822.42
2881.68,4047.81
4816.02,5664.34
5992.96,5417.87
3003.1,4684.76
4374.6,5547.81
4205.28,4551.81
2850.22,3419.67
5983.98,5539.88
1304.17,2752.26
2500.75,3345.21
2785.44,3512.07
2893.56,3558.92
4840.58,4749.87
1806.49,3317.19
3604.14,4312.5
4676.74,4488.85
1735.52,2618.08
3510.48,4682.58
4420.34,4766.09
1425.32,3067.63
4670.85,4930.37
2699.17,4002.98
1463.66,1349.84
1791.26,3364.97
1794.58,2993.52
3573.22,4028.0
2242.79,2591.95
5471.81,5659.64
1961.85,3078.98
4910.43,4929.92
1950.66,3575.61
3927.37,4564.5
2650.38,4101.58
2133.47,4310.7
2259.71,3097.52
1563.59,3418.11
1121.25,3181.22
4049.97,4763.45
2730.28,4149.79
2569.51,2945.39
1990.83,4671.26
3777.39,4381.78
1947.94,3038.85
2833.69,3497.63
1721.38,3364.89
2326.97,2742.97
1540.91,3008.27
1814.44,2550.81
2005.09,3651.33
1454.28,1555.5
3074.6,4194.56
3566.48,5382.43
2680.29,4174.96
2675.85,4218.86
3640.06,3646.7
2317.2,3221.91
2747.7,4126.44
4184.7,4483.46
3552.67,2449.99
3608.34,4400.99
4151.37,4871.82
2425.0,3088.52
1809.01,1587.78
2473.06,4280.05
2590.97,3638.07
2786.21,3988.72
2319.65,3450.12
2345.07,2859.66
6133.68,5524.03
2338.15,4418.61
2272.69,3031.15
3440.12,4908.47
4069.45,3712.96
5492.9,6262.0
1233.83,2819.03
1721.1,3851.22
3101.15,3247.48
2314.18,4165.92
3700.68,4074.87
3568.13,3662.22
1655.96,3917.25
2009.78,3359.21
4506.12,5345.23
3115.58,4698.34
2568.89,2878.34
2613.52,3357.55
3122.85,4434.3
3221.37,3563.36
6772.19,11953.94
3731.37,4578.41
2641.29,3826.59
2818.55,4049.02
2313.99,4054.45
4076.02,3738.0
3380.15,3275.25
6852.61,5913.64
3191.41,4531.87
1415.53,2495.66
1973.91,2546.3
5645.89,6264.02
3628.32,3896.99
5476.31,5032.99
4518.92,5444.64
1837.26,3235.89
2080.13,3167.14
1962.26,3140.36
2755.63,4121.7
2246.27,4024.95
4716.96,5397.07
2371.3,3250.12
3688.34,4707.61
2135.63,3467.55
3347.84,4769.11
5083.16,4696.79
3051.37,3524.78
992.9,2902.67
3601.0,3512.93
1112.79,1810.52
4123.83,4106.21
2636.17,2942.52
2195.17,2749.26
1811.91,3317.16
1501.23,2810.45
1624.84,2625.31
5034.26,4464.77
5040.84,5376.71
2283.24,2854.69
1851.72,3613.89
1993.97,3039.55
2913.41,4448.28
3740.07,4412.51
4638.38,4405.81
2256.97,3308.01
2143.06,3174.92
5903.24,5432.47
2170.04,3134.95
2270.43,2643.36
5204.46,5447.79
1504.34,3130.93
2461.46,4279.6
1604.4,3828.01
3265.95,3824.0
943.62,2442.33
5530.79,4276.48
4087.4,4174.91
5189.36,5721.42
3596.13,6972.22
4060.4,4736.01
2436.45,3666.41
2027.97,2530.0
3425.16,3880.56
2701.63,3326.89
5583.77,5531.33
1796.63,3099.45
3109.66,3803.4
1996.63,3640.66
5454.39,5370.55
3939.47,12103.31
1197.29,2807.67
4110.64,4603.62
4123.73,4806.69
1719.05,2668.12
2166.28,3905.91
4612.64,5627.82
4852.7,5329.33
1793.88,3032.69
2633.83,4146.76
3357.91,4001.21
2713.57,3755.76
2745.16,4158.05
3273.86,3495.49
4041.69,5144.17
3131.56,3357.5
2739.32,3446.72
3532.28,5075.43
1559.26,2888.69
2533.77,4802.97
4396.09,5675.76
1411.99,3052.76
7845.92,4670.6
1251.96,2053.07
2095.74,2632.81
2764.5,4658.14
2482.54,3394.77
3159.75,3025.63
8199.96,6997.85
3308.3,4782.25
2882.24,4414.33
6217.85,5264.22
1420.32,2003.04
1573.97,2217.26
1143.54,1970.18
1669.54,2846.8
2010.34,3100.79
2481.02,3810.68
2443.59,4192.1
5581.73,6224.04
2243.72,3097.53
4038.21,4122.22
2691.76,3194.97
1935.55,2549.51
1369.9,2117.71
2850.02,3938.34
2646.83,4022.93
2103.65,3423.58
2634.53,3739.62
3242.75,3373.71
2235.75,4038.05
3473.24,5068.39
1622.6,3328.44
3103.98,4517.61
1364.56,1609.54
2777.15,3359.96
1403.14,2269.81
1725.73,3851.94
2777.92,3656.91
2564.54,3149.29
2020.98,3581.08
2357.36,4729.91
3122.91,3746.65
3023.05,4545.51
5453.17,6197.53
2634.83,4127.48
3601.88,4874.61
2340.25,3690.03
995.28,1776.19
5382.94,6217.65
2300.38,3341.98
2648.53,4062.16
2087.57,4761.48
3149.54,4801.42
4478.7,4581.92
3753.6,3938.17
1165.01,1394.69
3086.32,4281.22
1965.75,2007.73
1708.24,2035.29
1790.79,3232.11
2849.66,3369.97
2687.28,4408.27
1369.11,2922.07
977.88,2195.36
1804.81,2701.42
4007.76,4412.11
3380.94,4719.86
2110.6,4055.72
6375.93,6355.94
2980.47,4034.37
2199.93,4235.89
1964.67,3310.32
984.47,2187.41
2959.46,3172.55
1808.38,3038.68
2118.95,3572.09
3078.35,5595.36
2831.58,3973.44
2874.47,3985.82
1597.97,4206.97
2078.41,3444.52
2109.75,2705.45
2915.14,3243.37
2024.72,4249.97
2475.52,3738.94
2635.97,4205.46
5060.65,5799.71
5380.35,6220.03
3310.07,4439.53
4045.72,4611.66
1193.84,1388.04
1821.15,3484.08
1947.22,2697.07
2015.55,4619.31
2406.46,3400.46
2211.21,3515.64
2174.08,3927.05
2297.14,3697.94
1701.67,3817.19
3326.51,4173.77
2404.28,3634.19
3472.55,3487.17
1206.57,1399.1
1501.69,3625.17
2986.17,2805.68
6609.79,6514.87
1342.12,2793.42
2752.72,4323.61
3121.66,4167.06
1392.03,3235.25
3511.94,2742.4
1824.36,4151.8
1843.95,3746.34
1998.2,2521.27
2209.74,3243.51
3807.06,4918.39
3808.23,2453.11
2769.15,4688.95
896.87,2589.32
2880.15,3284.54
3840.26,4771.07
2178.52,3460.07
5539.12,3073.99
2327.82,3733.6
3122.82,3498.52
7891.22,5549.65
1879.83,2913.59
3789.13,4148.91
5151.97,5323.85
6066.68,5612.84
2340.03,4600.47
2399.08,3291.59
1803.82,3257.17
1730.84,3353.95
2663.86,3438.4
2501.84,3532.14
2290.38,3830.63
4568.09,5353.85
1529.77,2313.96
3576.6,4020.58
3022.16,2417.5
2778.92,4180.95
4700.19,2294.24
3757.68,4377.59
1065.19,1399.9
3883.14,5697.67
3785.14,4124.53
6130.76,4920.1
2662.27,3887.77
2419.4,4620.12
4493.48,5355.59
2000.29,3381.29
7682.98,6817.45
918.57,2653.3
1990.11,2615.95
2914.92,3682.31
2552.74,4029.46
1821.3,3645.16
2413.75,3812.34
1238.62,1368.1
2507.64,3390.89
2629.25,4877.65
5956.8,5734.46
4046.93,5127.1
3176.54,4814.21
3297.62,4825.12
1989.44,2829.88
2092.93,3393.7
5487.15,5646.27
1171.32,1910.14
1311.03,2945.37
3908.9,4575.36
8055.78,5240.94
1243.23,3132.52
1133.12,2623.65
487.66,1704.48
1995.23,3917.57
4409.46,3868.32
5239.28,5323.67
2962.42,4421.44
3952.21,4320.55
6807.61,6387.84
3008.62,5089.68
3358.3,3785.07
2480.68,3841.33
2549.31,3633.49
3976.98,4838.51
4166.19,5147.53
2543.6,4301.91
4241.12,5140.74
6270.65,4961.65
2772.51,4179.8
1878.97,3081.55
3360.33,4593.09
1873.28,4725.44
4566.87,4249.1
4180.44,5547.01
2379.2,3621.1
1046.43,2999.6
2485.25,2890.46
2005.46,3492.61
4543.6,4910.27
4556.5,5001.12
3867.83,4782.74
3004.87,4690.7
4375.08,4456.96
3665.21,3547.06
1391.39,3049.09
1439.93,3066.44
2501.66,3199.92
2908.65,4168.46
978.94,3055.42
5238.53,4671.52
1936.96,3183.05
3247.45,4911.93
1668.31,3943.53
1991.92,3267.31
5115.9,5183.28
2424.91,4137.75
1004.12,1784.66
4828.78,5707.31
4417.28,4945.33
2984.12,4341.08
2553.09,3261.33
3742.53,4743.87
1570.35,3102.24
2037.35,3789.28
2312.91,41096.61
1584.07,1754.3
2280.73,3623.3
1714.14,3950.16
2477.4,3840.75
6127.34,5563.62
2218.69,3581.94
2316.88,3246.22
6528.28,6239.18
1826.86,3965.96
1867.24,4769.86
2551.49,3915.51
785.86,2559.14
1910.68,1970.88
2356.13,2515.01
3393.41,3574.25
3784.13,5046.9
1151.92,2873.69
2610.8,4336.28
1928.61,3713.17
1550.18,3723.44
3157.87,4069.52
3957.2,4988.01
3410.92,4572.77
2954.59,4407.17
3668.98,4854.09
2253.33,2737.82
1653.45,3885.79
2420.12,3845.74
4558.8,4820.14
2708.37,3208.38
6116.13,5381.3
2762.69,3700.67
4212.92,5585.06
2112.16,3881.21
2432.94,3948.75
2918.87,4260.85
4604.97,4865.89
2387.46,3340.76
2229.03,3008.09
8074.03,5885.36
1977.82,3025.27
3393.56,4597.75
5428.08,6212.96
1862.42,3771.92
2163.34,3619.15
1141.42,2876.01
2494.7,3944.42
2281.5,4272.57
1654.69,3214.4
2112.23,3557.58
1810.59,3922.28
4358.08,5171.69
1359.58,1446.58
2603.96,3728.77
3171.84,3884.51
3915.05,4717.3
2266.75,3386.29
1333.84,1903.51
1447.88,3211.57
2632.05,3586.5
3091.87,3434.45
1414.82,3062.05
1931.88,2194.06
4923.58,5039.61
4950.67,5158.45
4089.07,4401.32
2750.3,3255.05
2732.31,4689.21
3244.55,3310.72
1203.08,1371.8
2585.01,4126.09
3837.87,4373.16
1468.68,2462.35
2174.45,2851.92
1728.79,2871.7
4124.83,4513.85
2598.57,3878.03
2604.13,4636.94
1078.27,2851.18
4320.56,4270.92
1495.86,3382.79
6192.44,5012.9
4180.64,5464.35
1969.0,3702.15
3830.0,5394.15
3448.47,4611.04
2272.14,3528.07
679.89,2592.67
3307.33,4786.94
2858.54,3789.19
3115.9,3650.77
3894.36,4984.2
2606.18,3079.24
2331.76,3231.86
3454.24,5646.79
2162.84,3282.33
1969.91,2713.11
2462.63,3452.66
3861.77,4918.44
3692.7,3504.13
6257.33,5455.28
2134.85,3798.37
2204.49,3357.35
3730.37,5397.19
2183.14,3790.82
1997.81,2085.71
2278.04,4083.76
2467.33,4626.06
4565.73,4917.31
4858.15,4685.72
2507.32,4605.99
2421.53,3173.77
1983.73,2800.53
4161.03,4663.74
1510.43,3650.53
2343.63,4038.91
2535.12,4340.58
2275.59,2753.93
5125.41,4997.4
4862.65,5440.38
3978.01,5674.03
4946.65,16644.63
2455.83,3312.69
1751.86,3100.15
3280.63,4511.61
2593.25,3626.52
1646.06,4042.87
2322.22,5816.29
1857.62,3918.32
1746.26,3571.52
4311.14,4075.18
3510.67,4064.38
3330.09,4566.07
5231.24,5295.91
1888.1,3163.54
2312.65,3371.13
3296.5,3895.62
3826.9,3796.49
4855.05,5186.13
2871.55,4174.65
4149.74,4182.74
2000.87,3161.53
3846.6,5039.31
3148.13,3671.37
2598.61,2831.32
2342.67,3380.94
2448.82,4719.04
3117.46,3998.85
3237.91,3646.1
3871.92,4659.56
4124.73,4785.41
3976.8,3746.0
2718.89,3945.58
1947.71,3723.99
2398.32,3051.6
3948.65,4068.04
2866.75,3834.34
2306.36,3774.24
2299.18,3739.04
1688.82,2720.0
2405.4,3821.31
4516.87,4132.64
1955.7,3330.74
5718.74,5868.02
5362.28,5694.52
1971.85,2892.14
2054.66,3005.34
4321.77,5495.91
3713.07,4381.1
3036.93,4349.17
2222.85,1633.14
7048.8,5762.53
2675.02,3566.69
2360.25,3227.65
2854.3,4194.29
2676.5,3359.35
2538.01,4945.66
2661.63,4158.98
4314.64,5034.57
3460.57,5390.59
3531.77,4439.88
2088.72,2996.92
3960.75,5505.06
1837.46,3013.6
5647.19,5771.68
2301.68,3275.47
2681.58,3624.09
3305.87,4727.86
3782.13,5763.94
3654.24,4175.51
2686.04,3819.55
1704.09,4053.41
4559.95,5312.16
2730.3,3508.49
2315.88,4252.08
3769.34,4247.64
1473.26,3456.67
2856.06,4384.98
1502.34,2282.12
2274.3,3562.52
2003.33,3680.55
2636.12,4134.75
2217.16,3319.16
2838.79,2474.63
4100.33,4687.25
3772.48,5106.96
3950.67,5684.01
1011.03,2870.18
3058.43,3536.27
932.75,2671.95
1719.07,4008.3
2701.01,3219.04
1144.96,1455.36
2285.83,2947.47
2591.06,3960.29
6881.57,5574.15
2036.85,3506.29
4756.38,2876.13
2966.36,3913.29
3434.13,4439.31
2794.26,4222.47
2153.73,3212.44
6040.88,5203.58
4003.62,5132.94
3620.72,3691.69
2805.7,4165.48
1245.6,2899.88
4366.38,4921.72
3399.7,3920.16
7190.91,5499.76
1609.39,3350.57
2691.58,2886.69
6186.23,5141.32
3345.89,4255.06
2246.66,3358.42
1830.19,3660.73
4171.42,5590.74
1706.84,2490.55
2862.81,4776.34
2668.32,4918.06
4344.29,4886.46
5708.67,5799.06
1926.92,2253.6
4576.76,4580.58
1237.28,2570.38
1264.34,1906.9
3253.89,4750.91
4035.5,5662.12
4785.63,4999.77
3111.82,4482.29
2686.81,4247.7
5546.27,5251.78
7985.23,14631.78
2069.76,4018.54
4905.93,5529.98
2627.09,4302.99
3457.94,4788.72
3978.09,4457.0
1980.83,3207.15
4395.44,4822.28
3894.33,4342.69
1682.54,3350.46
2323.68,3367.05
1261.89,1392.06
1711.28,3253.01
3255.38,3751.63
1304.1,2807.38
2183.18,3099.68
2684.8,3810.81
7792.36,8128.49
2633.76,4131.56
3766.9,4517.84
2131.36,3127.36
2656.52,4093.19
5035.46,5099.15
3838.26,5179.39
5801.34,6718.62
3987.25,4783.51
2896.31,4512.24
1791.08,2573.13
6552.16,5816.37
1228.37,3167.05
4977.8,5294.39
2628.74,3677.38
4086.33,4984.49
2086.19,2977.14
2633.57,8297.38
979.55,2866.32
1073.56,2693.1
2842.06,4719.8
2048.2,3633.73
4610.11,4655.83
1712.76,2481.5
3277.34,4688.98
5688.54,5362.47
2350.84,5880.37
2640.55,4212.02
1633.77,3712.77
4950.53,4555.78
2497.2,4187.66
2226.81,3742.74
1171.51,1397.07
2647.73,3639.94
2984.62,5123.94
2168.73,3408.98
2174.23,3354.68
2212.89,4289.59
4992.02,4716.29
2271.58,3198.75
1336.03,1428.66
3211.53,3699.65
2639.07,3019.65
8356.38,7625.22
2028.21,3321.08
3169.07,4457.85
2399.45,3513.87
2695.15,4246.85
1033.9,1975.34
4157.1,4309.21
2632.2,3676.92
1311.03,2945.37
3312.39,3054.32
2459.35,3969.88
2826.04,2990.32
6204.99,6241.78
1187.25,2702.04
4423.16,4060.35
2228.07,3202.77
2674.6,4180.03
5626.21,5568.53
5576.86,5736.18
3218.86,2165.68
1814.59,3480.82
4716.58,5358.54
4055.15,4190.04
3657.59,4717.93
1642.55,3834.83
4097.97,4091.33
1131.11,2438.23
2068.84,3348.11
1376.99,3289.36
6441.2,4536.52
2268.97,4607.01
2424.13,4002.2
3595.51,4779.45
2635.3,2886.62
3327.99,4372.89
4722.96,5581.42
2984.01,3312.11
2271.1,4267.95
5269.94,6222.42
5763.16,4174.37
1540.59,1986.06
4760.5,5345.98
6577.0,19143.85
3396.17,3833.85
2675.94,4370.0
5042.81,4247.7
5041.07,5281.26
1479.76,1873.33
2058.17,2887.26
2158.25,3530.12
4128.4,4209.93
1398.64,3099.01
3069.37,4796.97
3608.42,3783.58
3074.43,3151.03
4313.41,5764.42
5252.78,5447.93
2030.25,3883.55
2295.35,4644.51
7369.11,5267.28
4320.41,3976.65
6763.38,5703.34
2278.04,4083.76
2366.98,3741.99
1760.69,2174.76
1211.11,2179.13
2416.04,3664.53
3964.62,4559.79
4584.71,5243.22
2347.35,3209.85
3430.12,5066.43
1934.64,3591.49
2842.95,3030.2
2567.93,4198.78
1289.12,2819.05
7029.38,13043.34
4183.91,5445.68
2059.79,3761.39
2430.42,3388.21
3004.16,2365.25
2374.21,3269.19
2534.2,3288.79
1685.36,1552.92
2357.72,3074.05
3731.0,4679.6
2436.48,3320.4
2653.84,3659.31
6496.52,5645.8
3042.13,3963.34
2489.14,3945.02
1315.46,2810.32
3928.12,3994.33
5148.67,5334.37
2211.44,3843.37
3188.06,4778.34
5519.64,7950.5
1645.32,3212.38
1628.22,3374.87
2950.53,4239.28
2617.72,4065.86
2225.32,3427.12
2652.87,3399.34
6904.72,6009.23
2261.08,3768.61
3828.99,5699.27
2365.64,4652.11
2888.77,4163.71
3355.49,3550.41
3056.39,3916.56
2347.9,3421.25
1454.88,3108.14
4204.45,3675.94
1784.63,4380.21
1962.11,3210.62
2564.55,4906.34
2306.58,3379.23
3615.03,5668.38
2198.68,2856.4
1729.11,2819.59
2243.13,4189.9
1106.74,2806.28
4814.93,4644.75
1412.09,1267.75
4706.53,5130.96
6189.72,4964.16
3677.96,4189.04
2167.54,3796.07
2586.38,2908.3
3034.57,4644.25
4609.88,5337.98
2640.46,4379.7
3492.58,4853.96
2326.38,3659.99
5686.06,5545.6
2187.66,3672.99
940.2,2940.62
1904.22,3519.9
3051.06,4719.45
7665.57,14913.47
2287.37,4613.62
2691.81,4685.18
2613.28,3343.47
1786.01,2345.58
3796.36,4504.51
2589.79,4015.59
2597.17,5038.68
2715.96,3612.63
3801.6,3997.8
2196.25,3339.69
3438.95,4050.48
4337.0,3476.88
4934.72,4137.3
1858.74,2888.43
1408.38,2150.29
2526.4,3983.58
1566.2,2132.52
1197.18,2898.55
2019.3,2805.8
1043.03,2893.64
2437.81,3019.15
3528.52,4490.66
3134.12,4910.0
992.17,2989.6
2026.34,3508.29
2132.51,4089.93
3073.42,4966.08
1700.23,3592.61
3607.65,3752.54
3343.36,3913.94
1581.66,2924.77
2027.88,3443.41
935.72,2876.4
2736.7,3435.18
1387.78,2515.92
6649.9,5617.68
4515.28,4802.98
5595.6,5807.77
1597.75,3508.06
1584.35,2116.63
1149.51,2883.51
2142.42,4048.77
2762.3,3479.83
2401.91,4083.72
4836.39,5143.29
6286.22,5942.57
1126.37,2862.98
1536.3,3335.27
2492.12,3480.76
5788.15,4963.39
1387.38,2938.94
3791.33,3905.91
1770.72,3205.57
2394.86,3269.13
3585.58,4099.96
3373.65,3464.41
4801.29,4810.83
2044.6,3003.68
1560.91,3080.97
2602.09,3583.08
1055.73,2137.48
1456.63,3202.2
2885.77,3423.99
7706.72,5849.12
4716.27,5312.74
1962.87,3340.94
4156.15,4804.93
2842.48,4043.23
3148.95,4805.41
1579.92,3091.78
1353.63,2944.84
2422.66,4044.83
2501.28,4725.02
2658.12,3112.43
4328.2,4470.0
1336.75,2661.59
1177.85,2275.2
2132.42,3565.38
4246.74,5214.76
2515.43,3387.05
885.82,3187.88
2490.09,4647.98
1641.51,2581.55
2583.66,3283.61
3448.94,3731.09
5177.18,4589.33
2377.7,3579.08
1454.15,2735.43
2982.79,3693.17
2056.44,3823.35
3915.24,4628.77
2263.53,3981.99
3219.38,4405.14
3454.85,3572.49
4633.96,4608.6
2396.14,4782.26
2276.94,2705.36
4925.09,5342.11
2684.97,4152.43
3971.87,5700.93
5180.73,5368.17
1239.09,2601.89
2320.9,3324.38
3619.75,4870.07
2787.58,3620.39
2129.8,4087.36
1900.24,3896.68
3399.04,4484.21
1686.03,1670.37
4369.08,4740.79
3320.06,3739.05
3000.14,3525.2
3037.62,4971.92
6181.31,4496.03
1444.33,2898.61
9194.85,6898.34
2285.83,2947.47
2004.75,2690.04
957.26,1895.58
1961.34,4353.59
3537.84,3287.59
5689.17,3004.56
2159.83,3706.58
3814.93,3471.89
4948.92,5991.77
1948.62,3701.39
3335.2,4775.36
2101.37,2300.79
4244.77,4851.6
3207.64,3639.63
2214.54,4026.73
3430.72,4687.55
5442.53,6558.0
3565.71,5569.53
1403.47,2954.95
2473.64,2795.94
3062.89,4480.69
2198.16,3362.67
4209.51,4821.87
2060.31,2401.39
1901.41,3446.66
1419.93,2829.23
2241.85,3721.81
1778.44,3648.69
2702.37,2435.78
1012.84,1856.68
4974.62,5642.51
9585.65,6192.35
2073.59,3051.97
3563.03,3864.69
2427.46,3922.98
3238.96,4681.44
1195.02,2722.78
3303.7,4409.38
1510.22,3041.32
3098.96,3385.26
3026.55,3731.97
4720.41,5670.57
3424.51,4918.52
2048.66,2992.46
6736.69,6611.74
4869.73,4333.37
1635.3,2523.31
3313.93,3746.02
5279.54,4947.84
2621.88,3302.71
5277.73,5757.61
2191.23,4167.8
3893.68,5053.75
3491.6,5322.58
1876.28,2893.69
1633.87,3804.83
1796.89,3528.44
2083.01,5187.88
1846.47,3292.25
3015.63,3678.56
4455.97,5456.6
2825.91,4717.61
3485.17,4033.71
5561.87,4120.3
1508.29,3464.68
2261.93,3381.03
5329.38,5432.18
3200.41,4688.65
887.16,2588.93
1468.61,2765.16
1564.71,3265.73
3973.41,5001.63
5073.75,10543.14
1929.56,3602.48
2605.37,4042.29
2417.64,3581.74
3818.31,4189.56
9344.45,6240.7
1759.86,3795.27
2763.63,4185.7
2155.82,2160.38
2287.52,3255.51
3383.81,4251.55
2607.02,5040.28
1478.08,3082.66
3388.26,4597.91
3684.69,6468.3
1970.37,3529.59
2458.0,4081.6
2497.36,4347.76
1244.81,2871.16
1220.38,1401.47
2163.4,3676.17
3274.14,5099.09
3641.19,5376.9
2336.91,3312.68
7782.52,19086.17
2527.72,4685.25
2339.77,3765.52
2582.33,4246.37
3062.64,3945.81
2374.52,4380.63
1611.38,2085.28
1846.29,1782.67
3661.61,3329.74
4781.43,5144.1
1994.13,2268.45
1444.74,2474.8
3074.2,4461.66
2272.21,3953.09
3066.14,4799.26
1269.57,1991.8
8378.78,6600.93
4594.47,4437.95
2156.21,3305.22
1644.25,3107.92
2223.26,3613.69
4242.18,3856.97
2005.53,3042.4
1923.43,3273.0
1187.44,2894.4
3864.68,3982.5
3096.7,5067.35
2209.2,4188.37
1553.64,1935.61
4707.76,5028.08
3952.21,4320.55
3192.92,4490.52
3426.66,3948.72
912.63,1768.98
2590.83,3236.9
3129.94,3286.97
5642.8,5048.47
2558.13,4138.92
2724.09,4111.34
2021.77,2656.47
4890.65,5273.34
2130.53,3153.37
1967.49,3038.61
2356.81,3976.45
890.61,2708.3
2305.37,4728.37
3156.55,3645.56
2166.71,4033.67
5840.92,5160.78
3046.52,3333.06
2736.49,4280.67
3918.61,4252.48
2015.17,3260.73
3927.85,4311.17
1862.22,3056.4
3018.4,3490.62
1153.91,1397.92
2898.55,3256.61
1353.85,3038.15
4301.01,3477.4
5174.9,4497.11
4081.89,4541.31
3401.43,4998.82
5063.94,5783.73
2507.57,2796.24
2127.53,3976.02
2623.63,3541.16
3183.86,4768.99
4816.6,5782.35
3247.57,4883.78
1636.31,3232.37
2749.97,4202.52
2200.55,4028.98
2331.13,4617.4
6012.06,5119.5
2468.13,3750.98
8467.63,5779.43
2399.94,3305.54
3215.93,3874.24
3302.79,3776.54
1982.43,4658.49
4948.92,5991.77
3806.63,5090.85
3078.93,3148.28
3056.62,2748.51
2040.73,3384.38
5346.12,5132.49
5339.11,5492.24
1497.67,3055.99
4013.62,5222.04
3924.64,5665.32
1836.85,3761.37
2332.54,4091.73
2133.14,3105.75
4057.1,4843.06
1260.52,2800.22
3219.08,4038.14
2039.09,3240.19
2077.79,3550.26
3267.57,4112.57
2340.39,2762.66
3356.49,4505.58
3027.22,2305.44
2358.78,4054.53
3956.64,5703.27
4681.39,5344.16
2701.74,4190.86
1393.64,2785.67
3455.99,4964.95
1959.14,2793.57
1227.8,2985.57
1929.36,2070.97
2971.26,5445.18
4409.75,4989.9
3607.61,4823.08
2981.86,4293.06
1840.64,3070.27
1126.8,1405.68
2420.11,4131.11
3267.78,5134.47
3084.56,4177.4
5408.8,5008.15
3842.98,3946.91
1761.86,2686.22
3483.83,4785.53
2238.69,3012.26
2843.58,4204.42
2751.64,3511.67
1504.44,2837.98
2672.09,3119.58
6747.75,5978.59
2578.38,3210.49
1975.96,3581.39
928.59,2584.71
1243.03,2745.89
4749.43,5326.19
3826.0,3388.04
5253.56,2996.88
1993.52,2970.54
2431.91,4540.22
3760.41,3634.67
5434.86,4772.36
1729.21,2100.42
3196.91,4725.65
5547.35,5486.74
6358.95,5248.75
2371.14,4376.57
3243.43,3500.32
3136.71,3924.31
3292.34,3861.08
2021.55,3205.75
3855.65,5590.77
2577.75,3968.63
2079.5,2687.38
1766.88,4172.22
3706.94,3107.13
3152.49,3198.68
1770.53,3261.95
2408.38,4044.88
1641.45,1869.28
1148.39,3101.68
1580.32,2934.79
2404.16,4900.28
2359.12,4079.96
2061.76,3831.92
2776.47,3211.97
2026.89,3522.4
3148.7,4460.33
3209.04,4244.2
2529.51,3351.5
4320.47,4887.69
4100.49,4886.27
4123.65,5088.44
4819.85,5165.33
5506.47,4789.76
1499.6,3093.45
7766.61,5171.63
1096.33,2304.38
2572.64,2540.15
3688.39,4205.26
6073.72,5473.68
1691.37,3458.18
5709.15,5660.72
2336.09,3528.83
2540.94,4387.86
1944.6,3118.16
2378.42,3546.13
1980.87,4151.19
3760.21,4947.72
1160.69,2849.86
3079.07,2394.0
1767.71,3505.47
3412.32,3822.71
1487.81,1884.73
839.62,2606.49
2997.02,3804.22
3013.09,3751.87
5326.92,5550.21
2628.46,3410.67
2593.95,3463.02
1551.74,3131.57
2308.71,4032.49
2156.54,3818.11
3665.17,3815.09
2785.94,4810.79
6302.59,5803.34
1492.6,3732.06
2446.3,4516.5
1897.14,3168.3
4409.65,5643.28
5325.92,4943.59
3319.89,3486.36
2021.93,2829.41
4971.38,4384.56
1937.96,3647.84
2731.3,4282.35
3037.33,4174.83
4864.14,5070.02
5868.94,5469.69
3867.31,4571.12
1780.27,3213.21
2922.29,4470.31
3271.86,5216.18
1451.09,2514.16
1993.15,3002.48
8405.26,5781.12
1901.23,3334.09
1674.32,3405.62
2718.34,3365.74
3582.67,4591.66
2640.61,3191.03
2055.55,2430.66
2660.16,4092.9
3684.2,3677.26
3219.51,4510.21
6684.66,6316.68
2557.03,3532.31
2028.91,3822.5
2732.29,4070.96
2791.71,3553.42
2035.27,2716.59
2969.42,3327.19
1171.62,1369.93
2394.23,3665.1
1052.63,2856.29
6274.03,5176.59
3972.81,3635.09
1794.39,3786.53
2090.37,2727.55
5281.85,5666.84
3268.72,3876.09
2964.73,4299.22
3242.03,3062.44
2644.82,4132.2
3180.97,4675.44
1150.51,2658.71
1906.88,3282.05
4850.19,5678.7
4146.77,3720.59
1914.34,2438.91
3553.54,3647.31
2244.99,3684.73
4284.35,5272.97
3103.34,4124.6
3691.59,4166.05
3211.71,4600.17
1662.2,3495.57
2633.44,4045.31
2318.37,3233.92
2843.63,4382.64
2908.65,4168.46
1053.25,2593.76
2794.73,3274.24
1216.94,1988.57
2712.95,4009.1
3197.56,3415.99
4055.74,5034.67
3984.54,5613.89
3705.9,4992.73
2112.56,4277.4
3669.29,3871.71
4265.94,3571.54
1911.1,2651.83
1644.8,2488.23
2913.81,4709.31
1521.2,1975.27
1675.44,2836.46
1944.33,2999.75
2684.03,4057.41
2572.27,4383.35
5141.23,5276.04
4692.22,5078.15
2207.45,3872.7
2390.05,3571.29
1839.43,3848.17
7471.07,6350.64
810.94,2562.74
6247.54,5829.21
2649.63,4182.84
3487.68,5024.31
2453.55,3463.65
2272.44,3959.89
1297.98,2779.54
4466.3,5317.36
1026.25,1974.09
2359.43,3998.64
1776.84,3355.04
3658.68,4316.84
4004.78,5223.33
1974.69,3870.47
3571.16,5259.36
2853.63,4283.68
3636.6,3616.28
2070.94,2439.7
1678.49,2205.41
1053.23,3034.98
4797.82,5665.98
3874.44,5392.77
5284.73,4385.13
5206.66,6999.75
2081.09,3118.32
2974.22,4189.73
3800.87,3782.18
5372.52,6219.53
1462.7,3269.18
3002.07,2112.89
2873.03,4296.1
3070.82,3650.07
2234.13,3401.62
2620.05,4741.03
3008.42,3785.41
4711.23,5313.48
755.75,2678.55
2902.41,5095.09
3075.74,3792.83
1884.58,3041.14
2068.09,2451.92
1325.55,2222.53
3722.23,4920.37
2062.71,3261.58
1762.65,2625.8
4671.88,4297.94
3358.21,3956.95
1944.51,3190.64
3373.98,3866.38
2912.22,4431.23
1045.32,2864.31
1729.67,2350.45
6908.24,4989.1
3391.43,4244.52
2637.88,3269.01
2199.9,3833.45
2497.75,4142.26
2551.22,3256.58
2879.52,3216.21
4707.74,4045.06
2626.25,3599.34
4332.41,4785.83
3875.63,4726.64
2082.51,3546.09
1276.98,1388.76
2648.42,3386.11
5637.34,5417.83
4511.49,4316.09
2769.91,4154.51
3558.34,5031.45
2361.13,3834.22
2982.02,3230.27
5489.57,5931.58
4486.96,5258.55
3995.05,4906.74
3330.84,3591.47
1705.78,3843.53
2921.49,3142.38
3004.69,4137.97
6228.55,5787.77
1656.93,3914.12
2496.17,3922.79
2568.81,3279.5
4896.6,4954.59
2361.85,2903.58
4574.2,5001.53
1729.67,2350.45
1844.54,3351.18
5416.43,5909.58
3825.05,3749.08
1519.38,1777.24
818.39,2358.29
5321.89,5114.32
1861.75,2378.51
2497.02,3186.01
1392.11,2705.7
2882.92,3626.15
2439.93,3148.17
1418.13,3586.31
3558.43,4173.97
3242.58,4345.62
958.87,3096.93
2906.93,4201.38
5232.58,5312.95
5145.18,4476.77
3388.09,4062.45
1693.94,2552.32
2023.54,2986.02
2987.76,4498.49
2422.5,3163.51
923.55,1783.87
3010.27,4153.41
1417.26,2757.94
3719.97,4175.66
2085.33,3647.33
1972.38,3217.6
999.15,1777.35
2206.17,3068.11
1435.08,1886.5
4215.73,5530.0
1763.42,3465.43
2411.35,3143.16
4701.46,5315.94
1943.2,2963.53
2454.22,4026.34
4640.21,4822.17
2736.8,3746.69
1167.69,3138.59
3634.45,5111.35
5813.32,6667.93
3153.53,5281.51
2774.58,4270.58
2133.79,3236.65
2305.58,4851.55
4499.77,5068.37
2421.49,3980.96
5717.16,4363.37
2559.07,2408.1
3512.31,3700.49
3167.09,4688.64
2342.28,4143.27
3072.41,3483.66
2689.23,3641.24
1078.7,3071.54
4290.8,5568.53
6281.38,5758.89
2228.02,4100.17
1477.49,3092.7
5458.99,5627.52
2634.65,3026.38
3982.63,3954.54
2309.31,2622.44
950.19,1786.06
3440.74,4261.09
2095.15,1461.83
3989.92,5071.29
2678.07,3508.47
4773.44,5382.73
2297.24,4195.16
2379.92,3539.31
3487.96,3322.35
5819.29,4975.8
4272.5,4628.26
5792.32,5168.3
1673.05,3628.54
2414.33,2657.52
5212.26,7791.9
2265.93,3836.67
1682.44,3448.26
1750.28,2668.52
6139.09,5164.03
3825.14,5698.95
2941.35,3398.74
3177.06,4174.93
2578.96,3327.03
2192.33,3726.57
1650.78,2376.0
2296.78,2672.57
2409.73,4138.19
2082.99,3391.85
2368.46,3673.04
2446.85,3460.54
3125.74,4888.74
1013.89,2016.51
1297.14,3181.22
7631.5,6230.81
2367.18,4446.46
4033.21,5767.7
1199.89,1397.08
1431.06,3279.89
2045.05,1640.91
3312.97,4620.43
2944.68,3412.93
3285.28,4773.76
2259.97,2634.46
3039.22,5569.31
4698.65,5274.69
2272.04,3806.42
4073.65,3835.86
979.24,2582.18
1864.25,3574.66
3230.67,4732.04
1849.01,1507.89
2675.87,4731.55
3153.21,4335.14
1429.37,2129.97
3888.62,4602.73
2454.2,2691.38
3199.97,3664.09
1958.64,3738.48
2297.54,3781.29
2407.18,3406.3
5970.64,64876.68
2170.47,3573.55
1795.53,3173.1
1628.94,2731.33
4091.82,4746.94
5445.98,2599.76
4327.73,5767.59
2401.71,4222.44
7479.33,11874.22
3760.17,4055.07
2444.21,3141.6
3338.7,4647.93
2905.33,4699.24
3314.05,4376.6
3108.02,2979.41
1521.28,3317.12
4124.51,5693.95
2900.49,3506.1
3568.96,4685.25
3001.87,3893.69
1846.58,2067.71
1385.53,1459.56
2015.94,3966.61
2562.51,4620.74
1343.86,2000.15
4042.62,6092.92
2063.86,1709.57
2931.61,3517.44
1656.92,1476.51
4162.12,4352.17
1925.41,3560.17
1914.89,2037.38
3922.48,4133.93
7411.22,6045.52
1250.66,1882.2
6202.41,4955.5
3919.3,4522.38
2327.87,3222.37
3175.05,4026.66
1455.31,1952.53
2215.15,3334.63
5687.99,4887.91
1468.71,2815.2
2158.07,3139.23
3398.6,3731.98
2284.18,4314.23
3088.75,3345.93
3079.87,5172.46
3045.89,4032.07
3859.34,5554.54
2785.94,4810.79
3468.68,4317.36
1716.37,2910.72
3487.2,4300.52
1960.59,3595.97
1109.05,1835.9
5130.09,5412.58
8533.34,7489.81
2310.26,4187.12
2765.66,4335.41
4118.33,4765.17
1586.31,1950.81
3612.28,3752.8
2382.8,4131.06
3449.95,5247.94
4213.11,5166.07
2319.38,3808.56
2019.52,3202.02
8032.45,7744.16
1620.27,2154.92
2486.0,4154.05
4292.06,3816.36
3811.59,3856.12
1653.06,2766.23
5308.13,5242.46
3395.13,3453.41
3828.64,4368.39
1576.3,3253.17
2866.75,3834.34
4706.1,4774.96
1985.21,2510.7
1914.23,2678.33
2534.98,2880.07
4770.53,5287.29
2342.27,3804.9
1256.47,2537.63
3184.66,4011.53
1726.53,2668.52
2596.98,4041.21
3390.67,3289.44
4428.57,5135.19
2973.26,3196.75
3213.59,4216.91
4853.63,5420.21
2967.62,3737.83
1071.38,1933.6
1198.39,1380.84
5803.19,4353.44
1448.36,2102.95
2868.7,3623.55
4817.65,5475.63
3656.75,4534.27
1624.08,3333.49
2998.6,4142.33
3242.98,4205.17
7440.69,10905.37
2016.13,3014.98
3933.26,5695.16
3917.88,4759.23
2677.31,2506.58
2288.27,4631.46
3967.06,4548.12
2487.64,3597.2
2593.95,3463.02
1469.58,3367.6
3797.15,4873.95
4328.19,3877.31
766.44,2489.64
2076.97,3967.44
6939.01,4351.08
1657.67,3491.5
1508.91,3054.83
1221.92,2052.5
2526.4,3983.58
5536.49,6257.27
3883.04,4632.74
5205.41,5314.76
7086.27,14053.21
2224.52,3462.93
1314.96,1409.41
4957.67,5302.35
992.82,3102.25
2339.68,3687.87
5254.21,4773.87
1314.16,2711.66
2440.26,3892.27
5615.39,5896.68
2140.56,3571.77
6864.0,5447.63
3100.08,4115.67
1812.96,2255.07
2473.7,3794.98
3621.67,4926.4
1224.37,1396.81
1503.78,3473.1
4091.47,3485.4
2337.89,3082.91
2888.39,3815.16
2372.49,3187.34
2642.5,3797.37
2199.6,2315.32
5678.93,5115.58
2637.22,4463.03
3240.2,4443.73
5275.97,5040.18
4286.09,5055.74
4073.65,3835.86
3133.03,4661.39
2016.94,3308.67
3845.36,4056.68
3150.23,3878.69
2471.99,2676.35
2468.87,2917.22
4431.12,4574.01
1758.43,3472.2
1609.05,2968.98
9539.79,6264.54
5524.64,4513.72
2910.89,4565.9
3078.47,4821.78
2609.86,3336.66
3732.62,4739.38
2890.2,4712.0
3226.46,4834.25
2376.56,3541.97
2296.78,2672.57
5690.27,4197.25
1844.12,3081.06
3530.44,3979.6
1673.54,3640.03
2289.64,2278.9
3611.06,7253.21
2298.06,4061.37
4460.05,5619.35
3783.15,4555.98
2589.2,3763.83
2762.69,4002.63
2038.54,3330.99
5731.87,5186.6
2285.38,3166.62
4512.77,5557.87
1686.1,2892.3
2128.11,3109.07
5374.3,4016.05
3976.58,4372.58
1918.59,1940.76
4387.71,4941.26
2668.02,3741.85
2962.72,3910.22
2304.38,3768.46
875.54,2316.99
5619.41,5704.11
783.29,1211.65
1355.37,2845.4
3422.1,3273.74
2585.18,4028.27
926.08,1697.29
2015.22,2462.0
1757.39,2926.27
2666.32,3199.87
3500.93,3729.8
1492.04,3131.02
1276.6,2285.48
2336.91,3312.68
1763.55,3631.48
2129.14,3011.05
2907.59,4840.32
5671.4,4662.64
3002.87,4180.8
2107.85,2816.87
2704.13,4481.18
1598.73,3651.72
2104.3,3525.42
3511.06,4687.47
3785.94,4281.73
1872.64,2829.04
3063.49,3662.6
3404.46,4714.24
2669.37,4007.55
3395.54,4315.42
3089.3,3470.56
1139.71,2551.76
5322.1,4739.4
1398.04,3953.48
4152.98,3674.79
3718.6,3469.51
2357.25,2209.42
2742.43,3250.51
3033.51,4132.51
1824.8,3539.22
1714.71,3216.57
2665.79,3582.03
2852.34,4718.82
2460.07,3695.52
5321.65,5934.4
2025.96,4229.59
3504.23,4573.64
2239.99,2954.6
3335.45,3647.72
3088.78,4531.78
1488.17,3932.89
3034.16,2153.86
2029.59,3847.7
2253.55,3137.77
2678.07,2899.4
1691.43,2562.96
3261.29,3903.25
2108.99,3730.41
2361.12,3870.32
1752.56,2418.01
2766.44,2596.83
3181.65,4236.47
3268.19,4413.56
1751.0,3129.03
2915.85,4783.37
2308.84,4127.35
5292.95,5217.98
1475.57,3914.97
5388.08,6436.79
4320.73,4580.06
2303.37,3105.86
3636.35,3968.06
1044.06,2589.1
3199.04,5049.89
1484.33,2789.78
2502.85,3389.08
2039.58,3816.56
1305.72,1408.32
4098.48,4566.71
1733.45,3079.62
2715.14,3883.56
5993.93,5611.16
2686.78,4234.37
1565.08,2191.29
2342.38,3677.45
2604.04,4001.73
2483.53,3473.29
2839.3,3892.68
3228.64,3346.0
5639.55,5695.2
4446.41,5354.21
2358.52,3758.1
3526.19,5836.8
2081.04,3319.37
3455.1,3883.42
4964.16,5248.54
2913.45,3783.98
2354.77,3990.5
6212.64,4952.97
1372.38,2160.11
2192.64,3346.47
4401.07,4924.62
1315.44,3268.78
3433.93,4673.96
5442.36,4858.7
3699.96,3937.56
1897.81,3565.33
2533.6,2973.49
5192.83,4502.2
3704.75,5692.6
4301.39,5628.35
4616.65,4871.82
2665.51,3269.11
1479.66,2836.92
1605.05,3073.76
4025.0,3845.97
2946.22,2956.88
2473.65,3930.32
1367.53,3294.79
3791.4,4335.57
4940.6,5122.42
2086.91,2610.43
1767.18,3315.03
4808.85,6220.61
2051.08,4175.31
4609.34,5288.9
2025.58,3435.98
4704.58,4511.83
3227.67,3663.75
3368.37,4605.83
1727.98,4056.11
5239.46,6209.04
1235.08,1350.91
2197.65,3910.07
1256.22,2113.81
1873.28,4725.44
2913.19,4158.37
2797.76,3356.13
4362.33,5369.2
1500.62,2543.92
1664.49,2969.76
3283.53,4512.05
3745.54,3368.07
1422.06,1429.17
2018.01,2980.95
3071.23,4502.22
4092.85,3719.59
2488.79,2929.69
2967.31,4060.12
7158.85,4903.64
2128.9,3045.75
3995.02,4735.05
1765.55,2262.01
2977.1,2847.46
4910.76,4880.38
1533.22,3813.42
1470.16,2861.81
5241.94,8404.42
2193.9,3532.19
3327.75,4190.38
2712.16,4055.83
3059.26,4696.63
3210.77,3380.07
2202.59,3200.01
3579.04,5223.5
2413.96,3269.3
3545.09,3784.92
4718.01,4394.43
1492.61,2445.89
3837.31,5156.86
3260.83,4515.74
2463.7,3955.08
1025.34,2533.85
2701.29,3297.49
3003.98,2721.29
1106.12,3272.02
4197.81,5611.91
1463.78,2278.0
3065.26,3549.33
3776.65,4801.25
5376.28,5500.4
4075.11,4653.86
5312.55,6505.68
3096.16,4703.42
2587.91,3154.72
4564.17,3906.76
1108.49,1779.53
2402.79,3278.59
3028.69,2546.8
4796.13,5079.43
2133.51,3917.54
3724.59,6037.22
2217.88,3951.13
5567.07,5785.41
2056.91,4218.57
2778.31,3620.5
3509.57,3484.11
2410.36,3912.06
2010.21,2622.04
2831.49,3951.16
3834.52,3799.23
4283.37,5566.93
1864.23,3373.96
950.67,2188.36
3750.44,3683.57
3211.77,3345.54
3496.95,6363.78
1205.04,2082.19
2083.84,2913.67
3511.69,4286.31
4139.29,5327.28
4327.14,4878.33
2210.99,3725.69
2250.55,3218.27
2585.31,3937.99
5130.85,5733.52
3998.59,4257.59
1377.96,1333.26
1987.5,3126.43
3302.46,3942.31
2119.86,3222.42
4075.13,4744.11
2649.58,3819.92
1989.22,3455.09
2568.56,4622.9
6211.24,6620.86
1364.35,1477.68
2058.05,2564.01
1539.07,2126.68
3276.16,3998.26
4145.7,5240.26
2532.02,3945.62
2785.64,4019.55
2131.36,2957.67
2808.43,3960.8
1856.76,3565.38
2824.18,3434.29
5227.94,4745.98
2259.11,3182.32
2527.09,4613.1
2154.3,2658.1
4163.49,3784.97
3811.11,5031.75
3714.85,4006.0
3013.69,3842.54
2159.5,2592.07
2070.12,3515.4
3103.31,4217.15
2393.53,3612.7
3250.29,3887.39
5498.82,5622.85
2536.76,3928.2
7173.66,6338.98
4973.52,5435.79
1796.36,3289.5
4844.51,5575.19
1799.5,2417.55
2816.94,3213.44
3746.11,4872.08
2668.38,4254.2
6541.04,6068.22
4131.84,4768.29
3787.25,4363.22
3461.85,4579.04
1976.4,3886.4
1588.27,2787.41
2938.85,4296.98
923.51,2572.25
7185.3,5558.18
8921.8,10451.07
3307.65,5010.63
4546.28,5571.11
3554.48,4593.05
2516.52,3286.79
3311.66,4468.85
2128.01,3737.32
1580.48,1703.34
3022.99,4602.81
2851.25,3666.66
3952.62,4789.68
2600.6,3623.7
2426.26,3300.44
2054.0,3358.26
3610.25,4568.33
4512.21,5349.37
5003.99,5872.82
1954.66,2831.42
2283.63,3204.35
2177.01,3289.87
1585.82,3528.52
1656.66,3051.48
2568.15,4138.23
2968.51,2837.01
2940.33,3488.58
838.74,2716.73
4525.34,5127.01
2399.19,2959.17
1835.12,2936.96
1852.53,3361.72
2197.64,2891.17
2422.21,2682.81
2457.49,4137.87
1762.04,2840.94
2145.02,3483.88
2057.12,3115.72
2190.95,3494.5
2030.45,3452.8
3302.09,4875.87
6358.37,6323.5
3530.5,5148.73
4737.19,4236.73
4651.89,5207.96
1983.54,3652.25
1594.3,3484.83
1617.13,2969.71
4968.89,5317.18
2643.75,5714.2
2060.26,3087.56
2090.43,2981.31
1728.26,3009.5
994.04,1776.67
2290.1,3801.09
2373.19,3813.38
2732.12,2370.58
3045.88,5536.65
7666.17,10086.64
8501.07,6131.84
3065.15,3504.85
1991.15,3207.3
5296.02,5385.06
7044.8,6262.0
2592.4,3677.37
1353.85,3038.15
2570.41,3266.29
1831.84,3164.16
3307.65,5010.63
6322.37,5384.29
1614.32,3125.44
2896.42,3650.81
2661.96,3480.36
5107.13,5941.62
4388.6,5938.71
3571.08,4648.42
2589.7,3804.81
1241.46,1821.83
1392.3,4056.19
5340.68,4813.2
5759.33,5330.7
5009.68,5014.81
1361.11,1973.03
2400.91,3782.5
1612.01,2843.15
2004.95,2704.99
2094.15,2308.72
3091.23,3583.37
2336.15,3096.08
2569.09,3541.68
1668.87,2796.87
2364.17,4003.59
1992.65,3837.47
2622.41,3570.88
3440.11,4386.25
2515.4,3707.23
5432.55,5450.64
3798.83,4778.83
2493.92,4130.76
3653.77,5077.88
7791.01,5598.57
2803.63,3081.97
5292.2,6605.61
2601.78,3579.06
3170.48,4569.12
4105.48,3744.0
2856.06,4701.34
3472.83,4332.99
5799.52,5005.55
3165.37,3592.02
7463.17,16579.15
2202.24,3731.77
4112.34,3468.55
4639.04,4512.82
7189.68,5838.15
1700.21,1948.8
3079.45,3815.17
2297.98,3543.47
2602.27,2788.01
2963.42,4065.0
916.34,2073.54
1695.04,2437.52
4378.5,4810.73
2968.96,4106.33
4160.8,5069.95
915.65,1995.65
2203.56,3109.28
2940.12,4647.42
3192.61,3663.41
1712.27,3155.56
6316.3,5851.79
4191.98,5229.53
1725.82,3325.42
2378.69,3432.17
3979.22,5355.64
2466.96,5205.25
2609.01,3373.68
1806.41,3251.79
4248.87,5126.97
2960.47,3980.07
3236.56,5019.48
1848.52,2914.84
3568.06,4689.0
1582.92,3258.57
2364.38,3153.85
1460.66,2955.59
3725.08,3478.29
1720.04,1632.9
4306.59,4492.69
4374.23,5631.5
3046.45,4666.4
4713.75,5329.88
4570.99,4853.43
4182.39,4990.02
4215.67,4816.24
2407.47,3686.94
1940.23,4075.41
2537.91,3219.88
2280.74,3058.03
3660.18,4402.47
3115.22,4453.66
4999.81,5216.88
3836.22,4460.83
1260.38,2786.77
3135.19,4450.1
2313.78,3069.18
2448.21,3821.43
1853.24,3424.73
4567.88,4888.71
7441.29,6768.16
1544.98,1553.92
1584.18,1108.9
4594.26,4569.16
4750.17,4606.09
3686.19,4520.49
2224.07,4930.09
3229.86,3846.67
2349.82,4223.06
3619.78,5343.77
4063.71,4043.88
3881.22,5013.2
3922.02,4378.3
1639.19,3230.14
1633.08,3832.05
3493.33,4969.72
2511.15,3221.03
2412.52,3700.21
2715.48,4662.75
2389.92,3252.57
996.52,3029.59
2434.89,3139.79
4072.16,5288.91
2035.37,2284.25
2651.02,3671.53
2910.08,3505.19
807.84,2470.76
3139.15,3685.21
5000.41,5353.92
1885.26,3846.04
3711.21,3774.37
4664.01,5409.98
2008.86,3461.72
1849.31,3490.74
1247.13,1399.62
1306.49,3899.25
3237.5,4028.17
2431.13,3161.74
3915.87,4988.75
3386.33,4655.76
2321.03,3327.86
7043.62,6573.52
972.49,1844.79
2594.31,3555.95
4774.56,4714.23
2575.37,3292.65
4672.04,6176.35
1751.95,3515.93
1629.32,4059.8
2265.59,4840.53
2613.01,4264.05
2559.33,2679.18
3384.41,4552.11
1445.43,2345.83
3582.35,4588.31
5756.13,5476.57
3860.26,4559.36
6608.36,13572.62
2903.99,4335.95
2956.07,3805.86
3068.42,3922.5
5336.82,5199.38
2888.77,4163.71
3408.25,3985.0
1740.77,4173.66
1623.04,3095.36
2142.77,3232.21
6166.8,5466.01
2836.67,4254.3
2656.32,3410.12
3268.01,4272.19
2511.17,4096.74
2578.8,3990.8
1220.18,2276.18
1579.45,2977.18
3373.73,4617.73
1942.9,3341.0
2581.45,3246.7
5434.36,5748.19
2215.11,3856.59
4535.21,5201.44
2218.77,3400.84
2137.45,3577.44
3597.2,3360.78
2145.93,2886.38
4940.15,4893.27
2175.75,2817.47
3695.84,3970.51
3507.63,5194.27
1277.57,1973.65
2950.67,4353.87
2302.12,4815.29
1944.46,3426.16
3310.21,4435.73
6752.24,13743.8
2306.17,4734.61
2617.44,3261.07
2012.27,2751.79
2772.9,4256.98
3462.94,3437.53
944.45,1807.79
3537.87,4142.72
1912.0,3156.23
3165.56,4151.49
3516.84,4060.78
1758.31,3516.18
4505.85,4865.21
3043.81,3962.98
5537.19,5037.12
1506.24,2550.79
6411.49,6084.02
5097.96,5163.64
2572.04,3361.17
2713.79,3513.9
7008.68,6068.81
3300.26,3794.47
4584.71,5243.22
5723.83,4645.12
2809.84,4172.32
2657.34,3472.34
3501.68,4605.75
1067.47,1958.97
3109.92,3942.04
2109.37,2635.92
1992.05,2983.8
5665.21,5352.23
4636.65,5337.84
2148.99,3899.03
1374.16,3320.66
3019.84,4108.29
1494.25,1892.67
4065.58,4812.64
3135.01,3520.42
5308.78,5563.86
3421.84,5062.89
1857.32,3560.1
1741.93,2883.56
2314.17,4108.98
5868.68,6650.04
1979.16,2564.84
2972.08,4050.49
2657.88,3710.78
3354.47,4052.52
1028.51,1779.53
925.75,2548.22
2427.54,3257.8
3800.16,4189.55
4426.44,3817.46
7836.11,6085.52
2274.6,3830.44
2810.63,3219.61
4076.14,4759.79
3184.96,4276.58
1926.06,3079.04
2191.15,4026.4
4227.48,6029.85
3443.8,4956.19
2169.75,3824.74
3019.89,4311.58
1749.23,2998.77
4991.84,4599.6
1255.65,1386.38
6822.84,12399.41
1526.01,2727.03
5483.44,6542.26
1224.35,2163.61
2182.48,3889.08
884.63,2622.47
1968.25,3198.03
1877.4,3194.24
1631.22,1480.0
3143.24,3843.46
4674.51,5461.32
2483.11,4881.74
2101.37,4217.17
2809.48,4081.38
3075.65,3495.85
3492.36,4802.8
3543.25,3796.62
2699.65,3130.44
2379.36,2896.93
6191.73,4979.98
2375.92,3511.21
3038.86,5239.93
6379.22,4789.65
2687.34,4673.15
1859.86,3544.25
1562.44,2024.59
1981.46,3225.63
6112.48,5940.01
2537.74,3270.67
5393.49,6562.92
1672.2,2699.35
3731.73,5137.35
2742.41,3660.55
2109.53,3362.62
2323.24,4031.17
3314.05,4541.28
5017.84,4730.58
2710.08,4042.44
3088.38,4501.41
3621.25,4230.39
1701.91,3592.2
1746.5,3914.85
2031.96,2775.69
2133.64,2048.01
2056.74,3106.0
929.17,2372.36
2008.56,3286.74
1392.81,2398.7
3147.62,3513.0
2829.28,4111.28
2070.24,3919.49
7781.75,10631.05
6254.8,5460.69
2411.26,4355.84
5396.82,6225.04
6241.0,6053.46
8124.72,5779.75
4651.83,5215.65
4136.57,4352.37
2425.57,3115.39
2123.93,3164.89
2355.35,3347.41
3451.81,5470.08
2966.68,4919.59
1703.69,3545.18
2829.17,4335.6
3453.68,4722.81
5371.88,6234.34
2112.7,2593.12
2326.18,3550.26
6766.15,5199.96
2107.1,3609.36
2613.09,3581.31
997.05,2188.85
1195.32,1395.07
2928.28,4562.72
2539.06,4421.05
3771.12,3266.41
2541.41,4511.43
2752.03,2944.04
3465.68,3784.52
1797.95,3627.29
1769.07,2444.84
1058.9,2806.44
2049.1,3084.97
2078.59,4246.97
3855.85,4274.26
2525.14,4218.61
4273.89,5612.25
1013.25,3043.81
1821.1,2189.55
1234.14,2708.4
744.71,2569.43
2190.64,3142.83
3221.78,4803.61
2144.01,3118.91
2318.1,3323.24
3784.42,5028.67
2774.53,3306.93
3758.05,4248.91
4342.53,4480.74
2864.64,4041.48
1264.36,1392.21
1824.64,2795.72
8031.88,7029.58
1681.35,3794.5
1809.08,2169.32
1837.99,3149.03
727.54,2782.97
1363.64,2785.54
2655.36,3834.43
1913.02,1707.27
2988.56,4205.67
5013.84,5724.62
1757.39,2926.27
7067.75,6362.45
3079.21,4389.66
5727.38,5266.05
2173.46,3079.35
1127.45,2771.11
2431.19,4785.13
2596.1,3320.78
2771.42,4179.21
4742.97,6203.38
1664.63,3819.91
3373.6,4360.76
5154.24,5163.38
3004.2,4367.07
2975.07,4133.58
829.23,2712.87
3322.62,3944.61
2246.47,3318.36
2870.46,3844.57
1559.58,3278.46
3562.46,3158.08
1993.87,2282.44
1440.99,2414.19
1652.8,3874.83
4396.03,4887.27
1927.81,2890.49
4519.51,4751.58
5114.52,5707.86
2679.46,4141.26
2721.09,4662.52
7196.52,5195.46
1677.6,2207.3
2878.52,3217.36
2299.75,4689.11
6864.0,5447.63
3862.74,4339.75
2017.24,3746.94
4956.75,5990.43
2496.13,3255.47
2717.34,3177.53
2297.18,3103.93
2832.2,4187.49
3757.88,4956.55
2963.87,3629.48
3580.91,3570.2
2485.85,3913.72
948.05,2588.0
1732.86,2885.01
1281.45,1437.09
4151.28,4890.58
2979.5,4700.42
1570.31,3698.89
2507.54,3638.4
2200.54,3754.24
1458.78,2454.92
680.85,2137.19
4350.45,4404.96
1797.11,2792.21
990.66,1954.54
1565.62,1617.32
1152.56,2525.39
2784.05,4542.32
2869.44,4218.46
4935.68,5252.05
4140.1,5151.02
1975.56,3814.21
2557.82,4789.92
4176.17,5041.03
1402.55,3284.57
3341.38,4762.09
1997.71,2778.77
3159.3,4084.49
1794.11,3512.9
1854.3,4159.08
1945.52,3691.41
6087.23,5497.72
6410.13,5604.01
4416.58,4467.42
2360.48,4240.09
1911.82,3460.17
2274.4,4077.26
2792.72,3099.24
4526.1,4252.8
2489.52,4605.85
3057.53,4322.98
5754.94,4671.87
5381.99,5714.94
5274.76,5188.72
3910.47,4709.23
2790.49,3918.41
3153.8,4422.45
2836.74,4120.09
1524.08,3405.25
2794.97,3385.58
5081.24,5766.37
4050.47,5795.38
1653.2,3753.7
3924.64,4150.41
1980.74,3502.53
3581.18,4270.26
1531.09,2673.48
1854.01,2977.61
3293.16,4576.88
4038.38,5301.94
4746.44,4502.73
5107.99,6470.69
2186.98,4043.48
1732.4,2000.15
1325.87,2946.23
1869.01,2846.3
4674.49,4870.88
3006.21,3805.23
3775.75,4900.28
4717.25,5222.12
1178.76,3155.3
3652.16,4407.46
2315.76,3519.61
4754.96,4582.93
2247.74,3175.11
2818.55,4049.02
2744.19,3989.12
3545.74,5007.5
2660.82,3626.82
6846.98,5662.0
1870.04,2889.38
2556.48,3206.11
2383.32,3786.83
3124.91,4524.65
4349.52,5283.67
2169.97,4858.16
867.98,2680.5
3334.85,5141.97
4587.56,4521.02
3297.2,4270.12
1777.66,1657.87
2061.04,2656.6
3261.94,4199.67
2070.12,3515.4
3042.56,3640.06
2622.4,4092.86
872.34,1715.47
5099.84,4464.51
3890.19,3891.42
4657.65,3766.43
10078.4,5863.65
3824.29,5143.03
2967.29,4365.03
2902.9,3391.69
3105.75,4276.72
2473.99,4081.63
2961.74,4188.36
3445.0,4869.11
1430.06,2524.75
4668.19,5211.67
4298.99,4145.65
1186.52,1399.62
3564.18,4818.96
1601.44,3852.6
2123.85,4745.84
2185.46,3067.17
3420.67,3403.48
2878.52,3217.36
2275.47,3835.34
2429.44,3530.42
2639.43,4682.03
7961.77,6949.92
1432.87,2426.44
5086.85,5149.63
6640.4,5521.41
2147.1,3852.11
2780.66,3153.52
3391.93,4746.45
1762.43,2670.51
2767.69,3216.59
899.3,3040.58
1903.43,3289.13
2310.8,4117.47
2355.0,3135.73
5808.54,5538.32
2732.77,3086.43
5107.82,5543.98
3489.36,5142.17
1741.08,3482.28
1931.17,3406.51
762.56,2677.37
3460.68,3869.71
2539.59,4085.86
1996.6,3023.83
2043.82,2673.23
5917.47,5758.63
1950.37,3585.67
947.23,2670.35
2856.7,3286.73
1673.42,3333.13
2556.9,3769.56
4096.43,5130.13
3802.63,4007.4
1681.06,3396.76
5329.61,4733.09
2379.9,3934.98
3611.24,3520.5
3597.78,3455.42
2259.03,3728.79
2138.14,4066.2
1168.67,2878.43
4544.42,4754.76
1728.68,3939.68
2684.38,3891.59
1380.98,3226.3
2549.88,3972.3
1900.26,3650.06
5605.62,5860.29
2147.6,3376.18
3248.51,3823.72
2378.45,3472.66
1194.27,2090.83
6787.16,4698.63
3583.82,3364.04
3084.14,3258.06
2046.04,2361.36
3902.19,3716.31
1890.35,2576.67
2063.78,3065.67
1306.36,2385.26
3602.02,3098.17
6745.29,5511.1
3160.87,5686.68
1290.25,1382.27
2458.72,4718.74
3743.14,3407.63
7017.48,6314.99
2633.33,3245.02
3398.98,4588.1
1589.41,3723.61
2476.74,3211.7
5574.22,5409.78
3187.05,4166.83
2120.24,3020.77
2734.06,3534.2
1604.52,3049.73
3233.77,4713.46
3691.91,3612.97
1949.2,3850.58
3082.21,4386.91
3907.69,4097.22
1687.77,3252.6
2185.84,2430.44
2297.54,2592.56
2913.39,4343.33
3145.37,4045.11
4216.49,5058.26
4739.15,4756.19
4871.45,4885.62
2139.94,3062.74
4578.69,4606.0
3578.8,4979.01
2036.55,3223.56
3364.25,3346.27
4052.12,2448.04
3224.75,3754.13
2014.67,3112.75
6805.76,4394.98
3340.89,4334.62
2182.86,4699.74
1824.64,2795.72
1294.44,3414.32
2748.5,3791.39
4333.92,5494.74
2539.01,4022.24
2117.69,4734.46
2920.7,4496.6
2557.57,3634.48
4128.61,4503.65
3024.65,4982.41
3940.19,4377.41
2024.4,2967.93
2931.76,3289.48
779.16,2950.92
3360.48,5060.86
4828.06,5550.37
1747.48,2153.33
4380.27,4454.27
2248.29,3793.27
1657.98,3757.24
1484.6,1437.52
2880.15,4004.5
3472.59,3852.92
2511.73,4955.01
1237.72,1855.15
1627.19,3476.32
6165.4,5545.72
5085.76,5159.63
2091.04,4011.45
1967.55,3499.1
2222.2,3475.85
1421.97,2983.71
5811.17,5052.82
1863.85,2532.6
4351.67,5514.03
3785.43,5242.12
2650.99,3821.07
11027.8,6703.43
2026.75,3837.87
963.05,2179.83
2289.36,2741.39
2135.29,3075.3
6878.01,9788.38
1317.19,3747.7
2618.8,3237.44
1552.06,2101.61
831.39,2589.05
4667.31,5363.5
1601.36,4055.67
825.76,2626.21
2204.83,4625.05
4217.36,5348.05
4695.27,5215.2
2333.25,3287.97
1319.11,1464.85
2007.39,3212.47
2368.3,3257.75
1633.39,2739.2
3432.26,4578.7
5639.55,5817.52
2538.82,4688.82
1876.07,3266.51
5344.88,5326.5
2941.31,3770.05
5467.85,5704.29
2336.22,5144.42
2884.63,3961.76
2434.01,3550.99
4587.36,5430.17
3827.71,4965.6
2034.37,4025.14
2293.52,2685.86
2698.19,3624.23
2504.37,4310.49
2873.83,3828.98
2234.2,3377.36
2106.36,2725.7
2817.66,3739.07
3123.99,4110.5
2429.14,4709.54
3712.95,4915.28
5944.28,7183.05
3019.9,3384.96
5892.51,5014.83
4461.19,4467.8
2590.52,3795.13
5078.55,4876.71
2501.57,4624.59
5124.15,2259.53
2083.76,3111.12
4181.77,4362.02
1087.13,1773.46
1816.45,3992.06
974.6,73461.2
1957.58,3866.72
4775.34,4619.33
3203.88,2863.13
3622.07,3947.68
3978.72,5666.99
4467.49,6819.86
3700.71,5637.01
1357.71,2594.64
2807.71,2821.74
6238.71,5159.09
7071.81,6367.08
5283.67,5324.97
2653.29,3811.4
2892.09,3838.22
7792.36,8128.49
1206.57,1399.1
2736.46,4193.46
2562.6,4251.12
2239.97,4732.17
3006.6,4148.25
2937.89,3260.98
2741.81,3122.99
1862.6,3206.16
2767.47,4035.13
2331.24,4758.06
3861.25,4185.98
2114.79,2295.48
1301.55,2834.23
1600.58,2299.09
1119.78,1392.96
1377.39,3283.63
4659.05,3948.82
1990.37,2866.12
1463.66,2601.57
5873.58,4108.87
1138.58,2683.32
5192.48,5534.15
6699.76,15672.96
1963.48,3040.38
2906.96,4331.75
2721.52,3330.49
3056.19,3499.36
1567.82,3086.21
4571.18,5107.0
9150.51,6550.97
2250.76,3167.61
4762.67,5290.54
1966.5,3223.43
2713.65,3717.66
2739.02,3782.95
1801.9,2970.48
1999.65,2358.97
2088.25,3594.74
854.6,2591.28
1553.86,3094.68
1592.07,3713.85
2535.72,4136.11
3296.33,4672.67
2615.49,4347.33
4157.19,5532.58
3494.34,3848.2
2176.18,3510.38
2926.04,3164.89
1446.03,3284.32
953.55,2672.6
2357.2,4084.99
2901.69,3580.35
5288.8,5162.14
1923.56,3649.3
3245.09,4459.6
5433.32,5375.15
4738.03,5090.63
8587.31,13550.92
2743.88,3030.8
4301.04,4315.39
4827.39,4809.91
756.64,1730.96
2038.71,3601.05
875.64,2569.42
2106.69,3753.01
2313.12,4139.84
1922.49,3835.23
4713.65,3950.49
2421.71,4095.35
2689.75,3203.46
1669.77,3509.17
4865.55,4489.13
1823.63,3194.52
5476.57,5413.78
1339.73,1422.15
1672.28,3917.45
1152.83,2926.17
1333.71,2017.88
1387.2,2811.43
1783.0,2019.12
3989.97,5884.59
1986.66,2868.9
5979.0,6620.41
1806.17,2982.75
4606.65,4280.92
2110.81,2572.53
3842.58,5074.2
6008.5,5728.14
3895.97,4578.71
3089.71,4804.38
2524.01,2689.69
4785.01,5287.0
1466.16,2839.78
2650.69,3764.39
5121.7,5891.32
3074.33,4580.22
3606.27,4732.0
6101.64,5087.01
4802.01,5255.88
2415.56,3481.3
1758.23,2595.37
1812.37,2580.73
3033.18,4488.31
3785.29,4905.09
3071.57,3349.27
2134.48,3952.94
2232.16,3360.48
2373.55,3166.72
1302.35,1892.89
4113.76,4995.52
2033.1,3689.61
1240.39,2163.92
5800.66,4912.97
1774.68,3308.66
1876.76,3277.04
2656.72,3416.6
2620.39,3352.58
2619.52,4263.7
5027.98,5048.23
1005.91,2081.12
3726.64,2866.46
3057.96,3495.22
3420.9,4052.79
2705.56,3299.46
1659.5,2523.32
2680.53,3154.72
1766.05,3576.26
2786.95,4339.21
1619.85,2579.54
4772.41,4908.4
4414.87,15898.02
7051.74,5601.03
1232.39,2861.07
2779.04,4014.81
2970.42,4689.56
2005.37,3085.22
4611.28,4683.51
1991.86,3053.52
1623.55,2445.23
1355.45,1920.32
1152.06,1970.41
10658.9,6701.17
4506.93,5397.35
2391.97,4110.75
1281.96,3315.98
2754.81,4291.96
1751.92,4012.0
2947.44,4653.72
1986.42,3031.85
2049.52,3002.65
3893.05,4382.52
5877.28,5370.37
2678.18,3793.67
2336.08,4147.42
2324.46,3664.79
1878.09,4292.83
2079.13,2947.36
2006.33,3368.77
1804.82,2397.22
4280.53,5368.31
2165.97,3123.43
4693.94,5778.71
2021.0,2593.01
2713.34,3293.36
2717.14,4165.79
4907.65,4936.8
3204.24,3300.99
3287.84,3847.67
7543.23,6566.92
3377.62,4251.78
2566.97,3461.38
3136.18,3304.91
3435.59,3471.03
1671.88,3370.04
5059.67,4859.26
1679.2,2890.7
3337.5,3357.87
2226.63,2816.9
2804.44,3671.17
2623.03,3270.55
2603.8,4985.9
2938.22,4232.83
5094.56,5801.67
2307.72,3969.22
2745.9,3208.97
1537.73,3377.95
1478.72,3313.58
2310.39,3816.18
6405.15,5353.5
4749.01,5168.23
1976.57,3925.69
1302.08,2711.64
1293.08,2677.9
4331.46,5234.32
2042.95,2529.0
2706.38,3225.16
2120.56,3109.44
3712.31,3510.06
1417.98,1394.74
2378.18,3288.33
3230.08,3524.57
3913.57,5185.28
5874.77,6235.26
5370.22,5508.93
1327.73,3095.79
2792.59,3643.36
1475.79,2454.03
4540.4,3457.93
1437.58,2891.42
4843.3,6097.64
4961.38,4615.72
3356.67,4379.89
4496.82,4862.26
2083.33,4177.71
4897.44,8810.98
3760.54,4376.78
2034.07,3253.28
2373.41,3298.6
2357.02,3553.55
2729.21,4010.01
1646.91,2167.04
5328.58,5741.87
1848.16,2792.51
1520.37,3201.57
1534.91,2980.8
1827.32,2956.02
3070.17,3990.57
2101.37,4217.17
2772.7,3989.21
4653.55,4130.2
2171.0,3761.44
1069.34,2187.87
1495.42,3475.5
4076.38,4813.65
1947.59,2605.54
2281.4,3441.18
1341.22,1399.13
2288.38,3333.75
2926.24,3522.84
1955.32,3905.78
2209.92,3544.92
4506.04,4322.83
5049.48,5778.2
1619.37,3404.43
3383.73,3818.96
1271.97,2770.33
2891.74,4949.49
4174.69,5666.17
2552.6,4145.62
1509.08,2650.35
2502.88,3540.96
5891.1,5055.32
1931.56,2470.15
2024.04,3634.61
2220.17,3360.16
4930.0,5534.12
1680.2,2404.09
2149.87,3993.82
3484.92,4614.26
2764.02,4318.66
1617.16,3718.77
2104.79,3538.52
3462.72,4850.99
2021.69,2285.85
5361.66,7258.71
2702.59,3015.4
3414.38,4282.39
2041.95,3303.41
5658.83,5726.18
3979.69,4702.82
3148.7,4460.33
3298.18,4489.28
1675.78,2946.02
1032.05,2432.56
2806.09,2651.7
10706.8,6017.26
2882.36,3263.35
3590.45,4221.78
2907.95,3976.48
3406.56,5036.73
3644.57,5148.0
2593.49,2901.74
2819.39,3461.75
2223.56,4241.83
1054.77,3085.28
3431.87,4939.11
5654.69,5506.48
838.74,2716.73
2258.83,3909.05
1424.0,3365.93
1597.66,3332.09
2085.19,3078.39
5606.72,4653.28
4515.71,5704.46
2066.6,1800.27
2192.52,3092.4
1809.01,3459.28
1813.41,3799.99
1561.65,2554.93
2011.83,2592.98
1289.16,1364.28
2428.16,3577.25
7462.07,6120.39
2485.87,3268.87
5118.38,4383.6
1309.9,2977.79
8051.16,16874.02
2384.21,2891.5
4499.94,4478.56
4075.78,4749.21
3406.67,4467.57
1802.75,3002.15
3039.51,4075.76
906.89,2365.56
4391.95,4923.99
1807.02,4023.85
1366.51,2820.72
3596.13,6972.22
6220.75,5072.99
2887.26,3460.08
1798.16,3844.73
3921.34,5123.51
3001.56,4750.21
2302.13,3382.62
2787.86,4614.1
4904.94,5341.16
3036.76,3993.44
1210.9,1399.61
3026.74,4576.22
3101.14,4167.54
1042.87,2784.95
3004.87,4690.7
3271.52,2465.19
4068.36,4873.95
957.16,3036.81
1635.97,3305.46
1374.11,3670.26
1179.21,2839.56
2476.12,3753.15
2754.77,4547.28
2690.63,3557.15
4511.12,5650.39
1304.56,2446.53
2200.45,3863.82
2566.65,3599.7
4024.94,3952.69
3206.15,4762.58
2216.51,2099.84
2307.7,4183.06
2339.63,3351.61
967.71,2925.88
1169.66,2118.7
2683.7,3813.05
2578.1,4138.51
2454.22,3630.92
1971.51,3065.47
5226.4,5639.85
4673.09,5215.66
1896.37,3336.02
5302.49,4948.76
4922.94,4671.96
4297.98,4611.44
2279.85,4867.59
2788.5,4440.73
1732.85,3207.83
628.54,1639.86
2149.75,3099.6
2058.94,3106.3
2824.22,4624.01
4408.72,4956.87
2975.34,3964.59
2346.55,2155.41
2648.87,4273.84
2557.14,4176.92
3210.54,4181.86
5514.78,6400.03
1873.06,2586.86
3074.07,3716.61
3387.32,4370.2
1729.67,2436.68
2509.77,3665.95
2191.85,3175.08
3040.74,5051.07
1363.13,1335.84
2242.65,3777.22
5496.04,4578.42
3435.06,3317.49
3122.03,4041.45
2185.18,2985.49
2147.85,3748.57
3875.07,5072.03
3283.54,3321.86
1386.63,3514.15
805.61,2609.66
8516.85,11547.8
743.85,2331.16
2812.33,4542.39
2947.68,5400.25
2439.08,2924.97
1537.27,3213.96
3405.99,4427.02
3230.15,4034.52
1718.64,3083.68
1837.27,3658.66
2202.64,3391.65
1963.61,2723.54
3016.87,3361.37
1766.05,3576.26
2382.27,4054.76
4107.56,4767.4
2728.95,3918.45
2797.74,3776.61
2510.45,4250.81
2334.35,3165.82
3224.81,6202.93
1105.77,1368.76
1657.78,3228.05
13161.7,8771.79
2224.69,4230.53
1225.21,3108.95
2959.93,3549.23
1239.21,2107.94
2653.56,2870.4
5527.56,8774.32
2105.75,4256.86
2067.77,3464.25
2096.89,3667.93
1977.58,1572.45
3656.25,4610.07
2367.51,4140.41
3453.04,4068.96
3224.08,3305.02
5181.91,6112.19
1355.25,2583.58
2704.34,3233.22
6023.66,5548.65
4355.21,5492.53
3628.08,4471.29
1303.63,3050.79
3656.17,3375.51
1111.22,2560.13
1588.0,2718.89
2402.58,3687.65
1157.24,2594.65
1979.28,2110.25
3115.6,4004.68
1459.61,3361.89
6131.03,4737.57
1977.61,2955.42
2563.35,2285.66
2530.56,3244.32
2917.45,4254.86
5861.53,5801.42
2083.22,2332.34
3683.84,5038.78
2971.41,4417.43
1932.67,3783.41
4210.82,5610.5
1666.36,3248.14
1134.89,2923.66
3702.16,4197.45
2809.48,4081.38
4601.22,4470.57
1841.56,3068.62
5316.55,5126.32
2176.0,2294.36
1183.16,2737.18
2282.73,3575.78
2012.88,3550.58
3517.88,4275.49
2416.04,3664.53
2055.42,2311.29
4959.09,4363.53
4372.92,4630.93
2558.68,3586.05
2768.73,3368.21
1804.98,4194.61
4397.5,5332.01
7557.31,5825.95
5168.99,5256.69
1041.57,1766.01
2450.54,4205.8
3001.85,3320.56
4272.91,3589.45
10979.0,7628.83
4029.79,5136.35
3963.33,4781.6
3388.84,4888.95
1720.4,3919.94
3801.99,5300.27
4316.65,4412.13
4122.1,4776.36
4070.25,4347.86
2731.46,3566.94
2539.16,4118.29
2975.52,4164.0
1505.97,2844.07
3431.25,3189.74
948.21,2187.85
2042.79,3027.24
3017.75,3550.06
1712.72,3210.62
4548.82,5168.97
2234.02,3466.26
4224.5,4905.0
1874.13,2575.45
1950.7,3028.66
4721.86,4553.81
2678.97,4683.89
5241.83,4636.08
4093.89,4887.28
2442.99,3984.42
3711.29,4391.56
3211.6,4293.61
1622.04,1366.92
1516.35,3180.31
4779.47,5424.45
1959.04,3327.19
2689.01,3182.24
1572.53,2667.26
1624.2,3028.27
3426.49,2291.23
4355.91,5161.97
5501.81,6222.82
4672.39,5070.01
1411.6,1543.45
2878.32,3663.62
1828.73,3087.04
4627.51,5995.01
2590.97,3638.07
6573.95,5814.97
6415.47,6848.97
1432.82,2253.54
4141.78,4624.56
3050.63,4963.65
3288.47,3209.24
2494.56,4033.95
2233.19,4131.8
2322.39,3470.53
2497.8,3860.78
4301.56,4691.48
4877.26,5278.76
1555.33,2523.05
2758.65,4183.5
3784.95,4338.69
1997.36,2685.39
3071.93,4196.28
5726.87,5501.13
3987.12,4474.78
2431.99,4019.04
2858.29,3715.57
4270.12,5127.81
4459.57,5307.67
7492.43,6133.91
3983.2,5550.31
2041.01,3346.45
1860.91,3499.29
1868.05,3500.57
4335.52,4572.93
1411.8,3129.83
5610.2,6057.48
4930.53,4600.37
3144.22,4484.33
1537.93,3094.62
1480.21,2945.25
1577.01,2626.44
3282.96,4642.19
2819.17,4161.83
2058.12,4336.24
5967.29,6236.79
2104.12,1482.84
1333.19,2439.85
1429.49,2918.21
3667.02,4729.52
1481.41,2411.52
2129.46,4237.89
1260.0,2347.41
2797.09,4119.31
4740.29,4937.0
2204.4,4220.28
4863.73,5347.56
4295.04,5707.86
2312.16,4442.2
5507.94,4919.5
2888.36,3390.67
1746.72,3123.53
1441.69,3149.18
7246.93,7837.48
2002.83,2314.2
2269.52,4646.28
2878.43,3264.1
4031.55,4595.45
2867.75,4166.21
2816.66,4260.93
2459.1,4617.04
1067.18,3112.23
2820.97,3718.3
4709.32,5040.69
2431.54,2994.46
2360.1,3617.3
2505.78,4065.5
3115.66,4104.29
1681.45,2756.2
1276.64,2495.26
4251.9,4427.67
6596.54,5579.4
4631.85,4074.99
1998.39,3209.95
1268.07,2709.16
2355.75,3474.83
4833.67,5036.16
7389.47,6128.0
4326.56,5070.47
1461.93,2131.79
1679.1,3559.17
2736.12,3605.1
4575.5,5929.8
3263.81,3680.0
1772.39,2975.44
2334.06,2306.33
1125.67,3598.34
1905.76,3167.63
3114.05,3770.31
4584.06,4318.9
2275.37,3891.31
2011.2,3554.76
1590.87,2465.03
2239.03,4349.64
3396.65,3828.9
2286.83,4379.17
2629.26,2997.94
2667.56,3039.35
3311.63,3993.68
3751.76,3610.79
4754.89,4987.43
4079.75,3855.45
5412.95,5732.38
817.0,2537.76
1313.12,2859.63
2187.19,4172.21
1490.63,3764.73
2212.94,2813.11
5982.51,4694.09
3967.9,3931.32
1585.41,2824.35
3418.23,6053.38
6069.95,4807.24
808.62,2717.92
2240.0,3131.55
3660.94,3946.49
2702.14,3279.66
4987.6,4839.52
1340.13,2302.05
1302.19,2733.79
4173.6,8873.99
1286.29,2824.56
3912.15,3070.83
2626.79,3629.63
4115.75,3982.67
2198.41,3278.54
1884.1,3893.75
3532.4,8809.63
912.2,2579.27
2628.04,4704.87
1583.09,3121.79
1613.3,2150.1
2819.93,4199.42
3120.03,3822.74
6095.25,4782.81
5970.64,63658.58
3334.49,3915.19
5473.4,5437.22
3647.81,4593.11
817.45,2559.2
3244.42,3297.06
5712.4,4587.86
2539.41,3575.28
1556.84,1980.28
3862.96,4661.06
5795.58,6737.75
4657.02,4452.59
2446.43,3176.98
4167.38,4964.64
5574.49,4724.82
2259.97,3992.57
6556.31,5302.24
2650.84,4197.21
3328.4,3693.25
2271.52,2933.98
2265.38,3089.9
1181.78,2644.22
4597.25,4929.85
3277.38,4083.48
2930.96,4770.17
2618.04,3532.38
4759.08,6303.08
1646.57,3399.45
2085.25,3072.21
2691.15,3057.5
1192.96,1397.47
1867.68,2879.43
2767.85,4685.76
6119.25,6633.9
4341.02,3535.94
4702.22,4325.27
4009.43,4361.26
3026.3,4366.7
4752.82,5368.83
4470.75,3620.1
2156.54,2884.06
1560.92,3109.94
2202.59,3200.01
3567.99,4478.05
4435.86,3956.87
3488.7,5217.67
3028.78,4133.79
2549.8,3820.39
5005.77,4397.92
6519.91,5534.54
4039.97,4587.22
6698.87,5537.94
4610.25,4999.98
2373.4,3113.19
1916.85,2400.39
1924.2,3330.53
2236.05,3072.69
1368.57,1388.57
2417.36,3492.15
3094.33,3333.48
1520.44,2048.95
2075.08,3085.85
5011.69,4975.05
2505.28,4669.69
2153.95,3894.16
3859.37,4800.16
858.42,2808.35
2865.19,4394.73
2636.11,3823.46
2320.81,3977.9
4041.69,4710.58
5053.6,6056.75
2296.46,4196.4
1638.44,3211.73
3964.46,5574.95
2258.9,2350.09
3007.4,3949.31
1680.35,3442.54
1875.77,2886.24
1085.82,2778.62
2650.5,3215.08
1120.25,2729.93
2065.87,3080.18
2250.87,3491.55
2201.36,3248.56
1946.66,3010.63
7620.74,5874.69
4833.11,5283.69
2992.01,4319.81
1143.75,1397.11
1347.85,2861.06
2248.93,3407.01
4923.65,5417.2
3062.15,4265.29
1493.31,2774.64
1856.22,3027.68
4531.86,3709.27
616.49,2307.75
2545.15,4369.21
1825.0,2112.6
3091.63,3944.91
5660.7,4944.08
2693.3,3811.63
3812.67,4376.13
1591.23,3158.28
2034.85,3588.48
2256.17,3253.89
5221.09,5302.13
5168.88,5719.89
2868.86,4040.38
2017.31,3658.8
1989.58,4316.93
2000.5,2581.74
4901.55,5537.25
5170.57,5483.49
2629.99,2837.7
1460.8,1887.99
2700.92,3832.23
4257.24,5675.81
4529.9,4953.41
2205.42,2775.15
2302.74,4033.69
3022.1,4467.46
2842.59,3360.52
1250.54,1395.88
4434.27,4767.48
8193.16,5777.04
1705.09,2681.67
1594.62,3844.09
2898.85,3903.68
3846.74,4747.04
4258.4,4543.92
2090.74,3101.0
3398.59,4178.97
4484.85,4019.34
4448.29,5381.2
5292.2,6605.61
2896.85,4476.15
4143.26,3774.35
1303.21,2564.92
1050.53,2634.77
3022.09,3631.94
3474.19,5129.87
1554.62,4254.62
2981.29,4267.91
6194.45,5858.35
1475.97,1949.32
2950.52,4155.48
2962.69,3668.14
2078.36,3901.3
2273.64,3090.91
2604.67,3391.13
1892.81,3551.58
2110.6,3535.23
1646.73,3399.47
2284.72,2970.31
2431.48,3751.89
3404.57,4484.62
2114.65,2591.99
4312.1,5096.91
4557.43,4587.31
1717.01,3046.61
1503.85,3583.25
4544.89,3909.22
3006.65,4496.43
10603.9,6299.59
1659.05,4031.49
3570.4,4114.82
2883.56,3871.68
4115.07,3522.61
5010.97,5256.12
3413.59,3939.02
1617.38,2980.11
1302.74,3182.44
2425.73,3836.44
1935.65,4234.48
3084.13,4673.38
3609.84,4132.7
2060.42,3571.99
1258.3,2756.36
3052.88,3309.51
1312.81,3449.4
1689.0,3372.51
1071.54,2355.69
1704.14,2608.83
1652.48,3862.46
1673.79,3692.34
2464.65,3853.08
1710.61,2919.51
2186.63,3573.92
2816.27,3290.48
1359.87,2822.3
2384.87,3346.61
2878.96,3655.57
5959.25,4941.24
2357.77,3967.87
2867.81,3480.34
982.62,2302.21
3716.82,4841.01
4851.46,4880.57
5181.8,5350.24
2767.05,2477.8
1312.74,2699.97
7699.57,6297.15
1478.59,2180.57
3235.29,4745.6
2136.38,3719.81
1713.94,2231.61
1822.1,3083.53
2319.85,3220.08
1910.75,3122.03
1419.29,3764.4
4382.47,4864.79
6088.45,4181.78
6442.94,5516.7
4130.05,4529.74
1599.45,3321.79
2377.99,4387.03
673.61,2273.39
3707.61,4961.81
2676.26,3029.12
4027.59,4768.03
4852.17,4381.09
3761.92,3416.2
3712.87,4781.03
2332.28,3876.04
1820.89,2801.05
3750.16,5704.06
3239.96,4833.59
3662.73,3803.75
2008.7,4211.51
2017.8,3752.22
2491.28,2074.41
2352.49,2824.41
3010.9,2063.29
1251.82,3340.09
1721.37,3396.92
2089.58,4290.84
3616.85,5098.99
1593.42,2744.21
3807.06,5081.6
2125.46,1651.85
2256.97,3308.01
2887.57,3493.78
4352.31,4826.41
2669.12,4142.91
2647.95,3673.41
3886.02,4988.55
1949.0,3096.27
1191.04,1379.52
3991.24,3609.27
1581.57,3115.2
3250.63,3496.42
1289.09,3305.57
1057.35,3648.69
2669.74,3419.05
3014.52,3373.58
1409.07,1954.77
6417.09,4496.03
3407.14,4761.8
2249.01,3539.51
6054.28,4907.36
925.95,2690.72
1736.9,3552.12
1399.46,2094.43
2798.07,4384.96
2285.5,3268.42
4095.05,3695.64
1256.52,2800.47
1516.45,3798.56
2218.1,3403.06
1482.91,2011.42
1558.47,3362.22
4313.09,3843.54
5768.17,5585.86
4330.86,2634.3
4232.71,4979.86
3849.94,4239.31
5807.32,4620.28
1576.88,3062.41
2584.19,3571.83
5047.46,5942.1
6282.91,5640.43
2195.23,3091.16
2001.0,3345.0
1050.05,2832.32
2535.19,4851.34
4931.47,5717.95
1122.02,2547.64
2266.5,3950.34
6158.22,6843.31
5543.92,5413.44
3246.88,3738.64
2891.59,3459.96
4596.71,4665.1
6139.18,4742.66
3113.8,3295.44
1144.96,1455.36
2835.27,4275.66
4855.61,3892.68
5254.11,4691.76
2877.95,4644.17
2104.4,3483.81
1243.95,1399.17
1952.8,3668.14
1828.18,4916.1
1554.78,2543.91
6655.19,5526.06
3554.89,4814.29
2688.87,4275.8
3379.13,4028.18
1679.12,2080.83
5955.27,4447.0
2648.88,3964.98
3316.74,4046.4
3269.37,4342.8
2571.58,4174.99
4798.11,4432.83
7015.01,6612.81
3603.31,4499.44
5371.25,3798.41
3890.08,5697.0
2904.36,3750.51
2461.11,3088.92
1577.68,3238.08
2241.16,3407.2
2244.76,3155.03
2495.18,3226.59
1378.74,2476.82
3960.2,5650.22
4343.52,4706.41
2376.37,3796.98
3173.77,4708.78
2033.25,2564.4
2059.5,2105.84
2045.15,2808.6
1649.83,3123.8
1389.19,1605.12
1177.63,1391.6
2261.2,2367.63
1346.13,1437.52
4674.51,5461.32
6258.98,5439.83
1148.86,1845.41
2097.96,3206.97
1624.83,3141.95
3831.35,5690.99
2747.85,4337.5
5939.35,6203.85
1870.74,2690.04
2262.64,4090.42
3886.12,5698.26
2414.61,3586.38
13820.0,7852.65
5940.34,5688.31
2171.66,3149.89
1924.69,3175.28
1950.39,3998.85
2471.19,4091.85
6126.59,5484.03
2111.42,3551.08
7775.92,6003.3
1835.54,4064.29
5887.27,5804.91
1669.75,3095.3
4204.55,4804.1
3994.22,3986.72
1906.38,3153.96
1989.68,3393.92
2909.4,3246.8
3370.01,4425.55
5648.25,5692.03
2181.25,3581.78
6408.23,5779.1
3338.04,4945.63
1999.65,2358.97
1962.2,3501.34
3362.32,4500.29
4493.46,6135.49
5494.04,4644.75
3111.15,4702.23
1698.31,4048.8
1952.84,2989.5
2430.72,4140.97
1042.63,2731.14
3688.26,5056.18
3070.38,4146.75
2240.43,3831.36
1376.62,1953.21
4033.77,5688.15
2736.7,4686.27
1122.38,2830.72
2403.28,3746.68
1332.72,1482.37
2896.65,3715.85
2264.11,3600.98
2417.99,3335.96
3773.77,3800.09
4580.03,3957.87
4321.35,5315.5
2092.24,4265.67
3188.64,4522.35
1938.32,3859.74
1958.67,2927.7
6201.86,6241.86
2991.97,3936.07
3376.85,3822.64
4637.49,5100.23
2657.52,2522.42
4643.68,5325.06
3219.38,4405.14
1627.28,2557.48
4814.93,4644.75
4880.97,5342.96
2565.96,4811.64
2322.1,4200.62
3376.46,4668.24
4294.36,5220.8
3098.43,4998.57
6324.84,5816.14
2599.46,3776.58
4981.41,5422.49
1343.74,2772.81
1055.76,1766.3
4560.15,5302.65
2311.22,3474.67
3815.54,4748.17
2396.38,3571.56
2899.91,3698.68
875.86,2606.55
1848.53,3049.48
1802.87,2691.48
2371.64,2871.29
2199.93,4235.89
1548.21,3323.3
1657.25,3277.02
7240.37,17083.76
6128.98,5299.42
5172.55,5483.05
2927.02,4865.39
2066.06,3822.74
6718.93,6273.5
4556.81,4955.48
2666.88,3294.9
1826.56,3033.61
5326.53,4748.76
4527.63,5186.66
3500.23,4808.8
2011.89,4228.97
2701.24,2963.2
3573.23,3502.34
1310.5,2725.64
1415.18,2069.2
2083.66,4007.47
6513.96,4469.07
7760.65,5964.35
2624.69,3853.92
3784.28,3529.12
2419.64,3520.87
2563.78,2954.88
1703.57,1598.79
2138.12,3077.06
1857.96,3151.58
1936.41,3102.09
5210.89,4625.66
2213.57,3196.38
2030.45,3452.8
3121.63,5486.87
1727.16,3644.85
3748.53,4298.27
6000.51,5670.4
2333.31,3249.11
2278.8,3033.64
3597.87,4953.9
1733.89,3243.58
1610.65,3495.16
3965.62,5089.28
2188.46,3906.0
807.28,2721.46
1691.57,3035.65
1559.31,2820.13
3483.46,4299.3
1381.1,1772.06
2617.72,3918.98
3093.92,4841.84
2519.31,3285.28
2680.61,3114.05
2202.21,3836.37
1730.44,2994.93
1950.05,3153.29
1284.18,1428.18
2983.8,4220.77
4462.99,5292.44
2761.79,3851.95
1643.19,3558.21
5644.96,3987.03
3381.37,4187.27
3601.96,3844.95
4494.85,5404.12
4589.44,5178.57
3932.76,4755.58
2419.31,3909.35
7959.39,6015.89
4201.45,5155.55
3725.93,4584.84
2156.29,4194.8
1616.52,1419.01
5808.68,5654.64
2550.4,4715.6
6313.03,6882.46
4248.83,9280.81
7131.55,5689.89
3349.62,5146.26
2151.55,3278.2
3712.09,5703.25
2382.02,4263.39
3941.3,4142.03
2496.13,3255.47
3842.97,4753.44
1685.03,3474.2
4458.34,5203.51
1808.33,3489.72
3461.62,5070.38
1405.61,2450.35
1569.92,2839.65
4438.72,4182.08
1010.17,3039.31
1468.95,3095.05
3824.96,4811.02
2118.4,4624.99
5936.64,10137.13
1058.9,2576.36
2113.46,3064.2
1780.16,3080.21
1880.14,2985.94
2007.54,3423.48
8100.59,6126.49
1610.99,1913.3
2999.64,3848.09
2000.22,3101.02
803.97,2560.63
6316.98,6755.88
2403.28,2547.46
3417.77,3799.0
1897.3,3046.57
3687.85,4325.89
2222.77,3083.4
3363.41,4768.48
2023.04,2719.48
3385.02,2292.83
3627.93,3731.95
5095.63,5016.72
1553.02,2375.44
2702.02,2643.11
2714.11,4088.59
2733.7,4091.91
1505.79,2708.66
2763.72,4681.44
3057.28,4266.45
2140.11,4002.35
4950.31,5075.8
3227.49,4221.99
2492.64,3639.84
3210.8,3677.49
5592.85,5355.58
2127.45,4682.35
1102.54,1389.21
2397.1,3139.56
1559.37,3510.33
3733.71,2486.74
2766.41,3000.51
6096.37,6512.3
3046.61,4110.11
3223.01,4502.6
1094.14,2999.04
1553.19,2384.21
1853.51,2861.63
3715.8,5571.34
2417.71,3468.66
1509.74,3596.56
5321.35,4613.78
2380.64,3644.91
2216.25,2815.13
1784.65,2316.15
6139.85,4919.53
2517.44,3097.61
1658.7,3771.01
2579.93,2937.3
3309.38,4218.42
5664.12,4307.27
3040.25,4745.68
3274.97,4231.69
2578.8,4389.57
4825.14,5393.33
2945.11,3777.15
1909.72,3031.31
2118.88,2636.6
2098.89,3268.61
2797.19,2964.31
5379.83,4183.3
3301.83,4617.96
2190.41,3105.16
4638.3,4727.32
3634.38,5244.21
3641.69,4322.35
1756.03,2771.37
6422.46,5043.92
3323.06,3563.96
1530.45,3093.3
7997.71,15835.92
1471.55,2857.64
2008.7,2679.69
4692.31,4346.69
1559.87,3756.84
2786.1,3715.5
3774.22,4205.98
939.35,1776.69
1906.48,4009.45
1637.86,2284.44
2659.34,4613.56
6702.99,5914.58
4487.81,4941.26
1590.92,2032.09
4207.78,4532.17
2144.61,3821.87
2961.54,4601.2
2744.16,4231.63
6153.85,5420.27
4191.05,5679.53
2393.48,3041.73
2710.29,3273.72
2288.36,4697.71
3149.9,4077.21
2370.19,4354.25
3522.21,3873.25
2166.66,3961.44
2214.03,3502.83
3193.86,4432.28
4492.15,5212.85
4133.18,5127.5
1880.83,3501.44
3608.96,3855.71
1749.16,3422.47
1625.74,2928.44
3016.77,3919.13
2224.82,3934.79
844.32,1944.36
3370.0,4959.61
1800.25,3472.63
3166.82,3346.66
2061.1,4164.2
1703.89,3567.91
2164.59,2657.72
911.11,2648.08
7683.95,6149.39
3889.34,4924.64
3918.73,4571.06
3533.38,3798.17
1793.32,3226.13
4890.52,4912.27
4391.83,4922.5
2345.26,4800.08
3792.71,3609.81
2114.46,3670.06
4771.29,5229.56
3383.42,4767.14
5207.48,5448.49
5181.34,3807.22
2478.31,3562.44
3845.46,5356.67
2604.16,3965.44
2245.05,3359.04
1195.71,1407.77
1609.39,3084.73
2855.62,3448.11
3729.4,4502.3
898.43,2835.37
2539.75,3026.32
3156.45,4695.79
4257.85,4895.78
1175.34,1241.71
3234.63,3377.03
3661.67,4402.9
4630.29,5498.47
2276.99,3150.44
2227.93,3085.16
2727.26,4096.28
5270.72,5560.31
1377.39,3283.63
1897.88,3318.22
2976.11,3301.65
1989.39,3406.92
1914.68,3679.48
1856.77,2326.92
1354.08,2867.55
3875.41,4574.15
2657.36,4159.58
2224.9,4190.65
1246.98,2878.43
2517.45,4007.18
1945.76,3159.85
1919.21,3536.32
3797.23,7268.48
2514.19,2633.99
896.69,2691.44
4144.38,3496.87
2044.64,3641.21
2465.18,3704.43
5638.48,4866.35
2908.64,4355.97
2544.44,3186.13
2318.1,3323.24
2160.5,3814.01
4397.5,5040.97
2189.88,3082.26
2170.34,3075.02
4168.28,4144.19
1297.98,2779.54
4732.75,5749.27
1717.1,3095.39
3296.33,4672.67
3432.29,4832.05
1825.99,3015.94
3809.84,4896.18
2020.69,3248.49
2225.32,3994.79
1216.69,3043.72
3757.17,2885.13
7477.25,4689.95
2446.99,4901.94
3235.98,4250.07
3386.76,4674.43
2626.75,4084.26
3175.87,4986.99
2485.84,4358.73
1562.05,3441.61
2230.48,3834.58
3533.38,3798.17
5184.3,5182.08
1058.25,2081.98
2652.2,4175.31
1880.35,3579.94
3296.84,4714.42
1533.53,2667.53
3447.59,3937.51
3178.07,4699.31
5464.55,6228.06
1671.28,3938.25
5323.49,5178.77
2526.4,3983.58
1611.38,2085.28
2743.7,3133.95
4626.87,5609.48
2153.74,3652.35
2239.69,3126.48
4135.18,5631.45
4515.51,4546.39
2030.89,2620.45
6055.25,6051.75
5684.37,5733.46
3600.23,4285.24
3311.37,3844.58
4299.58,5634.62
1801.18,4191.59
2947.34,3775.67
2499.05,3040.29
1502.69,2835.38
4744.5,4240.64
3802.93,5455.47
1262.69,1405.36
2921.87,4210.45
2683.0,3957.04
3673.26,4802.58
1672.03,2825.91
2855.96,5250.94
1833.15,2312.65
2052.72,2673.5
1748.26,2141.38
917.49,3041.12
1258.63,2127.16
2256.22,4421.49
1894.78,2730.95
2619.47,3647.75
3622.07,4971.68
5652.04,4777.44
2994.04,3844.77
2365.97,3146.21
1494.0,2727.9
1849.91,2804.06
3041.72,3511.67
1888.91,2735.57
1619.17,2931.85
5250.9,4504.78
3756.21,4495.06
3669.29,3871.71
2250.93,3725.8
2768.81,4048.24
2645.84,4168.83
4303.03,3433.85
3009.56,3239.07
3180.42,4648.42
3459.91,3666.71
1158.16,2505.64
1910.03,3396.4
5705.5,6178.45
1858.59,2563.9
4278.08,5612.36
4209.96,4868.79
1366.91,1841.13
1463.66,1349.84
4518.16,5225.31
2413.64,4062.11
4994.84,5029.34
5183.23,5623.73
3896.79,5004.14
2078.57,3518.96
2175.92,2932.89
2268.59,3286.78
2225.91,4250.77
1101.84,2433.17
1894.78,2730.95
2444.67,4604.2
2555.19,3189.25
1350.52,3645.86
4707.53,4534.29
3292.34,3731.27
1244.64,1433.98
3864.21,2522.99
2660.49,3124.75
2770.02,3353.03
2143.96,4224.78
3177.15,3531.74
2452.57,3230.35
3638.87,4759.57
2990.32,3612.74
2961.84,4689.28
3224.36,4381.65
4731.37,5123.91
1080.01,2715.65
3051.5,2555.29
4633.94,4264.28
2102.61,3490.37
5678.53,4910.97
5280.82,5720.06
3414.49,3565.89
2395.32,3080.09
2773.72,4388.8
4669.35,5921.73
1329.53,2640.87
2587.61,3654.23
2613.62,4599.22
2360.33,4924.83
4249.82,15477.73
4893.35,5638.55
3993.15,4562.46
3678.7,5055.02
3747.18,5155.26
2003.24,2944.45
3494.49,4623.96
1262.53,2134.22
2526.17,3857.18
3639.6,4446.02
4099.99,3495.27
2331.39,4426.18
2636.22,3272.53
1835.54,4064.29
5815.14,17396.89
1811.39,2946.94
3466.67,3771.1
1989.6,3853.09
3446.68,3945.03
3048.16,3992.14
2440.85,2746.36
2526.39,2806.91
3077.3,3258.82
2077.79,3291.25
4358.73,5102.47
1475.88,4245.86
4330.08,4743.88
1933.56,2970.08
3925.19,5175.34
1596.9,2915.07
3964.83,4564.96
2457.41,4635.95
1355.25,3415.16
3103.85,3799.22
2572.9,4397.06
1660.11,3288.74
2459.52,2590.21
5450.69,5707.73
1481.61,2910.93
7646.57,6284.43
2215.27,2796.67
2734.25,3614.95
1890.41,2723.57
1964.34,3084.5
5547.93,4979.31
2998.42,3746.67
1473.44,1876.8
1205.46,2594.49
5711.07,5265.98
3268.11,4801.94
1775.83,2766.62
4383.96,4913.68
3086.55,3025.63
2813.64,2671.83
3386.4,4919.56
6491.28,6303.27
1340.73,2778.01
4715.17,4959.91
3587.0,5093.05
1916.98,3430.26
2341.36,3196.44
2680.5,4181.7
2385.81,3897.07
1347.21,2838.04
4288.29,4607.11
1659.93,3067.56
1928.53,3061.76
2974.17,4438.29
2146.15,4072.95
2038.76,4045.57
1484.63,3164.19
2366.32,3679.06
2877.4,5071.56
2312.66,3857.25
3547.34,3607.44
7671.22,6227.54
2569.04,3957.06
1904.83,3902.1
4671.64,3776.41
2282.05,3641.23
4052.29,4890.52
5762.49,5129.04
7027.74,6402.44
2153.48,2578.79
2434.29,3790.24
2575.63,4402.8
1482.31,2812.98
2978.55,3674.53
1850.68,2973.71
4532.82,4861.27
3710.45,5200.51
1167.19,1391.83
2585.17,3802.23
2096.69,3508.44
5647.41,3959.26
1945.23,2623.65
3256.1,4318.03
3914.36,5133.13
2458.32,3225.39
2528.94,3312.74
5643.07,5530.3
4044.53,3936.96
1124.88,1849.44
1792.33,3339.53
5709.98,5852.73
4277.9,3771.61
2837.2,4692.43
1342.49,2634.09
1838.46,3608.48
2061.6,3228.77
3372.54,4061.77
3114.1,3910.07
2314.29,4059.93
3751.01,5025.0
4622.91,5005.56
2803.5,4116.04
2142.96,3091.51
2987.71,3715.48
2486.17,3562.2
2852.96,3565.96
2785.16,4357.99
2618.47,2958.65
2454.22,4026.34
3441.29,3820.24
4657.28,4910.27
5875.95,5528.81
6139.84,5112.17
3505.76,4487.3
3019.34,3807.62
4148.47,4190.51
5262.1,4898.37
3351.75,3350.46
2490.89,4754.16
1170.28,1349.47
4495.43,5255.01
2017.15,2684.83
4530.58,5724.07
4393.26,6485.51
1533.29,3328.61
3930.06,4697.65
2920.01,4917.25
3073.51,4220.42
2980.08,4326.47
5780.55,5744.24
4685.99,4792.28
2950.76,3314.38
3068.51,4266.46
2264.34,3471.15
2268.35,3392.5
2910.88,3506.49
2018.7,2318.85
3975.04,4952.09
1257.42,3198.12
1381.2,2615.65
1969.65,2670.57
1699.4,2568.41
5519.64,7950.5
5850.71,4663.35
1470.46,2379.89
1506.61,2237.14
2527.51,3800.35
1759.65,3463.34
2986.93,4401.75
2859.25,3599.14
4573.55,4644.95
2387.54,4889.22
1820.31,3937.68
1860.55,3168.66
2293.85,3829.21
3519.68,3434.91
1362.36,1903.84
2421.42,4146.94
6794.96,4851.94
4026.72,4592.37
4319.19,5364.77
968.03,1662.72
4190.6,5352.1
2111.75,3161.76
3492.37,4470.91
2917.0,4253.84
1228.9,2759.5
1430.16,2999.77
2696.73,3376.96
4825.53,4783.52
1190.8,1386.41
2745.94,3458.66
2861.2,3375.64
1860.42,2993.13
1536.03,3098.57
4920.95,5243.39
8005.41,12221.28
2360.25,3227.65
4055.49,4749.64
4119.69,4722.97
2748.4,2585.34
4358.85,5075.02
2748.8,3914.96
5302.87,6177.39
1520.54,3966.82
2925.86,4115.5
2925.32,3876.32
3628.13,5107.63
1315.59,3095.62
7368.25,5492.83
1791.89,2049.09
2804.95,3098.49
3867.25,4770.44
900.1,2137.25
4494.85,4236.26
2037.99,3186.83
3213.3,3569.26
6027.63,5014.11
2485.09,3204.99
7317.47,5568.12
2641.87,3254.77
3447.9,3992.63
3330.27,3291.87
8163.06,8574.97
2336.9,3494.31
1926.79,3240.09
3139.74,4004.81
2184.78,4179.04
4794.49,5035.58
2271.85,2942.43
1099.98,2591.22
1369.53,3615.91
3028.05,4142.31
2510.48,5123.1
5313.62,5605.86
4188.47,5037.24
4249.88,5466.4
3720.54,4283.85
2209.14,2464.9
2230.96,4336.82
5918.16,5093.18
4781.37,4596.06
2428.0,3901.87
3205.43,4944.35
4570.57,4669.72
2430.67,4711.58
6374.32,6642.98
2295.74,3754.99
1198.39,1380.84
6178.71,5049.83
5833.67,5076.51
4556.75,4493.68
7128.54,6569.33
6555.42,5395.27
4255.94,4770.34
2679.73,4025.61
1821.57,3042.56
6574.26,6011.98
1121.97,2844.9
2695.96,4030.3
3934.03,3557.05
4570.13,4577.42
5755.95,5278.85
3147.97,3937.41
1330.8,3671.7
1756.76,3405.79
2044.58,2584.61
2481.77,3798.48
4353.68,5633.92
3589.09,4847.56
1522.46,3475.86
2661.39,3238.0
2298.88,3861.24
2043.82,2673.23
1335.5,2015.09
2297.74,3587.89
3857.67,4703.06
1741.72,4072.41
2872.99,3456.95
1146.03,2749.62
5808.62,4201.85
2008.01,3845.17
4649.08,4276.47
5027.43,3977.07
2064.93,3145.21
4737.2,4464.34
3177.78,3281.97
2486.06,4181.74
3792.0,4398.14
3387.18,4957.08
4890.87,5950.18
2372.88,3825.54
3790.51,4785.89
985.26,2642.52
4986.95,5249.44
6157.73,5839.87
1789.26,3208.44
2483.79,4484.47
3596.17,4330.5
3809.31,4281.0
986.01,2530.95
6361.34,5179.8
2742.51,3463.95
5899.41,5917.69
1558.49,2291.79
2692.65,4029.49
3236.42,3524.28
981.48,2174.31
3594.35,4942.14
3623.9,4552.74
2833.08,3780.82
2137.45,3577.44
1052.63,1775.28
2618.48,4367.39
2153.47,4078.6
5607.8,4693.89
2752.91,3206.94
2639.63,4289.92
3675.53,3828.79
1641.28,2903.6
2370.36,4162.18
2430.1,2062.56
7522.52,6622.96
3383.44,3846.67
2859.45,3843.09
1935.98,2116.74
3641.85,4228.69
1512.07,3041.22
6032.93,6782.74
3117.76,3675.58
2289.46,3063.31
2272.07,3811.4
3912.61,5019.71
2574.14,3889.6
2581.58,3016.58
3047.7,4688.03
3725.27,4513.04
2490.09,3241.64
1862.25,3544.68
2387.35,3616.39
2275.78,2361.43
2993.74,3792.38
2877.79,3568.45
3380.26,3886.33
1213.06,2704.86
2069.87,3629.44
4029.48,3979.6
2986.94,3367.96
3232.43,3780.13
1957.28,3143.91
6145.55,5714.0
3469.5,4697.84
2389.8,3740.72
3878.96,4306.19
4421.02,4582.53
2390.48,4651.32
3205.35,3467.1
1255.66,2621.03
2953.07,4530.16
5715.88,4341.75
1828.06,2907.07
3132.62,4195.88
1033.15,2781.83
2462.5,3271.17
4838.13,5623.16
5912.84,13053.66
1553.92,1936.37
1804.27,2882.4
1290.44,2675.25
3504.42,4763.39
3352.51,4128.53
2322.21,4125.02
3862.51,4441.68
4336.6,4960.38
1068.86,2847.96
3743.86,4655.51
4281.81,5109.69
2980.22,4799.45
1188.97,2708.01
1824.97,4335.51
1882.44,3218.81
815.61,2411.73
6159.2,5003.15
3573.36,4149.46
2965.91,3675.17
3392.34,4225.46
983.27,2170.01
3159.52,4401.32
2437.53,3318.76
2363.13,3286.6
2235.8,4301.76
2644.03,3552.66
2821.81,2842.54
4101.09,4796.77
4023.42,4920.41
2064.55,3990.83
2709.86,3122.98
3535.19,4176.97
2016.97,3193.36
1469.09,1859.83
3997.24,4465.46
2970.58,3357.41
3434.39,4321.72
3039.06,4177.21
5369.4,5353.32
6873.71,6438.78
4168.2,5621.82
2883.74,4113.19
2667.48,4007.53
2326.8,2850.74
6929.29,6934.14
1639.84,3165.11
2548.2,2080.17
3159.92,3865.8
2271.7,3378.54
2459.01,3733.84
4480.42,4634.08
1647.0,3209.87
2970.1,3965.75
3208.63,3292.12
2190.41,2288.94
3935.14,4198.44
4883.3,5131.29
3026.18,4232.71
4571.04,4575.88
5446.5,4610.68
2652.61,4689.45
4958.32,4570.29
3566.32,4769.91
6432.06,6231.01
3014.79,4003.96
1979.1,2685.93
3744.68,4851.83
2460.87,3585.33
5484.52,5776.73
1115.3,2857.05
2261.32,3432.96
4748.47,5798.93
891.97,2661.27
1724.82,2791.96
3135.32,5998.5
1719.37,3377.48
3058.34,2453.22
2251.55,4055.89
4689.34,5795.37
2642.54,4610.51
1920.39,4256.49
4715.28,4658.78
2886.62,4820.71
3842.03,5679.3
3621.88,3725.22
2516.74,4157.37
1877.78,2569.01
4015.73,4466.28
2236.89,3588.02
4185.26,5040.43
3548.47,4727.46
3058.76,3923.31
4531.28,4887.66
1797.69,3066.33
2457.11,3826.63
1628.26,2557.62
5471.79,4610.92
2012.32,3212.27
2620.84,4335.47
1778.25,2644.28
2931.36,3356.96
2564.23,3201.06
2380.46,3262.53
2939.38,4247.58
2424.38,2860.27
3726.57,4448.16
1805.43,4109.03
1753.4,4072.1
2604.66,2990.17
6615.64,5829.32
2418.75,3419.04
4276.88,5111.6
2437.53,3318.76
934.33,1380.39
3772.7,4531.02
2189.62,4188.91
2430.52,3517.02
1915.69,3190.82
3253.79,4920.5
1800.68,3020.84
2180.77,3999.21
2229.35,3355.8
3707.87,3931.45
2820.54,4750.62
2268.21,3364.12
2582.84,3196.11
3587.05,4727.17
2531.18,3612.99
3344.2,3780.17
2240.32,3664.12
2182.54,4274.01
1966.64,3863.62
2046.7,3254.73
2018.84,3031.19
2814.42,3588.43
3221.08,3573.93
1258.97,1300.76
4817.39,5741.46
1809.72,3042.17
4615.02,5154.47
3402.91,4031.02
5491.33,4028.91
5385.48,6214.56
3900.79,4775.85
2853.2,3676.05
4013.03,5682.41
2778.61,3410.26
3596.8,4471.28
2640.49,3988.03
2521.16,3696.0
5569.07,4848.04
1951.69,3138.03
2969.51,3785.82
1995.23,2660.56
1733.2,2875.18
2199.14,4210.37
5560.84,6263.83
2828.85,4301.71
3112.73,4880.09
5737.89,5020.72
3506.96,4657.99
1105.81,2671.03
1314.78,2185.72
3128.91,3138.42
6313.0,5592.48
949.51,2195.32
2148.32,2439.84
1001.73,2039.52
3244.51,5048.25
3425.58,5096.43
2343.65,2694.14
6573.25,5863.75
2086.85,1631.71
2953.8,3527.45
2523.64,4861.05
5396.59,6222.46
1657.7,2706.91
2591.59,3066.95
4661.53,5209.15
2740.36,3651.64
1375.61,3011.57
1733.86,1878.57
3311.26,4113.82
2286.26,3255.87
4390.02,4187.75
2627.13,2786.49
1524.46,2063.42
1050.11,2819.23
2861.4,4157.79
7577.27,6411.54
3066.52,3917.24
7873.25,4563.93
2933.66,4758.32
1979.66,3884.18
2046.4,2569.8
2408.76,3274.51
2261.64,3034.78
5250.99,5007.86
5218.01,4716.86
3346.99,3773.79
2011.85,2451.79
3712.16,4206.97
1190.86,2008.98
3102.55,4508.25
1030.51,1394.71
6547.32,6558.16
3910.62,4318.37
3862.79,4764.78
1721.39,3683.12
7047.7,5415.66
3334.51,3340.08
2722.74,2603.98
4042.89,5099.06
2635.88,3778.98
2492.22,3984.35
2050.45,2701.23
1976.65,2530.36
2007.7,2985.65
1262.27,1919.53
2984.42,3448.78
4351.63,4906.7
1926.7,2635.52
3393.56,4597.75
1974.17,3372.97
2014.83,3677.74
1817.17,2520.4
4038.54,5121.6
5683.08,5999.18
5512.47,4995.96
6753.84,6392.86
2475.41,3059.1
1752.5,3127.9
4696.17,3978.81
2439.01,4253.86
7161.41,5736.36
2521.95,4605.09
6380.04,5542.47
1770.03,2704.71
1758.22,1615.06
1814.83,4136.87
6744.85,6966.79
2406.23,3883.61
3712.95,4915.28
1746.79,2777.43
2236.26,2955.59
3401.38,3971.11
6163.35,6945.12
5133.37,4774.11
2110.79,2797.26
2782.26,3561.81
3823.31,4055.44
3092.21,3185.42
4361.67,5050.09
3324.26,3341.98
4945.5,5702.81
5888.74,4785.46
5472.51,5596.33
5830.48,7506.62
1226.07,1378.03
2390.37,3267.89
2447.43,3576.84
6459.23,5554.16
4276.96,6743.99
3948.27,4112.11
5250.78,4527.97
4261.08,4890.33
2096.27,3087.58
3351.26,4635.42
2144.31,4637.38
5029.76,4477.91
4275.71,4670.75
2001.88,3147.75
3599.47,4802.45
1804.18,4497.85
3492.65,3894.75
3540.97,4784.57
1899.86,3656.98
7136.96,5584.09
2921.6,3729.43
3607.04,3913.6
4487.68,4568.74
1644.3,3625.05
2896.18,4476.7
5872.39,5604.64
3964.37,4116.28
4699.43,4817.24
2018.92,3414.3
1603.44,2990.81
2715.94,3296.35
4623.85,3610.08
1993.98,2135.64
3520.75,4581.39
2514.19,2633.99
1858.59,2563.9
5115.45,6425.91
2356.25,3185.13
3421.27,3714.57
2385.87,3772.12
971.88,2186.3
2059.18,3581.48
2016.94,3308.67
6243.15,5545.06
1812.96,2255.07
3511.91,3634.65
3384.7,3942.39
3565.81,5545.69
2133.99,3297.84
3681.31,3897.51
4652.06,4967.85
4179.25,3995.42
3931.43,5341.22
2202.04,3420.72
910.34,2567.75
4868.32,4978.72
2748.6,3670.18
1578.06,3023.4
1881.07,4051.36
4380.38,5651.89
2483.69,4043.98
1309.46,2806.11
3505.48,3776.67
1866.32,2334.29
3449.71,4700.05
2295.88,3306.99
3259.57,4455.79
2556.26,4454.24
5804.27,4882.05
4820.9,4955.06
864.67,2369.15
1934.27,3744.9
1358.04,2157.84
3162.94,3655.7
2298.2,3550.98
1861.94,3638.37
3249.98,4065.17
1943.56,3062.85
2299.22,2494.71
5639.31,5754.98
2336.42,3735.87
2693.9,3018.3
2493.28,4597.62
1815.48,2561.71
7002.5,5509.72
2568.15,4138.23
3526.55,4762.99
5633.15,5426.45
5272.71,5244.58
2461.8,3655.08
2174.02,4155.26
1342.58,1407.29
6079.25,6589.32
3603.34,3695.98
862.18,2717.28
891.77,2853.07
1767.31,3238.84
1717.27,3724.17
1544.88,1375.02
2268.37,2549.49
1029.81,2824.52
4683.0,4552.38
1595.58,2990.56
1417.93,2980.09
3125.47,3600.99
3797.69,3969.43
2493.31,2676.69
3799.49,3750.71
7587.34,6154.98
3269.13,3852.19
1813.03,3346.47
1510.43,2854.07
1744.77,2562.02
1792.47,4092.27
4477.32,4786.06
2102.51,3527.63
5039.8,5207.53
2367.66,4603.33
1208.22,2051.06
1353.46,2103.14
3428.54,4757.45
1984.5,3801.69
2198.04,3203.29
2117.18,3339.21
2046.36,2463.28
1839.46,2642.6
2684.01,3633.02
1739.21,2554.52
2277.27,3818.68
3233.6,3908.96
2019.07,3652.94
3616.46,2248.24
3274.87,3873.95
4158.87,4009.29
4254.3,5625.01
2689.21,4445.53
2322.59,3783.6
1629.63,3349.33
967.34,2806.31
2470.77,3451.91
2067.62,3106.39
2500.21,3824.64
3849.01,5785.3
1758.1,3259.42
4084.98,3728.06
2674.39,3193.82
1655.02,3804.53
3209.02,4402.77
2481.07,3328.04
2001.75,3913.91
3937.89,4182.68
5431.0,6563.09
2101.76,2646.69
2112.95,3538.52
7890.07,6315.87
2774.69,3429.43
2346.25,3738.17
1589.88,3492.09
1383.74,3409.25
5703.35,6559.79
4143.27,3803.62
1589.03,3023.61
2757.39,3390.38
3050.55,4457.35
2223.33,3023.78
764.03,2566.61
2366.95,3438.22
3576.78,3745.67
4231.05,5036.09
4400.48,5760.84
1497.11,1885.75
4365.17,4706.55
1126.42,2678.15
3674.97,3751.08
1934.37,2979.0
2470.48,3729.3
2702.71,4651.46
2343.18,3923.7
2271.3,3075.94
4962.67,5227.75
2340.74,3428.79
5258.21,4189.9
4923.3,5002.88
2006.65,3248.71
2834.56,3914.13
4154.88,3942.94
1818.16,3461.5
2107.84,2798.14
2279.86,3198.07
3082.06,3664.58
2293.03,4110.29
1712.87,2412.05
2371.16,4025.65
1659.86,2399.41
1704.92,1458.53
2405.45,3551.74
2552.34,4703.27
1875.17,3890.2
2454.03,3729.02
4984.01,4839.52
2370.59,3837.05
3017.76,4450.78
1153.28,2941.18
1923.2,3657.78
2027.24,2431.33
4022.13,4566.58
5095.78,5330.44
2453.55,3463.65
1845.12,2414.17
2864.91,3734.85
5346.12,5132.49
5083.47,5893.0
4497.01,4738.87
5064.97,5357.0
6152.87,4935.16
2150.34,3348.72
4348.46,5133.24
2524.85,2236.74
2744.65,3247.38
2330.46,3735.64
6372.07,4602.07
2668.39,3675.51
2270.44,3757.63
2476.29,4579.66
4472.18,5799.81
3325.64,4242.19
3007.12,3533.18
3215.91,4537.45
3646.19,3970.84
2785.27,3681.07
763.91,2367.5
4509.01,4941.09
3850.27,4720.69
2649.08,3221.29
4351.77,5183.06
3497.92,4195.66
4087.83,4493.91
2606.49,3894.8
2056.24,3808.77
3998.01,8668.94
4326.74,5025.57
3194.39,4203.46
3507.6,4823.19
2255.34,4641.57
4063.74,3799.78
4462.7,5198.34
2392.6,2218.66
1825.76,3578.38
2216.34,3036.38
5441.88,5812.7
4441.79,4641.98
2361.0,3010.34
1056.4,2190.77
3707.72,4829.53
6821.73,13934.76
2358.54,3874.12
2487.05,3905.54
7997.71,16122.75
5084.11,5122.99
1904.79,3394.31
3712.95,4915.28
944.96,2211.42
2130.97,3281.42
2364.63,4158.85
1718.08,3839.13
2517.75,2947.47
2029.66,2983.92
2238.06,3188.48
3726.71,4295.63
2472.86,3674.78
4934.8,5704.39
1041.86,1734.18
5656.61,5274.22
2418.26,4136.06
5731.26,5304.27
3202.27,4708.45
2044.5,3541.99
2960.17,4548.77
5423.32,5442.98
2698.13,2371.29
2889.11,4096.4
902.73,2596.75
2721.01,3817.03
1472.92,3447.09
2417.93,2513.33
3323.98,5841.62
3573.57,4356.93
6428.41,4924.34
1630.58,2959.88
2485.17,3530.66
1393.4,2454.1
1958.89,3008.37
6088.85,6451.44
1115.33,1393.65
5285.65,4590.11
2961.74,4188.36
3354.34,3725.4
4825.55,4769.65
2208.94,3182.2
986.96,2435.32
2889.58,2649.05
3987.99,4755.38
2431.27,4074.59
4300.19,5464.25
2115.9,3393.91
2058.7,2823.25
1744.23,2658.72
1864.94,3845.4
3750.92,3974.67
7582.94,5896.4
3805.18,5677.86
2226.42,3690.24
2808.58,3321.18
1560.16,2794.17
3937.63,3823.8
3480.69,4980.04
3131.23,3366.17
955.03,1781.57
1984.06,3309.31
6132.65,5804.67
5512.78,5517.47
2312.66,3857.25
2355.97,4425.62
1580.92,2052.51
2096.42,2825.34
2514.03,3848.33
2590.03,4183.86
1926.4,3188.26
7459.2,5388.18
2056.66,4328.7
2850.23,4527.57
2389.99,4096.82
991.92,2942.63
5250.33,3987.1
3702.92,3852.47
5752.7,5823.31
1553.73,3754.59
3284.47,4922.2
1618.49,2669.94
2812.53,4116.05
2031.01,3846.53
5022.96,4705.63
4118.2,3828.53
3842.8,4675.93
1244.2,1389.62
2751.28,3545.59
3549.08,3373.1
3733.36,4521.01
5517.67,4255.23
1197.02,1394.07
1348.68,2377.15
1761.29,4066.02
1487.69,2713.99
3861.63,4923.75
2179.42,3479.82
2666.6,3603.38
1817.79,2683.87
5393.28,6215.64
3965.13,6299.23
2041.33,4040.41
1316.14,3010.11
1526.69,1935.59
3601.24,3553.55
6085.32,5343.27
1549.53,3105.58
9357.05,6493.75
2223.07,3210.98
4955.03,4927.07
2691.3,3911.01
2603.64,3453.83
3199.35,4388.25
1386.48,3096.21
1913.22,2713.76
2018.23,3881.48
3838.12,3826.17
1831.12,3186.25
1529.8,2679.6
2780.63,3225.87
6627.05,4489.76
8921.63,11040.41
1293.9,2851.66
2491.68,3581.44
2129.8,4087.36
2941.15,3942.73
2641.12,3420.82
2677.26,3277.88
4486.13,4813.65
5655.58,5098.29
2069.82,3854.39
3745.13,4490.15
3395.56,4976.87
2483.52,3316.67
2464.86,3794.65
2032.38,3409.06
3227.35,3728.47
2123.33,2819.05
1758.22,2951.12
1340.13,2302.05
2519.34,4338.84
1243.26,2860.67
2232.68,3261.39
1053.23,3034.98
4382.19,5656.98
4722.65,5013.44
2144.48,2684.75
2835.97,3353.67
3536.78,4271.63
3142.36,3841.29
1099.38,3443.73
2654.32,2156.13
1952.23,3878.13
1859.5,3398.4
989.02,3065.89
2991.47,3681.63
3194.06,4800.87
1417.05,2599.04
1111.99,1783.78
2380.23,3972.79
4512.49,3676.7
2477.55,3981.21
3413.53,4325.06
3496.68,4550.22
1960.36,2594.36
2756.9,3835.21
1199.38,1387.71
5247.41,5376.16
1942.98,3054.94
2775.99,4366.3
2106.23,2867.71
3552.07,4131.97
857.37,2871.38
4802.1,4355.86
4963.76,5361.73
2160.86,3344.19
2169.39,3569.6
3030.03,4297.28
3062.77,3653.0
3097.43,5265.48
1216.9,2868.46
4264.19,5033.29
3219.38,4405.14
2928.1,3203.42
2298.11,3989.1
2332.52,3723.24
3270.86,3694.3
972.15,2173.26
5622.27,5261.65
2625.86,3106.8
2127.65,3505.74
2260.03,3722.14
2729.36,2978.74
2584.42,3724.84
1747.16,3398.79
4271.12,5635.56
2999.54,4235.88
1378.55,3031.11
1395.39,3094.91
1759.73,2874.14
2199.93,4235.89
4655.79,4570.09
1899.77,3717.67
7922.77,6967.95
3752.44,3922.26
1950.14,3309.82
2072.13,2718.71
3325.83,4528.59
4753.67,4367.86
3022.09,2731.84
2223.57,3861.58
3536.63,3837.41
5046.85,5217.47
2061.04,2636.7
2659.98,2472.95
1980.69,1540.52
4103.03,5372.12
5435.89,5348.21
2005.03,3743.74
5387.22,4699.74
2264.41,3598.0
3041.27,4773.67
2561.13,3270.37
4482.97,5742.83
1234.14,2708.4
2400.89,4048.93
4774.23,4558.29
3207.03,4482.79
1237.27,2115.61
10844.1,6518.98
8394.6,6347.52
1354.34,1930.04
5458.85,6228.66
2537.88,4038.15
977.23,2415.61
2172.1,3706.45
6229.64,5916.12
3716.88,5077.82
2681.89,3601.78
2433.68,4632.74
3759.99,4917.86
2310.07,3972.27
2224.67,2587.34
2407.09,3410.53
3179.66,3784.97
2456.58,3365.65
1638.13,2380.77
4091.56,4217.54
1498.88,3794.35
4125.19,4523.59
3292.14,4964.0
1754.63,2501.11
2087.49,3045.52
2338.55,3744.34
956.26,3329.11
2342.58,3105.29
5979.79,5584.71
2195.95,3817.86
2623.05,4706.85
3698.13,4787.96
4282.08,3870.92
3574.15,4484.93
1597.89,3178.27
4364.26,4463.57
2787.97,3148.68
5477.09,4657.27
2096.41,3589.85
5613.85,5654.12
5048.24,4904.34
4339.25,4117.13
4382.46,5393.1
1725.88,2957.71
1074.56,2673.02
2447.7,3176.08
1826.78,4196.4
5410.53,5218.24
2931.22,3610.73
3264.5,3849.69
2554.78,3301.46
3436.16,3275.03
6546.43,5556.04
6008.32,4812.16
2920.83,4692.19
2228.06,3873.15
3154.86,3810.87
5134.09,5224.45
6338.28,4235.14
3215.82,3436.06
1204.04,2891.83
3261.29,3544.86
2888.45,3970.83
6073.5,5698.96
2355.29,3898.2
3189.9,3699.98
2226.56,3538.19
3407.01,3635.73
5514.9,5739.91
5749.79,6009.59
3224.72,4946.61
5802.88,6229.79
3402.23,4254.65
2017.94,3207.55
2717.28,4045.25
3910.62,4318.37
5116.21,5178.02
2728.8,2826.71
2686.6,3319.02
6264.21,5108.88
1209.82,1385.68
2176.11,3403.66
1570.87,3053.14
2129.22,2491.17
2735.92,4691.24
966.17,2191.38
6560.6,5906.91
2188.25,4750.72
4657.18,5763.01
849.9,2844.75
1534.67,2449.52
4174.54,5135.51
1368.09,2959.29
1211.72,2386.11
1438.23,3403.57
4854.3,5220.68
1157.23,2685.52
889.37,2623.84
2920.12,3815.16
4736.42,4385.6
7226.36,10032.69
3628.46,4324.25
1590.16,3743.51
3464.04,6444.62
2430.41,2589.82
918.91,2670.45
4067.7,3858.36
1279.5,2599.97
2136.38,3719.81
2632.95,4124.92
2268.59,3367.26
3444.47,4786.19
3757.69,4369.25
2985.39,3852.52
3169.26,3187.27
5701.47,5450.43
1820.23,3413.93
1017.63,2609.32
2513.9,4592.65
2178.47,3099.58
2135.25,2408.21
2964.83,4424.15
4170.02,5337.43
5268.64,5616.52
3130.53,4216.18
2794.44,3618.21
2630.7,3715.16
1934.46,3057.69
2275.65,4716.08
3131.99,4498.13
1735.99,3337.46
2488.49,3996.01
2481.06,4390.07
1975.94,2928.18
3915.36,4625.98
2649.47,3216.67
4100.78,5678.87
1170.24,2908.62
1496.2,2898.33
1685.18,3054.74
3913.21,4670.6
2344.3,3279.56
2505.12,3660.37
4583.57,5625.03
993.82,1999.73
1074.28,2846.72
1384.66,2558.9
1263.71,2701.48
5280.57,4186.03
1317.81,2231.03
1752.9,3049.44
2064.87,3367.1
2109.92,3175.84
2364.97,3691.68
2322.4,3565.3
1527.91,1488.01
744.71,2569.43
5586.51,6394.86
1793.02,3076.09
2322.86,2885.37
1220.48,1425.33
1107.36,2697.84
6645.13,5364.98
3072.78,4314.39
1806.29,3841.63
2495.44,3914.86
2116.04,2754.73
4291.82,5188.27
6443.24,5138.04
2295.67,3989.07
3399.68,3547.43
5052.23,5750.74
3434.56,4388.49
2873.95,3724.07
1402.56,1992.87
1943.94,2474.44
1889.12,2040.43
2216.28,3209.28
4919.63,4603.14
2246.22,4210.49
1681.43,2439.62
1295.85,2137.4
1589.04,2767.98
2726.72,4415.96
1985.21,2510.7
2569.86,3585.47
3931.14,3670.66
1177.07,3914.06
3144.66,4666.91
6071.79,5301.57
2974.25,3541.89
1966.87,4301.52
2680.43,3781.46
1918.12,1520.79
1652.63,3731.26
3368.66,3828.4
5724.68,4610.83
2052.97,4635.42
2419.25,3825.69
2384.55,3441.01
6433.43,6331.23
1800.53,2986.46
3743.48,3663.12
2052.56,3081.98
2620.61,3651.46
1755.13,3407.57
2104.11,2299.94
1472.33,3138.38
4590.13,4868.06
1072.57,2877.74
6509.27,4108.99
1748.82,3229.39
1412.04,2675.69
4731.7,5367.23
2749.14,3124.74
3832.28,5214.85
2030.45,3452.8
1563.26,2643.62
2075.32,3082.54
2838.12,4198.67
5024.36,4995.61
2575.24,3612.59
4878.2,5293.19
1972.29,3779.21
2390.01,3772.07
2115.04,2588.75
1022.61,2882.29
1647.52,3359.67
4050.09,4829.48
4825.55,4769.65
2610.96,3405.31
7707.38,5874.69
1984.0,3896.92
1211.74,1347.85
1908.67,3712.49
4780.55,4731.41
3702.59,4756.6
1759.66,3388.73
2910.98,4682.84
4625.57,5327.24
5338.9,5253.12
1338.93,2487.14
3508.34,4540.0
2192.69,3906.75
3109.27,3496.63
3775.62,4811.87
1380.46,3773.5
2163.67,2767.3
2632.97,4018.97
2305.54,3794.69
1634.35,4063.17
6204.09,6563.47
2397.78,4200.62
2619.37,4201.85
7961.0,5856.48
3432.56,3510.6
3889.23,6147.74
791.57,2591.59
2131.75,3813.79
2412.23,3791.89
2030.92,3343.42
946.03,2980.27
3691.5,3971.83
2221.14,3949.43
4486.72,4450.64
2833.47,3440.9
2721.38,3418.2
4202.99,5551.59
1936.17,3442.04
6460.54,5809.66
2980.2,4036.6
4423.16,4060.35
2959.49,3523.4
5372.19,5718.96
3059.0,4177.71
2201.54,3208.43
2224.04,3069.3
2558.86,3202.41
3875.04,4740.51
2933.16,2939.7
3133.61,4072.55
2272.14,3364.52
3291.88,3770.7
3670.56,4425.98
3180.06,4921.98
2817.07,4770.65
3073.61,4411.37
1718.46,3321.19
1928.67,1981.89
1523.55,3193.57
2156.8,3971.85
3374.61,5278.03
2745.94,3656.27
4629.98,2484.52
3409.99,4481.57
2154.82,2401.75
3828.38,3962.96
2397.07,3301.89
3315.91,4204.99
2130.11,3221.82
1789.2,3172.15
3494.62,4553.46
2216.39,3590.71
2797.94,3888.86
2280.16,3262.0
1762.45,3427.21
1899.87,3872.87
3335.4,3845.53
2558.06,3264.96
3295.76,4104.15
4901.69,5547.11
5602.3,5085.33
2916.3,3350.61
3803.48,4828.22
1661.23,3089.77
1565.1,3168.43
3719.6,5654.56
898.52,2559.7
1524.93,2935.91
2336.55,4082.45
4615.0,4783.08
3520.75,4581.39
1827.77,3208.65
3950.78,4973.15
3123.66,3711.17
2751.47,3356.86
4387.14,4864.52
4695.51,4995.26
7108.81,6290.3
4462.07,4526.57
989.16,2884.25
3202.35,4259.75
2545.41,3721.39
3990.5,4639.12
3292.46,4113.17
2048.82,3994.61
1840.55,2696.42
3655.11,4032.74
1042.57,2928.72
3115.28,3863.52
3262.55,4045.5
5432.83,5061.1
2818.01,2697.17
4139.25,5145.15
4435.32,4806.15
2716.83,3340.66
5353.39,4968.91
1173.42,2109.31
3999.96,4381.68
2667.48,4179.84
1666.95,2588.55
3888.21,4427.37
1531.16,1958.57
2994.32,4084.24
5968.06,4800.77
4323.82,5326.27
5227.68,4816.03
1973.66,2888.12
3170.3,4865.53
2164.28,3300.19
3618.87,4213.02
2412.62,2605.76
4715.08,5339.96
2366.44,3772.94
1333.06,2641.07
1766.4,4186.95
1908.17,2971.46
5518.96,4318.56
1026.29,1791.45
4044.67,4497.54
2429.43,4289.96
1040.85,2378.19
3090.1,3653.11
4000.71,3739.5
5016.22,6131.66
510.53,2254.62
6454.98,5514.23
2387.18,3521.84
4670.17,5671.02
3430.8,3804.81
2885.51,3653.29
2495.26,3261.06
1421.88,2510.36
2644.69,4184.22
2176.72,3762.9
2139.94,3062.74
4194.91,4769.09
2823.09,3197.58
5177.69,5624.94
3377.94,4536.59
1969.43,2490.09
2834.56,3631.04
3527.11,4411.02
4125.09,4339.91
2933.57,3901.71
4020.94,4720.83
3364.2,4869.67
3028.79,4001.53
3178.19,4112.99
3126.4,4956.36
3729.71,3679.17
2787.75,4213.92
5486.77,5699.79
1693.46,3118.67
4720.42,5070.59
1723.0,3346.06
7857.93,6660.27
2530.1,3623.39
2630.44,4471.73
4916.03,5176.86
4463.9,4445.06
2739.66,4986.36
2095.14,3726.03
4609.48,5318.67
3047.91,3402.39
1604.7,1355.76
1843.06,3311.0
2175.27,3232.67
4394.4,5085.71
3317.02,3782.27
3345.89,4255.06
2236.09,4233.37
6876.37,5692.97
2602.86,3883.74
2417.47,4071.7
919.41,2608.23
3550.44,4306.97
2062.92,3586.69
6221.66,5022.63
1595.36,2951.31
708.8,2562.83
2965.81,3591.99
4520.43,4220.88
3985.8,4968.54
4988.92,4955.31
2823.09,3197.58
1306.23,2904.46
1854.47,2135.47
1346.51,2855.21
2196.69,3085.8
2311.4,3122.3
2879.66,3688.27
4192.76,11070.37
1175.37,2572.48
1917.62,3336.17
1402.88,2651.95
3302.94,3694.66
944.89,3018.29
5734.31,5756.33
2149.37,2556.89
5885.04,9606.06
2463.44,4087.89
1989.43,3821.85
4015.97,4459.35
3761.27,3315.77
1578.4,2906.6
1312.36,1929.01
5602.71,5684.55
1084.03,2443.11
2847.17,3290.97
3467.91,4826.91
737.67,2543.07
2095.52,3889.37
1216.06,2537.53
1343.99,3069.21
2933.24,4046.04
4012.86,3910.54
2430.23,3286.38
5507.13,5682.65
6580.51,5862.66
3255.61,4730.72
2336.44,4161.69
1550.33,3896.93
2755.81,4417.16
8373.6,5944.82
5398.8,5002.14
930.16,2371.92
4615.03,3713.95
3467.83,4207.36
3143.8,3072.18
3325.69,3377.55
2514.84,4583.15
1266.38,3510.04
4129.45,4692.43
3004.28,4750.91
4564.14,4343.18
5675.12,5185.21
2425.81,3265.94
1610.62,2882.41
3776.11,3730.85
2933.78,4689.07
5483.99,5604.02
2679.46,4141.26
2826.53,4380.34
2209.17,4169.56
3908.9,4575.36
2203.32,3633.08
3321.42,4182.35
2902.74,3792.75
1174.14,3092.76
2265.02,3380.94
4452.14,4602.16
3117.63,3657.34
6407.67,5596.76
1948.93,4099.58
2089.19,3596.59
2338.95,4019.92
1607.86,3081.89
3279.02,4569.47
5173.14,6219.83
2026.89,3522.4
1914.38,3240.46
2168.07,3256.3
3241.84,3362.68
4105.65,4352.94
2470.2,3729.54
1846.05,4064.75
2382.7,4038.93
2400.09,3509.21
2608.42,3212.27
1454.71,2790.69
1632.54,4057.08
938.14,3034.15
4564.9,4541.36
5200.51,5605.73
3290.06,4715.97
2484.44,4375.93
4574.93,4441.67
2527.78,4008.23
3219.95,4040.16
941.0,3036.25
2004.83,3927.86
2914.5,3212.56
1272.01,2427.4
4283.56,4074.95
2817.18,3407.22
2726.29,3407.3
1881.9,3339.52
3097.67,3342.85
1740.99,3627.31
3168.69,4020.45
2943.99,3925.74
1542.77,3049.4
2423.49,3974.93
3848.59,4469.02
2032.48,3638.23
3565.18,3576.45
1912.4,3056.77
4501.08,6565.59
3401.09,4143.78
4045.25,4896.91
5318.62,4719.22
2770.48,4140.88
3963.68,3765.42
1332.44,2437.91
1414.89,1975.11
6114.25,6681.48
5284.61,5685.52
2470.83,3294.76
2689.2,4731.63
2129.48,4628.02
2181.11,2947.17
1804.59,3080.61
1075.32,3057.9
2084.45,3088.54
4964.94,4959.81
2842.05,3321.93
3536.58,4587.57
1622.01,3206.29
3372.02,5292.21
3142.44,1945.41
3103.24,3840.52
2592.63,2629.37
2660.47,4648.43
5189.77,5721.25
2660.97,4363.89
2840.32,3326.41
1066.92,1598.29
2548.1,4744.61
4517.56,5988.59
5588.68,5346.82
2220.4,3516.53
2154.23,1973.03
2456.39,3213.18
2651.69,3215.99
2013.96,3109.69
2444.8,3876.58
1069.13,2432.25
4885.08,4528.83
6697.83,8316.36
3019.38,4078.91
6797.57,5833.59
3206.81,4224.02
3557.02,3531.8
2156.54,3818.11
2652.01,4149.07
4012.51,3652.81
1898.59,3708.93
4515.3,4331.85
1717.08,3106.67
2551.49,3915.51
826.24,2600.89
3429.82,4070.19
3122.3,2300.82
1634.35,4063.17
3042.2,4280.35
3927.37,4564.5
2358.08,3224.66
3538.66,4169.73
3698.39,4389.89
4501.66,3677.19
2455.82,4000.43
4949.19,4442.47
1832.5,3290.02
3394.89,4644.2
2726.12,4020.56
5923.1,5637.08
4528.71,3405.66
2583.91,2463.52
2502.35,3268.51
6170.14,4576.5
2706.81,4398.61
1823.19,4612.96
849.02,2717.64
2004.67,2743.16
3815.33,4193.91
2336.6,3818.82
2268.74,4129.21
3210.13,4831.2
3615.92,5111.2
2891.73,3638.57
1541.41,1444.22
2022.75,3162.14
939.14,2595.94
2767.74,3578.03
3322.38,4036.83
2129.71,4022.13
2941.72,4260.87
2023.26,3335.17
3099.24,4020.49
2195.18,3688.57
3222.0,4908.51
3623.14,5258.45
3526.79,6476.2
6402.02,12620.31
1918.02,3317.86
2011.71,3090.19
2516.98,4338.13
3633.36,3938.21
4682.3,4423.69
2288.24,4146.44
3452.33,4405.63
1903.7,4032.08
5134.09,5035.53
1954.79,3835.61
4798.67,16143.84
4411.06,4935.67
6172.93,5032.61
2107.13,3599.25
2432.13,3261.87
2044.83,2808.75
2926.89,3404.48
3984.43,5071.24
3515.7,4600.43
1863.28,3000.3
3214.87,4958.6
2804.21,3212.46
2089.6,2965.23
1212.05,2908.39
3514.17,4123.12
4848.74,4917.77
5448.3,5811.57
3711.07,4639.76
2767.21,4600.6
3112.47,3353.26
6058.44,6616.15
2804.02,3732.01
2227.0,3193.99
3316.26,5195.34
2607.86,4034.13
1426.62,1908.85
2659.77,3618.21
2712.41,4183.16
2171.57,2692.99
5044.59,5188.98
2775.0,3587.18
1969.52,3496.97
2598.98,3976.39
2841.61,4219.5
2605.11,3584.22
7245.68,5891.93
1069.24,2974.05
1747.63,2623.99
2227.99,3929.34
1652.5,3916.98
3783.15,4555.98
3385.02,3722.44
2790.3,4632.75
1408.64,2969.74
2981.86,4293.06
3022.56,3718.46
2925.09,4441.49
3142.57,4471.81
1343.25,3169.67
2226.28,4098.1
4164.96,3908.11
2275.82,3167.45
3027.33,2725.29
1980.89,3820.14
2185.57,3781.76
1286.02,1442.66
2075.01,3360.84
1161.02,1967.59
2647.99,3884.97
6142.09,5685.55
2813.01,4846.98
2161.59,4460.15
1873.48,3754.79
999.28,2664.56
1633.85,3863.95
4748.12,4653.32
2553.3,3357.63
2571.01,3233.18
2690.07,3743.14
2501.79,3926.68
1831.39,2967.96
2252.94,3754.74
3192.44,4484.25
3223.02,3286.93
5779.96,5352.74
1754.97,2830.56
2367.91,4245.23
2687.87,3257.2
1302.33,3010.32
2507.18,3981.75
2126.7,2410.91
1571.59,2583.71
1711.08,2966.77
2627.28,3225.05
2423.48,4117.44
2491.57,4687.8
3317.82,4497.64
3656.63,5002.77
2013.92,3615.13
4732.13,5041.83
1301.71,1440.93
4358.73,5102.47
5202.46,4771.45
5119.86,4398.48
3477.01,3699.88
4741.73,4476.24
3678.75,3670.61
5269.81,5317.36
3473.06,3837.02
2077.5,3732.05
2241.23,3205.86
1757.05,3528.36
2712.79,3807.86
2495.76,3926.74
1573.56,2800.63
1707.0,2795.87
1740.43,3055.32
3151.85,3421.86
3684.36,5250.42
2868.43,3346.17
2211.76,3460.37
6644.9,4987.06
4850.35,5388.22
3637.84,4795.87
4763.68,5789.25
1522.11,2999.44
4125.31,5619.08
3057.56,4446.62
1653.89,3196.87
2045.7,3610.59
4462.95,4572.43
1943.44,2722.08
3284.26,3741.05
2141.1,2890.96
2364.38,3524.97
4429.7,5041.68
5498.12,4724.32
2030.44,3350.47
2219.6,3757.27
2252.99,3254.28
1168.8,2007.45
2858.22,3419.21
1657.68,3000.47
2878.82,4160.92
7604.46,5153.18
2880.02,3183.69
1416.56,3012.92
3194.58,5583.73
1012.32,2027.34
3650.35,4761.72
3263.07,3669.44
2651.74,4483.56
6605.64,4240.93
3387.04,4696.61
2180.78,4284.29
7373.82,6581.46
2660.64,2875.36
2846.71,3225.92
6042.38,5516.19
1671.12,4063.87
5261.77,5628.51
1537.8,2900.88
3462.24,3514.02
3717.63,4356.78
1023.85,2605.11
4074.52,4604.93
2625.95,3326.93
3592.63,4581.84
2324.45,3328.66
1743.71,3105.53
1743.51,3953.79
4105.92,5614.26
1949.64,3753.2
2402.18,3483.06
2878.11,3721.74
3209.02,4402.77
867.24,2186.03
3597.24,3703.2
2172.77,3134.76
6767.76,11756.24
3163.24,4033.17
4271.24,4762.42
4517.65,5584.01
2332.97,3629.4
3768.48,3817.82
3701.92,3872.9
2763.79,3587.26
2402.01,3902.08
2518.0,2499.84
2171.7,3316.25
2972.29,3892.81
3986.05,3698.19
3268.0,4842.62
1632.27,3115.7
2421.8,3684.3
4113.57,4549.77
1516.33,3111.49
5368.46,5367.65
4221.96,8988.83
2742.11,3407.31
4435.02,5267.44
3101.9,3863.46
3993.98,5711.33
2845.03,4198.79
4769.79,4352.36
1907.38,2929.86
1448.36,2102.95
5014.89,4887.36
2832.62,4096.17
1770.04,3357.25
7221.82,6243.04
4231.05,2469.55
2708.79,3274.2
2099.9,2903.65
4964.82,6154.13
1315.46,2810.32
3984.55,4048.38
5432.61,6050.9
3778.5,5253.81
1957.52,2642.22
3685.46,4510.95
2562.98,3501.53
3719.49,4855.4
1733.82,3207.63
3018.39,3906.93
1662.53,3325.74
738.9,2699.15
1926.58,3618.54
1884.17,3543.32
1309.78,2181.76
2183.25,3474.81
2082.92,3361.41
4600.0,3784.62
2116.77,3159.91
3674.75,5188.1
1797.8,2633.71
4737.53,4959.54
7816.37,11926.37
1802.3,3461.38
6288.06,5078.7
1290.2,2782.52
6958.13,6984.89
2688.64,4304.44
3251.77,2971.5
2141.03,4036.15
1395.51,2652.6
1300.67,1448.69
1853.88,3285.57
7130.93,6369.94
3361.5,3871.02
2457.16,3651.02
6020.62,5469.35
2623.66,3971.38
2858.46,3401.26
1520.37,3201.57
2694.95,3366.46
1765.22,3142.11
1915.05,3883.87
2436.02,3789.33
2037.74,3506.76
2743.76,4204.8
3684.78,4114.52
4266.46,4708.82
9803.23,7213.0
6410.46,4913.89
1771.68,1976.69
2383.89,2579.61
804.64,2637.82
3689.94,5713.2
3373.35,4657.58
3690.73,3507.39
611.43,2304.34
1661.9,2790.4
2265.31,3434.85
4710.34,5353.4
1808.29,3318.22
4172.49,4811.5
1920.86,4263.98
2402.92,3864.95
2484.3,3308.42
3094.32,3821.26
4641.64,5106.67
2772.66,4005.83
2236.5,3106.0
2994.33,4523.94
2376.05,3870.92
3783.12,4424.97
4120.97,3913.34
3118.28,3979.71
3408.71,3297.94
4939.41,4603.33
3596.5,5007.94
4675.17,4552.97
4567.39,5256.46
2262.24,3130.35
2585.93,3629.49
2189.32,3490.93
3681.96,5505.36
2836.27,3633.62
3701.16,3762.99
6293.7,6320.19
2815.0,2086.87
3049.26,4796.11
2810.83,3825.71
2485.61,4599.7
4054.56,3220.16
3148.33,3450.06
4316.1,3972.74
1330.47,2053.86
2037.17,2510.44
3151.76,4492.38
2239.29,3340.1
2777.56,3202.01
5329.85,5276.36
1384.9,2520.93
2863.61,4444.72
1513.49,2874.13
3458.28,4669.48
2541.48,3853.49
689.95,2238.13
2795.33,3191.69
1544.41,3692.68
3142.97,4157.89
2627.08,2300.76
1407.4,2403.78
3305.7,3772.79
3377.9,3417.51
4167.11,3863.52
2358.82,3434.21
3115.67,5283.24
2724.53,3356.97
2452.31,3190.86
3119.63,4610.42
1702.12,3228.07
948.72,3008.35
1766.84,2547.99
1063.51,3025.04
4487.08,4673.07
3288.23,4309.65
3660.76,4892.28
2767.99,3829.85
3832.36,4339.57
1778.68,2477.28
3261.39,4978.19
2733.03,4120.26
2301.76,3760.52
4011.45,4548.97
2386.34,2879.23
2264.83,3112.58
3296.68,4610.84
3375.5,4077.57
2293.62,3549.82
4913.7,4673.04
2814.02,4458.63
2873.31,3707.21
6177.88,5547.48
4614.37,5349.84
2245.89,2846.36
3160.41,2977.05
2353.75,3931.5
2087.75,3316.08
2409.65,2653.35
1905.91,3100.57
2923.08,3892.38
4605.76,5231.51
4264.77,4480.15
4553.52,4432.06
4936.47,5565.23
6808.99,5403.48
2362.95,3659.17
2087.38,3051.57
4636.0,7994.54
3816.51,3796.46
2919.22,3666.46
1550.29,3103.39
4687.91,4542.91
2112.96,3190.38
2097.66,3909.93
8320.3,7613.55
2169.53,3481.76
2492.8,3336.9
4295.98,4746.61
3371.49,4747.05
1484.91,3943.53
1416.55,3191.67
3303.27,3466.64
2067.07,3695.38
2535.95,3258.46
3978.28,4651.55
2895.29,4149.45
5367.75,2680.21
1238.79,2030.49
1542.17,2080.02
1398.17,3093.17
1749.41,2221.37
2404.89,3333.37
6125.68,5980.73
2255.01,3946.56
3512.31,3700.49
2863.52,3178.84
6162.65,5823.5
2524.68,4047.04
1916.74,2714.1
3700.06,3380.5
3147.8,4664.19
3881.81,4841.41
4352.35,3784.42
3342.35,4057.73
6621.42,8046.85
3720.11,4150.05
2907.79,3882.16
1664.85,3937.1
2903.35,4200.14
2611.98,3314.82
5810.72,5599.31
2999.56,4179.46
3098.42,4807.33
2080.35,2544.96
6487.25,5637.09
1682.5,3817.87
5590.35,5174.78
3040.54,3716.69
1910.95,2904.09
3604.37,4949.78
1490.53,2584.52
2050.67,3405.42
2752.67,4408.36
4758.73,5228.63
2656.16,4952.8
1954.25,3590.13
1658.68,2695.93
1922.42,3844.95
3627.73,4599.82
2272.15,4661.82
2383.2,3800.59
2638.76,4137.49
2309.89,3557.42
1882.1,3539.02
7207.63,5805.8
2376.97,2543.81
3777.38,4308.95
2746.26,3761.76
4131.01,5244.36
2324.76,3634.17
8239.58,5747.31
2399.8,3663.06
2983.76,4219.9
3218.99,3902.87
1994.06,3137.49
1925.5,3505.66
2018.78,2969.76
1546.4,3576.09
4508.2,4743.13
2977.77,4711.3
2554.38,3451.45
3443.21,4374.31
5149.58,4599.55
2267.2,4678.8
5402.95,5004.8
1932.64,3870.06
6617.22,5002.48
3515.96,4253.55
660.08,2554.15
4359.47,4154.9
1410.63,3628.25
5702.93,4619.19
7588.32,6428.92
7560.03,16248.93
1974.78,2412.74
1869.29,3777.34
6666.28,6350.64
2771.16,3554.06
1999.03,3125.62
2423.94,3767.88
2744.83,3227.41
3161.08,3265.26
2888.34,4119.68
1997.42,3100.91
2396.97,4214.96
4694.06,4782.76
1759.91,2664.47
1323.95,1407.0
6203.67,6632.19
1916.8,2799.09
1285.01,1400.13
1720.41,3415.15
2212.18,3826.43
5112.81,5321.08
748.16,2546.83
6876.85,5416.26
2754.48,3882.82
2459.68,3066.75
1667.68,2888.39
2659.49,3199.14
4401.23,4039.35
1261.93,1389.46
6580.45,5233.28
1302.1,2480.37
2436.26,3702.2
6312.87,6574.06
2931.76,3289.48
1745.4,2508.7
1398.16,2764.75
3338.97,4738.66
2601.67,4053.62
2467.48,3544.85
1817.57,2211.24
2101.18,4222.71
6463.71,6804.07
1122.02,2547.64
2347.36,3272.27
3541.3,3652.59
2605.7,3773.09
2029.47,3275.0
4520.82,3825.15
4194.37,4490.16
1944.97,3172.25
2330.94,4041.3
1697.98,3015.46
3296.61,3620.74
3013.09,3751.87
5771.15,5857.48
2009.89,3502.4
3168.36,3632.04
1652.96,3192.66
2525.7,3163.28
3286.41,4798.13
2415.67,2739.82
3017.65,4673.62
2311.71,4748.92
3726.77,4677.61
2594.05,3851.06
4707.99,5323.6
1778.6,3794.87
4635.66,4779.67
4603.24,5327.35
4918.77,5247.37
4099.99,3495.27
2465.29,3443.12
1634.77,1465.32
9210.01,6704.47
3164.36,4787.41
757.58,2433.08
1887.19,3286.94
2798.12,3196.39
2196.66,4887.75
3124.81,3655.2
2306.84,4041.95
3661.94,4090.61
6159.77,5328.75
2720.66,4186.87
1615.99,3204.51
4974.08,5066.73
3101.63,4079.45
1900.05,3263.19
958.33,2152.9
4944.31,5998.53
1919.8,3671.72
3788.47,5216.75
3148.22,4400.33
3036.07,5724.89
3704.17,4185.27
4955.66,5470.2
4012.21,5418.03
1055.9,2695.67
724.46,2571.58
3904.68,5694.11
3413.2,3875.83
7605.91,12272.87
2062.49,3989.57
3243.59,4798.05
3780.5,8709.75
3046.99,4447.06
848.9,2577.44
3671.71,3941.45
3486.1,3702.91
1525.51,3775.77
1478.83,2667.12
1115.33,2352.71
3484.07,3848.55
2322.53,3446.85
2012.47,3600.09
2730.45,4308.1
3190.57,4147.49
2348.45,3799.22
3186.21,4600.05
5213.82,5345.82
3392.9,4067.16
5973.22,5363.83
2352.64,3681.25
2095.27,3106.94
6315.65,6144.3
1466.38,2913.67
4160.88,4586.72
2857.29,4281.99
1450.46,2690.32
5056.72,4473.74
3378.75,4437.11
2109.57,3989.29
2977.98,3903.28
1624.81,3272.72
2620.94,3198.57
3796.66,3448.93
3377.74,2412.56
3922.14,4779.48
5816.49,5122.83
1374.27,3177.9
2542.76,3897.19
1717.07,3431.93
4021.72,4078.15
3411.62,3679.73
3016.27,4416.08
4991.74,4673.3
3400.42,4053.39
2565.55,3166.12
4457.14,5141.7
3825.6,4665.23
2550.83,4626.25
4262.01,5732.56
1119.91,3319.51
1298.38,2831.8
2603.1,4731.52
2162.3,3078.3
3525.88,4787.45
2220.42,2821.11
4529.75,5390.55
2816.14,4504.86
1203.65,1845.01
1515.26,3714.04
4318.3,3795.32
3070.26,3673.98
6701.3,5956.9
1867.91,3403.35
2187.22,3308.21
1502.02,2023.82
5994.32,5516.46
3970.85,4281.53
2963.25,3562.49
2144.2,3828.16
1950.54,2343.95
2854.47,4096.38
3182.59,4452.49
1382.81,1906.0
2168.38,4706.05
2080.18,3518.96
3918.19,5707.35
3258.04,4493.68
1490.22,3281.41
3581.74,3750.87
1210.62,1438.18
4687.11,4504.37
4017.1,4260.78
1356.02,3095.88
3455.57,3958.72
2962.09,3693.65
2920.13,4256.19
2498.9,3283.69
5296.94,6558.18
1553.16,2814.87
1941.86,3156.39
1731.09,2455.92
3468.68,4417.15
3794.17,4415.58
2888.75,4956.01
2825.5,3897.28
5504.82,5135.66
2930.24,4498.46
4571.37,5266.02
2234.97,2336.41
5540.26,5138.66
2598.82,3898.47
5255.94,4646.97
2827.43,4124.51
983.18,3055.19
2707.3,4639.81
1967.35,2130.43
3419.53,4655.11
2176.81,3932.96
1570.67,2892.21
1542.59,1751.18
2278.58,3856.87
4131.26,3753.42
2656.53,2159.53
4643.89,5254.57
2464.88,3946.61
4163.11,3420.78
2123.76,3185.78
2848.37,3696.79
3519.45,3823.12
1498.16,2469.7
2392.48,3810.88
1385.66,2560.45
3935.85,3935.37
2632.2,3676.92
956.72,2727.71
1419.46,2345.33
1124.88,1849.44
4897.63,5621.49
2953.09,2448.55
1957.48,3147.94
2412.85,4302.18
2565.2,3575.38
2572.28,3800.24
5624.5,5015.47
1392.52,3210.76
2740.34,3519.35
7195.16,8426.86
4252.9,3709.18
2100.85,3174.94
4979.68,4838.44
1506.58,1520.71
2400.32,3740.5
2029.63,3908.06
3243.97,4227.41
760.28,2557.66
1968.68,4168.14
2207.96,3090.71
4155.67,5097.11
2117.74,3117.21
883.5,2642.89
4853.99,5922.93
2290.84,2996.72
2727.94,3849.94
2359.09,3830.48
2255.05,4013.22
2403.52,3829.42
3534.65,3858.03
2080.13,3564.66
5514.63,5381.08
2695.21,3885.46
2632.16,3177.51
5083.54,5454.51
4045.79,4836.14
958.7,2112.97
5461.14,4642.6
2369.05,3736.93
3146.75,3654.7
2158.96,3106.1
5414.77,5471.31
2404.59,3219.12
1502.4,2702.08
885.4,2711.42
3013.53,3299.03
5863.6,4762.07
3183.27,3844.99
1988.27,4687.97
6129.17,5200.96
4096.25,4193.5
4165.76,5185.19
2329.61,4116.43
4364.26,4463.57
3401.87,4122.83
5484.27,6009.88
2642.2,4007.84
5118.5,4879.81
3648.59,4394.56
840.74,2588.04
3290.88,3564.74
4797.79,5745.4
3157.63,3629.81
4546.23,4687.72
4532.7,4931.43
877.87,2590.48
1978.36,3562.29
2901.12,2988.35
1168.73,2680.44
2210.34,3135.23
992.32,2201.67
4529.75,4839.51
6728.18,7077.23
4354.23,3507.42
3313.51,4387.1
2599.41,3317.3
3180.66,4163.75
5580.75,6222.26
2257.39,4374.96
1339.39,3212.48
5757.84,5160.72
2512.37,3297.13
971.82,2208.43
5337.37,6219.41
2636.43,3849.58
3748.04,4010.71
2114.45,3338.82
1891.05,3031.22
2882.65,3163.2
892.09,2184.95
4088.6,4873.73
2857.47,4148.02
5095.74,5198.15
6961.56,6417.26
4786.5,5247.21
2082.88,3020.34
1398.58,1443.9
3069.98,4809.83
2280.73,4567.15
2596.53,3386.72
3952.4,4900.07
2784.1,4696.05
2765.14,3499.91
2179.61,3099.92
8898.55,6467.76
4908.18,5637.34
3438.28,4107.37
6929.21,6020.58
2659.39,4213.0
11322.6,7613.7
1483.42,3363.39
6635.7,5528.32
2865.9,3919.24
2438.35,4120.45
1533.27,2872.44
2183.47,4051.97
3677.34,4005.71
5448.47,4701.74
902.95,1806.99
2591.39,4315.33
1701.84,2523.83
2383.39,4090.93
4353.39,4863.65
5330.36,5000.04
3162.79,3786.95
2983.89,3641.07
4723.85,4700.22
2742.17,3978.77
3917.3,4901.39
2847.68,3516.91
4945.91,5296.09
2597.62,2573.99
2883.43,3289.17
4669.34,4881.29
4273.89,5612.25
7764.78,6563.27
3096.59,4082.63
2451.84,3237.02
3715.8,5571.34
6229.11,5470.56
1742.66,3564.52
1290.87,2651.14
2833.04,4040.18
1143.04,2060.57
1037.01,2154.91
2167.74,3505.66
4434.07,4141.0
3282.02,3355.0
2241.99,3448.24
1746.76,1967.59
5716.85,5085.51
5701.47,5450.43
1209.18,3005.55
2373.54,4893.34
5999.7,4104.02
1718.4,3102.51
2605.44,2593.52
2024.72,4249.97
2417.53,3762.45
6209.04,5841.47
1618.52,2383.31
3171.14,4988.97
6053.88,6504.97
2444.08,4855.69
3973.2,4384.74
3205.34,4290.88
3369.92,3904.29
2488.69,3017.36
1746.52,3910.44
1488.89,2041.54
3055.96,3619.05
2372.74,2150.31
3406.34,3786.81
2195.45,4401.16
2309.89,3557.42
2610.42,3986.37
3355.99,4729.33
4921.11,5727.76
3935.11,5210.78
3352.61,4986.91
2926.75,4326.72
1087.28,2309.08
3723.08,5123.99
1435.65,2685.46
4073.0,3817.86
7229.4,6352.38
1823.19,3978.52
3220.17,3997.02
1787.92,4065.11
2567.8,3002.99
4335.0,5722.49
3420.86,4779.26
6800.16,5404.25
4783.26,4433.45
3935.14,4198.44
4191.18,4785.88
3518.76,3869.97
3960.29,4610.33
4318.56,4926.28
2009.09,3149.52
1771.57,3042.8
1879.22,3092.44
3524.94,4274.34
1786.9,3293.8
4905.21,4921.49
4776.3,5291.77
4343.08,5149.28
2842.06,3440.78
933.83,3079.24
4852.6,5298.3
849.87,2592.88
3955.07,5977.35
3282.14,4774.19
1648.37,3183.4
8359.22,7334.7
2822.72,3591.52
3111.66,3812.51
2496.76,4956.99
3520.75,4581.39
3686.45,5013.58
3772.45,3982.29
3590.45,4221.78
2912.59,3381.48
6631.76,5289.04
5805.4,5003.11
3039.94,3536.73
3854.33,5652.33
6249.92,5509.31
1216.9,1431.12
2638.61,4700.12
1763.88,2226.26
3444.81,3719.0
2955.51,4641.01
2888.21,3803.77
3294.08,4995.72
1657.18,2982.73
3583.57,5039.25
2259.22,2765.96
2336.08,4147.42
3302.36,4420.39
3740.1,4009.32
2027.1,3029.27
2240.02,3310.64
2761.24,4268.03
4989.34,4940.84
3924.35,4209.94
1021.39,3038.99
4919.06,4011.07
1636.36,3118.61
744.71,2569.43
1340.13,2302.05
2038.37,3077.21
5110.21,5606.79
2645.9,5092.01
3652.88,3996.66
1932.53,2996.36
2686.6,3319.02
1473.05,3740.88
1000.12,3053.45
5885.86,5611.9
4361.04,5373.98
2749.7,3265.91
2473.64,2795.94
3354.02,4557.72
3439.92,3691.57
2373.43,3732.29
4425.99,4770.32
2508.8,3676.11
3115.31,4633.5
1460.73,2585.94
2270.51,3117.07
2289.78,3850.07
2784.01,3393.73
2261.12,3284.01
1859.77,3951.84
1823.79,2947.08
3174.05,2538.43
5221.82,5898.21
6438.05,5449.28
1843.46,2401.66
1816.41,3006.57
3714.44,5003.71
2357.2,3301.93
5579.17,4944.08
2083.82,3801.54
3120.16,3118.79
3106.67,4030.67
1771.92,3490.34
2334.94,4112.94
1943.44,3067.91
2823.48,4361.07
1627.64,3409.28
5013.02,5369.4
2763.27,3496.75
4861.78,5896.01
2837.76,4297.23
2618.08,3921.07
1382.69,2782.23
2870.3,3500.76
2090.2,2860.04
5307.81,4948.46
6565.21,16330.32
7103.57,6908.81
3206.15,4762.58
2468.49,3141.71
2773.16,4694.31
3551.13,4388.96
1746.0,3598.71
5019.83,5293.11
4344.86,4668.37
1997.83,3009.42
4324.26,5572.03
3203.55,2502.11
1686.48,3343.54
3621.02,4298.32
3220.4,3303.94
2444.16,4307.09
1907.14,3192.71
1942.98,3054.94
1501.07,2131.98
2481.23,3909.25
5657.67,5774.45
4521.94,5084.89
3078.45,4296.37
2011.43,3120.97
4333.37,5108.14
1574.68,3241.16
2180.37,3534.68
3860.22,5044.88
3639.05,4678.17
2422.65,3480.41
4131.6,4371.78
2145.02,3483.88
2644.86,3439.7
5347.5,5456.33
4769.85,4861.57
1463.89,2855.4
5377.34,4412.28
3234.03,4305.99
2079.79,3021.38
2509.4,3605.0
3349.14,3888.29
1044.67,3081.34
1932.35,4041.8
1611.23,4180.47
4419.35,5206.72
3265.24,2481.43
2755.01,4676.65
1961.25,3713.47
5088.17,4243.04
3764.06,3670.04
4398.92,4718.48
1903.33,3503.12
4335.88,4051.38
4590.26,4773.56
1735.84,2746.59
4057.19,4147.97
3617.03,4970.3
3186.54,4799.64
2191.23,3227.0
5111.85,6732.76
4260.88,5596.39
4927.48,4879.81
2475.09,3282.23
4408.65,5133.37
4331.89,4183.45
2633.57,4254.42
2609.23,3472.56
1217.3,3437.49
2006.44,4380.83
2123.04,4003.94
1034.63,2444.79
3863.71,4533.53
2388.22,2912.53
3040.1,4100.37
2377.13,4198.7
2384.39,2553.57
3730.18,5634.4
7330.33,15694.24
1857.32,2571.35
1891.06,3150.16
2508.18,4210.89
2529.02,3591.86
2119.85,2692.33
2196.76,2900.72
3944.42,4250.4
2637.15,3199.99
6292.14,5465.49
1975.28,3947.01
2581.51,3383.59
2450.24,4125.03
1546.46,2813.36
5930.24,5972.03
2024.82,3135.76
3347.89,3647.5
1659.25,3172.79
2325.19,4294.02
3429.17,3643.88
1923.13,4735.33
2676.55,2433.19
5236.51,4829.63
1881.84,2655.19
1363.54,2987.68
2333.93,4592.63
2606.32,3961.96
3317.95,4075.54
5446.79,6283.74
3317.02,3782.27
4681.31,3778.72
3407.07,4879.13
1962.88,2712.59
2419.85,3049.61
2233.63,3264.68
4411.82,4905.26
8502.56,6294.5
2285.75,3613.02
6408.12,5802.46
3488.86,3681.9
3289.15,4757.16
1855.47,3052.23
1782.88,2705.4
3824.27,3658.85
1669.75,1459.67
2197.66,3481.49
4053.71,3551.53
6086.09,6237.98
3272.41,3776.73
5039.7,5213.26
3334.34,4997.27
4286.31,5110.8
2540.15,4162.72
5093.62,5272.65
2569.0,4532.63
2611.3,3593.02
2074.65,3155.08
1976.49,3265.34
3954.56,4208.78
2976.64,4262.14
812.62,2535.55
1289.15,1388.87
3357.5,4535.55
2299.89,3826.34
2198.46,3211.52
2893.89,4762.58
2938.12,4821.08
3048.25,3691.35
3853.85,5342.49
2668.32,4918.06
2522.43,4266.96
4278.73,3534.78
3428.83,4852.53
1969.62,3070.56
1066.98,3226.19
3734.53,3882.33
7881.98,5521.69
5756.67,5436.4
2478.89,3587.54
2704.23,4547.64
2612.41,4841.44
1762.93,2954.02
2503.45,4724.16
2224.27,2843.51
2570.44,3592.94
2923.89,4722.05
5994.65,4982.22
1505.29,3023.37
1492.89,3875.15
2490.83,3337.46
4321.62,5226.93
3138.72,3132.12
4353.0,3529.05
831.6,2571.78
1886.09,3168.44
1539.28,1559.88
2448.11,3647.05
3199.31,4702.05
1545.13,2528.21
1433.1,2731.18
2064.55,3990.83
1721.94,2582.14
1787.68,2778.16
2076.24,3369.6
2113.44,3705.25
2699.24,2974.91
1928.51,3841.92
2408.19,4168.73
3275.29,4561.76
2270.15,3261.58
740.32,2207.45
3270.57,4680.86
3394.5,4880.18
3893.84,5118.64
3289.99,4774.4
3266.02,3682.94
1798.45,4234.22
2024.78,3532.76
2033.94,3180.47
4166.17,5200.19
4673.58,5389.15
1362.63,2777.61
2619.78,4490.86
2647.56,4697.26
2455.61,4022.58
1239.45,3517.75
2307.6,3967.79
2435.94,3270.45
1624.78,3283.54
2223.74,3738.97
1751.07,3020.75
2392.42,3630.74
3442.9,3821.81
3899.59,4434.5
2180.39,3585.52
1978.54,3013.31
766.44,2713.48
4438.91,5094.36
3355.54,3436.26
1012.28,2650.82
2117.32,3830.48
1892.29,4264.19
2225.96,2735.28
4978.56,4989.33
909.01,2187.9
6197.09,4467.02
2849.52,4302.43
1507.97,2768.61
1872.98,3876.64
3796.36,5100.57
2588.79,3353.21
5939.77,5262.19
4011.74,4494.45
2699.3,3919.53
4215.3,4836.35
1988.27,4687.97
1613.83,3272.73
2934.99,2957.71
4527.55,5645.63
2013.16,3396.88
4326.08,4688.65
2005.53,3042.4
5099.11,5900.04
2288.12,3100.79
5498.66,4885.29
1530.95,1599.8
1901.69,3166.71
1494.22,2905.61
3157.86,3330.93
5389.74,4456.36
2073.44,3162.83
2020.91,3875.16
2182.26,4621.12
2375.39,3625.1
4272.19,5436.09
1718.75,2559.35
1528.74,3348.97
1647.26,3231.31
3239.91,4128.14
6819.26,4944.95
2375.82,3765.33
1737.77,3214.37
3636.01,4940.18
1257.91,1906.13
3422.06,4438.02
5679.89,6447.32
2223.94,3446.65
3667.12,3753.46
2365.89,5130.84
3561.85,5111.2
1221.33,3034.11
2967.79,4376.06
2138.23,2650.26
2053.61,1664.65
4697.87,4922.78
3688.49,4147.21
5585.35,5954.25
4430.67,5372.17
2068.02,3322.31
1769.07,2744.66
4235.91,3738.94
2373.22,3717.13
1932.57,3561.68
3119.01,4004.51
2003.32,3898.77
1597.56,3971.98
1553.7,2067.96
2807.33,4350.5
5889.52,6584.23
4509.35,5539.08
1381.62,2952.6
979.73,2603.96
6471.56,5368.06
2688.08,3175.23
3765.13,3365.18
3096.3,4089.43
1084.69,2502.37
1512.78,3452.28
3512.49,3251.21
1191.13,1379.51
7224.27,6327.76
1839.57,3642.12
2283.84,3345.16
2545.35,3769.38
1409.79,1447.46
1798.35,3520.97
2809.19,3968.69
5834.72,5122.48
3968.13,4014.3
1013.58,2796.72
5222.33,5231.91
4023.39,4208.0
2291.01,3476.15
3234.73,4318.72
3572.89,3821.53
5093.86,5314.65
4789.8,5686.79
3348.22,4349.02
2164.0,3738.94
3860.33,4307.05
2106.75,2609.96
3464.9,3886.27
1065.72,2971.97
1809.03,3654.98
2359.68,2950.52
4739.56,4924.21
2199.52,3096.69
2681.65,3569.92
4116.8,4762.13
5402.32,4289.02
2410.77,3263.23
5305.12,4663.75
5049.88,5206.5
1619.16,3629.32
4344.63,4464.88
1365.87,1869.62
6480.96,6047.02
4110.29,5668.45
2668.95,3091.89
2908.48,3382.92
4435.6,4752.1
1944.84,2427.41
2337.37,3429.32
3341.54,3670.05
2285.43,4687.9
3666.02,4444.92
4319.68,5327.1
1958.5,3325.68
5224.64,5398.12
3062.05,4551.53
1424.52,2844.64
1926.74,3041.36
1727.32,2790.81
6720.29,6308.49
2400.84,3755.53
3776.26,3769.26
1816.85,3937.28
3916.41,5104.68
2067.63,4005.26
2992.61,2130.33
3137.1,3344.21
3173.43,4211.58
2276.46,3447.61
2349.4,4719.38
3550.34,5195.95
1701.78,2552.99
3157.38,3731.8
2434.56,3410.54
3297.88,3758.08
3244.78,4688.32
6577.84,5781.82
1483.95,3931.66
1841.02,3692.39
1902.93,3261.98
2461.06,3996.24
2230.52,2909.71
836.19,1688.63
3288.46,4984.01
2900.12,3882.45
3473.02,4554.66
1807.17,3155.75
3583.4,4221.46
4332.41,4785.83
2092.16,2561.8
3421.97,4977.41
5245.26,5120.76
2176.43,3988.87
2090.39,2545.59
1474.81,3230.11
2694.39,3884.77
1157.57,2661.97
2759.47,3662.97
1150.32,3148.68
1232.7,2779.0
4086.94,4133.34
1115.46,3592.37
2138.2,3090.42
5741.55,6401.37
2482.27,3549.87
2601.65,4720.13
1303.46,1875.93
3405.36,4496.38
4942.99,5766.71
1156.54,3221.66
2297.99,3191.84
3215.91,4537.45
4525.54,5749.13
5699.15,5026.17
2989.76,3693.9
7830.39,5821.47
2825.5,3374.58
3479.66,3853.66
2983.13,3999.69
3750.16,5704.06
1924.25,3145.23
5570.75,5164.42
1898.05,3449.34
5583.26,5085.43
3095.25,4412.18
1295.28,2696.36
1635.35,3113.51
3096.77,3799.97
3090.86,4208.68
1369.11,2922.07
4211.82,4399.5
2674.0,3365.13
3764.36,3997.26
2875.34,4154.43
2061.36,3914.22
3050.43,4140.75
2356.25,3185.13
5685.71,4915.36
5642.43,5516.38
2447.84,3239.59
3692.67,4963.59
2318.32,3365.27
1191.97,1921.15
2288.12,3100.79
1045.64,3175.53
2502.79,3163.48
1791.32,3105.76
2405.45,3593.29
2318.8,4241.42
1693.0,1969.59
1389.79,1390.39
6620.71,5512.09
2875.11,3829.97
6625.22,5087.4
4453.94,4067.6
4473.75,4709.9
5115.25,5383.06
4201.25,3800.36
3052.34,3689.55
1963.92,3494.78
2127.67,3351.86
839.11,2306.57
2295.24,2468.12
6777.24,19086.17
1721.13,3760.91
1726.28,2981.04
2641.94,4908.34
3976.25,4794.5
1574.08,3112.24
4143.76,4630.23
1813.48,2281.24
2225.85,3838.6
3285.51,3729.71
2427.75,3741.76
3211.06,3635.48
4294.36,5220.8
4215.07,4877.16
4355.9,5393.97
2930.4,4568.83
2417.5,3268.65
5827.01,6057.09
3509.43,4610.08
1686.12,3636.52
3124.24,3740.94
2239.91,3477.18
1327.36,1922.07
1447.68,3054.8
2713.16,3405.0
7009.24,6288.69
2753.82,3201.61
1457.42,1426.39
1794.39,3786.53
2276.72,3867.43
2195.4,2677.17
1192.64,2662.3
1560.87,2612.25
3741.65,5130.85
5274.43,4740.77
2281.53,4730.57
2103.05,2641.26
2909.1,2998.59
2677.23,3558.84
7496.21,6593.82
3057.85,4266.45
2222.21,3087.75
2468.5,3401.45
4419.31,5689.26
1484.28,2619.53
2456.97,3998.06
3670.76,4571.79
4857.59,5889.1
3936.19,4350.63
2263.3,4056.82
3067.41,3681.35
3285.37,4949.35
5448.29,5371.61
3746.35,5628.45
2106.46,2857.27
1407.38,1465.72
2846.96,4130.44
3472.83,4332.99
2963.66,3560.96
2791.86,3226.05
6776.71,6309.3
3016.73,4151.63
4853.63,5420.21
5218.9,4228.59
2804.46,3859.81
3535.91,4826.71
3142.85,4008.78
2543.47,3543.49
3053.6,5529.76
5820.12,5631.29
2816.7,2966.81
1816.85,3937.28
2378.95,3713.93
1596.54,3556.97
2165.71,3817.79
1419.19,2175.04
1537.98,3101.78
1377.79,2278.16
5994.03,5468.55
1797.95,3193.22
2953.0,4097.88
2388.87,2327.62
1014.67,1769.12
2163.17,3936.47
2251.45,2274.42
4944.87,5661.73
3345.7,4719.41
3742.18,7432.63
3419.2,4488.87
2525.65,4071.29
2947.18,4086.81
1333.88,3093.18
6806.67,5969.08
2054.35,4666.67
4903.66,4836.47
3165.16,4701.29
3284.57,4982.41
996.61,2364.38
4418.84,5207.86
3073.4,4049.38
1590.38,3861.19
4421.66,5854.99
1065.56,2655.24
4333.93,3701.58
2718.99,3990.83
4344.25,4925.87
2736.27,4090.68
1378.15,1417.04
3581.17,4236.73
7488.6,4620.95
5053.89,5249.68
3334.37,4250.96
1965.36,3822.01
6937.77,5366.66
1773.13,3447.99
3225.54,3342.78
2494.83,4111.25
2627.09,4302.99
2019.74,4267.65
1858.02,3063.52
6131.67,6656.98
3648.29,5050.3
2304.35,4687.09
2459.59,3937.12
5812.84,5667.63
2923.08,3894.54
1456.84,1905.65
7966.09,5529.96
5073.45,5490.96
3313.96,4448.61
2096.56,3404.95
3258.3,3433.35
2464.59,3199.19
5310.49,5028.37
2850.78,4494.09
2916.49,3914.22
2438.76,3709.19
2046.64,3146.49
2276.87,2657.21
2916.35,4524.91
4136.95,5932.61
2094.97,2527.28
1329.61,2743.63
2040.27,3420.02
1844.38,3566.28
2217.0,3864.39
4546.81,5501.92
4775.48,6222.6
1735.84,2746.59
3601.51,3663.8
2034.09,3329.06
4610.66,5320.56
3555.83,5233.28
4845.46,5669.82
1964.29,3883.88
1623.84,3081.23
5221.22,6737.33
1848.3,3277.09
3701.0,4098.89
3927.14,5070.04
2112.57,2557.84
4168.65,5345.39
4123.89,5078.15
2462.94,4754.73
2350.1,4103.66
2302.11,3175.11
3456.17,4723.93
3413.4,4791.97
1170.19,1396.7
2511.41,4001.41
4156.7,5169.25
1118.82,2698.03
3652.87,4832.29
4670.03,5929.39
5370.35,5104.43
5586.66,5677.02
5904.02,4883.73
4201.77,4197.36
2068.37,3047.71
7033.68,4326.94
2268.77,3303.28
4451.36,3915.21
2954.59,4407.17
4305.52,4445.77
2309.89,3557.42
1947.4,3480.3
4267.52,5315.99
2738.64,3443.72
614.81,1629.74
3938.42,4010.35
3029.73,3731.76
1892.06,3689.98
1706.51,4221.44
2659.45,3285.61
3672.58,4765.64
3917.38,5106.07
1690.38,3605.05
1543.24,2949.47
2143.77,2867.88
4463.53,5264.9
3189.18,3421.18
2298.11,3989.1
4913.13,5432.55
3240.95,4711.32
4718.41,4930.43
2344.81,3288.42
964.79,3052.7
3219.0,3916.73
1303.21,1388.34
3707.29,3791.91
2233.04,3058.53
3950.22,8675.56
3859.49,5421.68
4370.03,4847.73
1679.48,4005.59
1791.74,3109.94
1354.64,1980.95
4196.52,4783.43
3411.82,3700.45
2266.59,3268.67
4458.04,3633.5
2687.73,3934.08
5665.77,5183.42
1993.4,3756.96
2269.8,3122.13
3258.61,4404.36
1396.29,3370.43
1987.87,3499.04
5467.43,2949.11
1485.76,2489.87
1780.18,2454.22
1605.58,2149.79
3947.68,4081.44
5855.32,5428.52
5734.87,4825.29
5168.54,5431.45
2679.32,3892.95
4057.82,4898.24
3034.98,4204.91
1059.54,2824.59
1544.64,2076.32
3686.77,4668.14
2805.55,4104.67
4806.94,7029.55
1034.22,2192.38
3886.23,5379.73
1614.65,2619.65
991.22,2603.83
2035.68,3345.13
3745.0,3353.57
4106.71,4834.08
1002.34,3036.33
2726.13,4149.51
3364.78,5150.53
2394.33,3236.51
2651.6,4102.18
1165.63,1380.31
5005.76,5253.28
2955.44,3818.45
2816.16,3876.17
2217.99,3725.95
1919.74,3648.57
5351.79,4933.72
2358.78,4054.53
3672.6,4427.99
2743.38,4149.5
3683.45,4448.12
2887.31,3869.1
3705.88,3535.79
1401.51,3061.05
4664.63,4750.83
905.0,1789.76
3949.73,4750.27
3267.87,4572.76
2884.1,3610.31
3635.82,4077.93
2681.85,3834.53
2285.43,4687.9
4088.57,5119.96
2421.97,3542.12
2658.35,3630.61
1831.0,2704.67
2372.2,4035.55
1923.3,2675.59
3142.78,4621.6
2839.89,3424.2
7163.07,4763.54
5968.51,6051.98
7824.75,6630.38
3269.13,3852.19
6516.16,5426.2
2203.88,3289.54
1911.09,4192.25
3907.48,4807.72
2474.3,3794.96
2642.82,3314.99
7050.41,7361.86
876.22,3003.23
1679.83,4173.45
2917.76,4949.06
2258.17,4259.82
1987.69,2977.93
1823.46,3528.32
4941.64,9723.09
4203.19,5071.26
1010.91,3034.58
5452.81,5941.79
2200.45,3863.82
1257.53,1399.62
1782.25,2608.75
4806.59,3944.39
4638.0,4782.54
6029.3,5719.37
1357.36,1431.76
2687.02,3233.2
5818.89,5210.45
4274.1,4262.19
4650.34,5277.23
2835.2,3686.72
1864.39,3162.26
2064.67,3182.52
4785.36,5315.55
3611.78,4060.37
2136.86,2511.24
2453.15,3847.58
2009.12,3603.38
3472.91,4167.52
2540.19,3250.2
2095.27,4219.98
2105.75,3686.06
1489.86,3329.7
4027.59,4768.03
2546.82,3653.86
6539.75,5722.65
1652.22,3825.57
2344.1,2897.52
2470.25,3109.34
2515.5,3784.49
831.49,3028.63
3933.26,5695.16
3067.13,3741.62
2640.47,4130.51
1976.57,2831.97
3944.66,4571.29
1904.09,2301.4
3675.4,4668.24
3266.27,4209.24
1934.25,3917.76
2426.99,3943.44
3196.01,3985.08
6600.98,4623.65
2661.72,3084.83
8359.22,7334.7
5798.61,5211.96
1299.3,2670.84
3303.79,3599.24
3348.87,4201.84
5460.59,5052.34
3157.86,3330.93
4119.53,4558.59
2310.27,4250.37
2915.4,2787.93
4648.49,4220.18
2487.08,3257.52
4613.12,4999.68
2056.05,3100.55
1937.4,3074.44
1891.89,2311.09
1996.67,3903.21
2516.5,4639.71
3545.58,3887.24
5369.61,4627.9
2819.08,4698.17
5001.31,4896.64
2759.44,3666.19
3541.28,5342.15
2076.18,4230.64
2537.75,3781.77
1680.79,3250.34
2584.98,3921.97
1333.63,3418.09
1412.49,2002.46
1702.79,2705.12
2964.61,4493.42
4098.82,4433.42
2697.86,2842.25
3195.21,4192.88
10609.3,5980.12
1915.6,3498.29
6444.69,5942.78
3785.35,5364.02
5426.81,5738.41
3879.79,5714.51
1464.4,3088.34
5731.17,4834.75
3018.13,5192.23
6000.76,5742.38
3074.51,3857.61
4134.97,4776.57
2404.11,4057.13
2951.54,3600.24
1854.21,3562.32
2953.71,3337.47
5502.8,3896.37
1178.43,2787.0
3235.19,4799.01
1953.69,2676.24
2579.73,4342.33
2544.79,4850.93
1773.97,2426.16
1635.27,3447.88
949.39,2444.6
2677.75,4189.5
3372.7,4402.43
8678.62,6978.95
1752.5,3123.13
1743.56,2788.21
3018.42,4383.61
2122.03,3064.9
2151.32,2625.9
1385.75,1388.97
2209.12,4063.01
2481.86,4142.17
3660.26,3266.21
2530.7,4062.14
4279.15,4593.75
4123.6,4807.26
3239.1,3203.97
1920.17,2978.32
3335.98,3651.24
1750.04,3175.78
5522.46,5051.8
1941.38,2887.98
1516.3,3244.72
2154.23,3154.7
2691.53,2368.62
1427.95,2840.37
10688.2,5450.5
3902.0,3554.41
2560.9,4688.55
2288.17,4009.86
703.52,2005.68
3121.92,3373.5
7141.55,5321.18
3430.02,5092.23
2258.51,4936.05
2059.1,3121.34
2429.22,4353.54
4255.28,5624.95
3598.62,4595.06
2635.4,3073.13
2802.46,3888.22
1891.18,2517.14
3143.37,5161.79
4720.54,4722.73
1270.69,3018.39
2481.69,3637.3
3331.42,4619.33
3461.58,4883.48
2998.56,4053.42
3209.02,4402.77
3923.07,4907.97
2124.09,3302.51
2528.33,4164.37
8624.85,8273.93
2531.65,4527.75
1485.93,3440.21
1625.36,3857.06
1403.29,2814.29
1237.89,3146.15
2026.88,3235.69
3995.1,4915.16
5171.36,4381.5
2143.5,3468.55
951.11,2360.88
4122.93,5334.93
5864.98,5773.39
5514.9,5739.91
3234.69,3807.63
3458.39,3810.96
4316.29,4493.74
3417.69,4575.93
2172.72,3652.18
1991.49,3385.48
1929.64,3902.14
2800.47,3069.81
4132.24,4894.71
4929.6,4889.92
1587.32,2800.49
999.92,2860.39
3021.29,3337.11
2587.54,4399.02
2602.54,3134.37
2260.08,3063.79
3424.79,3428.62
3423.73,5531.79
1683.8,3179.2
1305.26,1399.75
3127.67,3816.48
2517.36,3786.73
3136.01,4719.97
6594.5,5654.05
5469.69,6484.13
3250.58,4820.99
1095.61,2645.64
2035.65,3398.57
2423.4,3172.56
3413.76,4978.85
7815.98,5786.08
2041.97,3618.54
4511.98,5273.01
3103.59,3326.31
3655.87,4503.75
1913.37,3218.84
1798.04,2824.02
1157.09,1386.29
1914.66,3538.12
1417.36,2568.18
2392.42,3630.74
5349.23,5413.22
5027.55,5316.84
4143.84,5621.62
1173.66,2901.68
4281.03,4203.03
5690.1,5136.52
4142.78,4982.38
3691.19,4743.53
4671.61,5186.25
2884.07,4181.24
1614.48,3785.26
4625.5,3704.14
2135.19,1832.38
3185.34,3423.56
1604.92,2580.8
2999.34,4068.7
2310.47,4003.6
2835.72,3709.27
2880.35,3525.85
1132.85,2962.4
2565.36,3381.03
6247.54,5829.21
2683.55,3711.46
2952.22,3597.23
1960.13,3446.15
2375.56,3340.91
2081.09,3118.32
3083.94,4071.63
1922.91,2538.04
2809.09,4224.37
4765.85,4103.31
2269.07,3574.81
1294.82,1893.87
1761.68,3214.8
2908.12,3301.31
2900.31,4143.81
1225.73,1373.4
5194.19,5303.48
3917.47,4698.25
2579.44,4611.35
2186.9,3244.77
1832.51,3101.86
2229.81,2827.46
3292.07,3659.09
4197.81,15933.68
4902.23,5404.6
2155.68,4358.71
5696.49,5687.71
1397.78,3524.9
1612.55,2288.7
4629.5,3760.77
2196.12,3544.24
2091.34,3346.82
1002.09,3285.11
4350.43,5053.98
2416.66,3501.03
2787.89,3884.9
2028.96,3030.61
2202.92,4658.19
6360.54,5476.9
2550.87,3253.2
3400.36,4395.03
3308.6,4467.13
2597.5,4009.9
2013.19,3127.8
2406.36,3287.21
1434.75,3057.46
1792.01,3033.31
2185.94,3638.82
1934.36,3380.02
3153.69,3561.8
2236.99,2867.36
1638.28,3396.46
1675.53,2345.79
2474.76,4354.37
1636.88,3861.46
4880.69,6131.09
5344.8,5397.38
1079.78,2179.62
1636.35,3918.05
1436.98,3893.12
1519.03,2537.9
2807.95,4438.93
4157.59,5618.46
5139.42,5743.41
2668.38,2946.7
2562.97,3372.95
6899.76,5060.77
1463.04,2792.86
823.31,1494.81
2485.75,3511.24
1085.9,2871.67
1810.58,3598.03
5404.72,5382.92
2268.5,1872.73
2165.28,2992.51
2791.26,3319.61
1297.98,2779.54
3774.6,5423.83
1997.39,3439.4
1639.83,3488.06
4444.05,5634.25
1950.66,3575.61
1610.87,1438.46
6035.37,5808.18
2315.76,3606.58
2344.34,3694.23
2722.99,3476.65
4299.49,3962.72
4365.96,4640.96
3049.03,4213.12
1134.53,3259.44
1983.67,2357.24
2198.18,4580.16
2501.06,3920.0
2368.04,3384.76
5993.95,5820.08
5632.94,4441.28
4414.01,5233.79
2954.27,3267.68
3198.97,4503.55
1801.19,2541.44
2720.78,3925.19
5757.24,5486.99
1693.34,2754.08
1270.1,1420.13
2364.76,3247.85
2087.66,4611.65
2436.03,3435.91
1639.2,2725.23
1465.94,3270.48
2344.43,3650.86
5325.67,5911.77
3946.93,5604.64
2079.3,3072.15
4480.38,5380.33
3348.49,4345.64
5121.76,5493.72
2509.4,3717.61
4431.51,5229.1
3864.32,3746.32
2160.37,3972.99
1219.74,1384.62
2266.9,3264.48
1404.39,3036.97
3412.63,3625.68
1965.36,3211.27
5588.1,5542.15
744.71,2569.43
5399.2,6220.35
1811.15,1820.15
1769.85,2980.76
2590.43,4365.2
1986.49,3271.33
1170.87,1822.74
6972.1,6634.78
1994.21,3538.64
4156.1,5669.41
2528.9,4406.92
2198.69,3290.17
7215.15,6480.91
1775.88,2278.61
970.5,2633.06
3778.38,4329.79
2231.49,4692.73
3436.25,5072.55
4111.01,4811.0
3463.31,3788.44
2104.62,3612.97
2500.82,4698.85
4358.5,4909.44
2156.81,2561.55
1648.33,2735.18
4789.77,5052.18
1377.57,2829.71
2421.45,3557.14
964.03,2688.06
2771.69,4137.44
3279.32,4262.44
2795.62,3280.64
2378.76,2083.41
4571.64,5966.48
4365.94,3750.67
3593.99,3435.07
1030.95,1804.23
670.31,1960.59
2277.59,2839.64
5112.58,5626.54
1934.49,3865.7
2213.15,2685.08
3530.53,3693.24
1181.01,3862.2
2296.04,3192.29
4836.3,5400.86
1391.77,3382.44
4966.71,4704.48
3379.08,3893.51
4550.41,5498.13
1696.75,3008.51
1056.43,2854.72
3029.49,4183.0
1432.31,3293.59
2469.55,4719.27
2441.92,3705.95
3799.61,3546.69
2612.27,4244.52
4581.79,6261.7
1942.37,3209.46
1660.0,3231.89
7662.6,14909.28
4373.52,4773.2
2729.66,4217.96
3554.48,4593.05
2092.33,2938.28
2274.58,3893.58
1086.44,1990.53
4258.63,5640.92
1497.51,2076.39
2091.76,3724.54
2754.92,3499.2
1215.21,2151.51
2078.87,3155.45
2176.65,4133.37
4649.46,5110.72
2627.84,4169.26
2686.53,3639.43
2258.41,4148.17
1281.93,3191.04
2277.01,3900.67
2792.16,3670.02
3184.34,5344.32
1884.01,3204.72
1516.68,3429.79
2106.1,4008.78
3193.03,4479.43
2236.2,3070.06
3155.95,3391.82
4703.49,4891.71
3657.19,4445.7
3477.31,3347.91
3080.47,5165.0
3229.75,4946.3
3193.02,4049.63
1298.16,2769.82
7657.03,7043.33
4411.62,4808.66
2927.62,4099.77
2541.47,3764.79
3131.06,4148.23
2360.25,3980.31
7492.59,8373.03
1592.39,2941.48
1294.46,2399.4
4315.48,4989.04
1813.06,2342.38
3187.15,3834.18
1479.04,3727.7
2050.58,4199.2
1906.15,3447.51
3094.59,3726.78
4728.28,4203.28
4929.94,4732.87
2309.84,3327.12
4556.29,5278.41
4564.35,4515.11
3436.01,4764.69
3357.61,4029.98
2917.47,3914.83
3559.45,3750.63
2343.63,4038.91
5399.29,7877.91
2104.69,4168.67
2734.9,2380.44
2466.84,4693.56
4231.2,3683.49
4087.29,4466.33
1887.59,4014.61
2533.6,2973.49
4687.73,4216.08
4619.47,4991.39
1967.34,3023.4
1936.0,2665.86
4069.19,4727.18
2513.01,2961.44
5141.48,5768.05
4074.84,4645.5
2298.66,3532.78
3870.44,4142.74
1545.05,3586.01
1900.94,3069.67
1940.88,2315.04
1498.32,1373.01
2290.89,3314.65
3929.1,4604.51
1038.37,1792.39
2987.96,3657.43
2505.87,3302.27
1448.87,2062.11
5756.4,4763.72
3358.81,4933.83
3052.09,4047.1
7330.33,13917.97
1585.62,3261.37
3087.81,4652.09
4472.93,4276.1
838.54,2446.71
15061.6,8617.68
2645.59,3870.51
3263.56,4699.48
4841.71,4921.02
4540.51,5213.25
1057.74,2462.34
943.83,2684.23
6310.07,4669.84
4452.34,5256.7
1985.34,3067.44
1685.68,2974.13
4962.02,4700.99
4071.43,5057.62
1566.58,2420.25
2498.32,3938.19
1558.8,3469.3
892.92,1775.78
3942.1,3790.5
2073.0,3459.07
4428.69,5177.49
6165.97,5911.74
2060.41,3026.11
3708.83,4155.12
1773.95,3041.51
1361.9,2458.74
2523.87,4601.17
2328.59,3884.86
3953.43,4830.77
2939.25,3715.79
2831.0,4078.72
2230.57,3791.88
2403.58,3918.38
2801.59,3393.61
2495.32,3846.23
5239.14,5848.73
2217.03,3036.5
1575.72,3325.86
2345.26,4800.08
2470.21,3345.32
3597.67,4527.33
3531.51,4571.09
2367.23,2381.71
1928.76,4495.44
3542.33,3634.06
2924.8,3956.87
2900.9,3786.53
1153.66,1404.39
3202.94,3446.27
5537.76,5440.67
2206.13,2602.63
1059.46,1278.09
1381.28,3364.0
2329.17,3273.35
2890.8,4326.65
2397.02,4321.98
2436.02,3558.57
3677.22,3964.06
2443.89,3272.32
1415.37,2843.34
2437.74,4017.1
2042.97,2867.45
4392.49,5541.74
2329.12,4069.24
2260.71,3203.35
3447.28,4206.62
7784.35,6106.7
3741.74,4188.26
4145.07,4443.08
2000.49,3862.82
1663.32,3967.88
3379.45,5101.07
1955.71,3085.66
3832.71,5167.67
7662.6,14909.28
2441.92,3271.48
3310.36,4440.99
2329.12,4069.24
9429.23,5481.13
1941.47,3216.78
3076.65,4266.05
787.7,2951.92
3231.1,3598.85
3335.49,3909.83
2622.94,3232.89
5632.79,5584.75
4757.39,4765.74
2501.88,3321.22
3582.45,3755.54
1965.07,3581.78
1756.83,3125.52
5709.04,5139.87
2662.48,4189.3
2696.19,4131.76
7768.21,6005.6
5049.48,5778.2
2558.25,4116.93
2175.83,3075.84
2786.87,3574.55
3574.51,4612.47
5385.16,3469.22
2124.58,3439.63
1715.84,3223.35
2129.51,5419.46
3710.12,4356.02
6155.29,6633.98
1678.47,1427.47
2199.7,3206.15
3663.91,4800.53
2053.33,2862.93
2716.2,3816.86
2131.65,2633.25
2191.06,3097.08
3523.23,2455.73
3433.18,3662.1
2469.89,4605.89
1462.64,1440.56
2411.08,3633.0
2766.62,4422.38
3762.13,3988.4
3876.91,5061.0
2545.59,3542.91
2889.01,3213.64
3477.8,3815.12
3952.05,4181.96
4081.49,4062.27
5379.81,4729.2
3293.87,5147.52
4255.64,4765.34
4041.12,4325.03
2058.85,2729.61
3675.36,4804.74
2090.99,2705.58
2192.31,3078.69
3226.34,4449.99
2980.08,4326.47
2581.58,4933.21
2213.7,2629.77
5505.59,5752.08
4400.52,4645.06
1744.64,2110.31
2658.6,4671.44
2475.18,3768.94
1362.48,2604.36
1846.69,3020.72
1582.4,3085.56
5901.64,4854.09
1983.18,3195.74
3548.23,3718.89
1238.1,2549.59
1714.88,3447.89
5463.33,5370.85
3898.37,5675.53
3957.51,3990.85
2789.08,5343.53
1886.2,2387.65
4643.95,4336.27
2241.37,3234.83
4508.81,4294.4
2012.8,2573.35
3276.75,4395.77
3315.14,3919.41
2330.83,3152.09
3650.33,3110.18
5923.34,5740.9
1990.35,2769.2
4307.07,6516.33
1305.06,1919.47
4335.01,4448.5
3051.67,3577.55
4707.52,5540.48
2720.69,3877.57
2711.19,4761.94
2538.82,4688.82
2741.72,3209.45
4052.31,3858.79
6981.09,5238.05
3825.36,5694.64
1027.02,2187.27
3027.94,3776.1
2376.05,3870.92
2347.1,3861.15
2358.13,3309.59
2560.17,3868.55
1770.68,5632.51
1857.21,3086.6
3983.63,4843.92
4264.65,3899.04
1942.9,2345.16
2208.22,3512.26
2514.42,2722.4
4695.0,5643.02
5414.72,6220.49
2244.57,3989.12
2193.06,4275.44
2861.6,2564.14
2453.58,3974.45
2172.4,3598.39
2024.73,2081.93
1820.67,3750.61
3686.31,3480.69
3772.2,4147.04
1459.72,1864.75
1484.57,3791.14
3212.04,2439.11
2934.04,4389.44
5471.24,5732.44
4142.24,7966.17
1840.18,3331.77
2081.36,3794.33
2342.93,4144.7
2511.11,3419.19
2128.24,3216.97
4540.89,5430.44
3901.04,4649.14
2381.06,4204.51
5009.7,5376.99
5001.03,4565.65
3074.03,3678.36
1460.67,2805.63
1508.44,1872.73
4433.23,4144.58
4555.51,4236.51
3048.41,4676.0
2738.15,4544.81
1565.96,2400.42
3815.93,2910.36
1750.89,2534.18
4210.93,5642.95
3767.59,3392.09
1244.68,2915.92
1956.15,3729.6
5428.41,3860.76
1102.54,1389.21
4373.72,3880.09
1075.75,2848.03
2057.55,3118.55
2268.04,3232.42
866.32,2657.96
3122.63,5168.68
3205.08,4321.31
1404.16,2750.97
3908.9,4575.36
4936.14,5721.13
2251.69,3919.65
4514.78,4345.79
2154.79,4237.49
7071.49,5556.58
2182.33,3527.56
4118.62,8289.63
2233.46,4766.27
3511.46,4906.76
2369.53,3628.62
2119.87,3151.18
2139.74,2322.38
1810.92,3344.38
2243.5,2664.94
1254.33,2532.62
2369.2,3923.48
1592.0,2465.76
3097.26,4646.56
4249.9,5484.28
2472.62,3340.23
4419.37,5263.11
1099.04,2544.31
2703.22,4371.59
2983.4,4708.85
1818.85,3831.55
3189.98,3546.71
2087.21,3825.67
3296.89,6206.71
2233.47,3657.27
2721.71,4887.15
2195.06,3191.08
2199.44,4006.47
4254.83,4192.64
3824.47,4596.8
3516.46,3377.93
1051.88,2800.3
1781.11,2610.01
2436.65,3069.01
4428.69,4148.65
2743.21,4037.82
920.76,2590.49
3045.84,4019.56
3708.5,4913.21
1303.46,1875.93
2987.26,4416.91
3579.25,4142.23
3981.74,4241.98
3153.35,3607.55
1930.62,3970.86
1860.78,2921.2
3074.33,4580.22
2338.29,3818.38
5520.05,5752.95
3155.88,3934.16
1924.75,3776.93
1285.49,1456.63
1997.39,3062.23
2136.64,3219.87
1108.14,2210.15
2158.96,3106.1
4849.37,5632.92
1388.97,3069.39
3588.49,5135.9
2923.97,3379.54
4437.36,4323.44
2938.06,3423.31
9208.53,25372.78
2169.1,2832.93
1611.16,3611.37
2890.79,4624.24
3608.16,3732.62
1619.82,3862.6
2512.04,2923.24
1953.36,2483.15
2088.79,3683.32
3281.06,4069.27
1951.89,3224.68
1223.03,1394.06
2107.19,4170.45
1739.21,2448.45
4303.12,4566.58
3157.68,5111.32
2003.54,3278.33
4546.92,4759.7
5594.34,5312.53
2974.48,3975.37
1019.47,2857.21
6978.87,7064.51
2745.54,3406.45
926.57,1775.86
2255.76,2931.93
5071.12,6306.32
3844.19,4441.52
4027.29,4255.17
1892.84,2445.52
1872.65,3348.99
834.87,2005.4
2779.11,5301.2
4019.05,4823.21
5269.01,4829.26
2053.05,3487.31
4707.3,4878.04
4285.9,5054.03
3167.7,4864.07
2255.39,3614.75
2899.05,3155.51
4593.32,4183.3
1357.52,1850.34
3783.72,4269.44
1775.25,3091.18
3509.6,4202.82
1841.76,2554.94
3301.84,3987.7
4628.05,4491.36
3157.16,4306.0
3746.61,4733.49
4355.73,4084.95
4427.76,4966.57
1965.91,3211.65
2741.16,4022.52
2832.7,4470.41
2546.11,4290.56
2740.85,4020.44
831.42,2616.75
4198.28,4844.29
4430.78,5128.56
4625.75,5141.92
3739.7,4734.18
4593.12,5302.88
1897.05,2979.04
7413.51,7163.23
2297.03,4707.67
2083.88,2366.55
3045.64,3786.68
4004.73,5197.11
1270.09,2862.43
3256.07,4578.45
8153.82,4942.04
1061.71,2479.47
1234.16,2663.98
2041.3,2993.9
2681.19,3368.24
2349.31,3400.57
1153.31,2534.28
3520.42,3819.17
5333.36,5627.63
4818.13,5171.18
6093.07,7721.76
1382.79,3295.05
1202.79,2847.68
2107.78,2868.36
4431.14,4632.97
784.93,2624.99
1006.2,1787.6
4182.12,4978.23
1754.18,3631.15
1951.48,2775.51
2896.99,4281.07
6634.52,5749.5
1016.14,2585.83
4270.46,5136.81
1553.38,3213.57
7574.6,17886.14
997.68,1834.91
2375.69,3460.02
3760.69,3507.3
2828.07,3243.77
3777.16,4477.92
2999.8,3744.71
2467.16,3999.43
4190.79,5379.51
2849.05,4568.12
1239.52,1380.14
1753.3,3195.24
3580.3,3332.71
1911.04,2987.98
1478.75,1997.88
1091.67,2883.98
3310.6,4890.66
4619.97,4025.57
1958.01,2926.9
1694.52,2683.66
3204.83,4646.44
4858.4,5156.61
2921.46,3666.71
1818.49,4301.5
1291.85,1874.05
4068.05,5607.96
7056.07,6123.66
3807.8,4552.88
2053.66,4035.67
1583.97,2986.93
2695.21,3885.46
1460.5,1623.85
3793.44,4775.72
4830.3,4957.3
2591.19,3894.49
706.23,1663.72
2317.88,3737.89
3681.39,4721.87
2130.0,4693.9
4341.54,5643.87
3499.22,4902.13
5546.02,5832.81
1803.85,3187.47
1466.95,3443.29
2272.04,3806.42
5063.9,5528.54
3676.65,3176.93
2359.93,4065.09
1676.66,2789.85
1888.79,3482.08
2016.98,3801.44
2243.02,3132.92
3420.23,4780.71
1896.59,3096.86
1964.63,3112.9
4359.15,5231.92
1461.09,3345.74
2616.06,3600.64
2001.75,3101.61
6743.11,6177.4
4461.76,4565.74
3300.87,3543.71
2837.49,4160.39
2705.01,4378.23
2935.85,3544.95
2192.64,3346.47
2649.15,3798.58
2478.0,3777.63
2111.62,3079.38
792.26,2690.61
3893.45,4270.04
1998.71,3759.87
2059.9,2685.9
1560.12,2773.19
3984.43,4895.37
6167.47,6642.21
4749.56,5516.79
3191.95,4776.98
5028.97,4171.66
3380.24,4989.47
2241.77,3231.85
2740.54,3082.78
2618.17,3668.39
2082.51,3546.09
2253.28,4716.83
1129.2,1781.26
1878.12,2414.44
3883.14,5697.67
3611.48,4606.22
1976.45,3217.49
1525.59,3079.76
6212.76,5763.24
1666.62,2578.98
4903.15,5800.2
3156.27,3851.14
2100.21,1750.25
2940.88,3409.97
3732.35,4543.63
1146.33,3318.97
2787.8,3425.95
5905.33,4469.89
3666.32,4624.34
5531.49,4727.51
5708.46,6231.52
2251.1,2458.31
3159.26,3788.61
1438.87,2815.71
2889.01,3213.64
2600.77,3525.6
2287.67,3126.03
4550.31,5255.86
4067.03,5069.26
1514.59,3982.51
4132.31,4902.71
3081.5,4398.76
1659.17,3442.5
2653.41,2909.4
2047.68,3210.79
1451.41,3687.54
8482.64,5358.35
3000.9,4185.32
2201.86,4002.12
1885.04,3670.31
1926.13,3539.3
2168.65,2724.67
6494.2,5532.6
6351.19,5534.85
2636.71,4190.06
4144.92,4530.89
1290.94,2876.99
1567.08,2615.73
2847.63,3371.67
1971.89,3344.56
1821.33,3077.75
2622.46,3983.92
1818.97,2610.08
2599.86,4001.41
1166.4,1809.08
3073.14,3732.15
5473.46,5110.2
1649.94,3458.4
3829.95,5009.01
1772.16,3545.09
2406.14,3272.3
5038.49,4798.29
1510.5,3494.72
2969.65,4176.51
3413.68,5056.62
2487.07,4667.94
2517.92,4255.18
2194.21,4172.28
3862.34,4428.53
1819.77,2828.77
5386.61,5613.03
3337.36,3304.76
3577.01,2025.14
2134.16,3232.07
1547.33,2956.65
1446.73,2757.21
1941.58,3025.11
2524.58,3783.76
3737.63,4261.49
1980.66,3220.13
3252.58,4381.7
1964.95,4003.69
3315.37,3826.3
2506.67,4018.99
1387.82,3153.68
4397.84,4765.84
1615.52,2995.19
2875.63,4359.35
2394.86,3269.13
1567.48,2018.24
2163.73,3260.19
2021.37,3247.51
3566.6,4328.25
2171.55,4878.06
1316.87,3575.25
3111.14,2128.44
2179.32,4734.94
2313.09,4605.86
1099.65,2860.03
2936.4,3765.55
4059.35,4757.51
3895.45,5696.71
2609.23,3376.86
1431.79,2744.86
2165.83,2731.12
2630.09,2592.4
4132.93,5242.88
4366.95,4733.99
2927.52,3608.86
2435.93,4772.96
2270.42,4479.08
1662.5,3288.79
4317.37,4285.48
3745.58,3506.45
3110.54,4162.66
1207.53,1896.45
2041.62,3864.61
2051.8,3807.47
4574.17,5245.87
3994.72,4515.2
2438.22,3865.61
5379.19,4788.77
1245.37,1397.43
1625.63,2793.87
1454.91,1441.35
2534.57,3846.86
708.8,2562.83
1143.04,2060.57
2569.94,3321.95
1968.28,3614.61
1989.03,3083.41
1308.87,3441.92
3145.39,4756.58
4596.39,5359.06
2890.66,4189.5
4090.03,4852.98
3772.61,4823.72
3197.81,5802.36
4355.15,4577.9
1672.17,3071.41
1966.0,3350.09
3593.03,4700.01
2250.96,3957.92
2613.85,3571.56
5657.66,6474.82
3200.44,3417.29
3975.19,4386.83
3819.99,4294.71
5995.05,5111.41
3383.32,3899.07
2373.25,4951.49
1890.41,2723.57
1826.9,3526.85
2537.11,2907.8
2097.15,4009.65
1209.71,2727.17
2857.27,4354.57
2426.07,3896.48
5642.51,4675.01
1950.31,3632.53
3658.4,3407.53
3231.82,4478.09
1093.24,2810.05
2849.05,4568.12
1154.67,2520.48
3699.13,5597.95
3003.89,4379.06
1961.37,3779.85
1724.39,4047.35
2387.52,3193.05
3332.11,4709.48
1000.24,1899.92
2486.83,2907.32
3522.25,4942.26
4872.79,5525.39
1560.54,3392.46
1706.49,3084.83
4649.62,5237.73
4195.74,4580.48
780.65,2420.91
6045.71,6056.76
2787.06,3787.3
1579.7,2165.29
3189.17,3909.78
2198.83,4158.23
4303.71,5618.69
3124.1,4079.5
5470.52,6234.7
2691.87,4351.93
4125.16,4251.19
1224.99,1892.47
2276.04,3086.02
2175.34,3812.04
2660.62,3469.7
6589.23,5816.2
4305.83,4555.76
2301.59,3669.06
1933.19,3624.63
1210.26,1386.13
1682.41,3027.59
2697.65,3346.77
2294.23,4087.29
6144.28,4287.95
1080.35,2698.91
3031.46,3972.02
2561.4,3208.07
1319.11,1464.85
2495.22,2977.99
5651.96,5773.15
2016.63,2449.63
5056.03,5950.67
4137.4,5407.78
3798.75,4529.22
5413.77,5323.82
1547.84,2761.33
4124.51,5693.95
2461.38,3184.41
2616.33,4138.2
4862.0,7768.97
2676.89,3510.08
3072.24,2749.74
4476.4,5900.85
2484.22,4619.64
5396.28,6201.96
2602.83,3766.02
3669.66,3675.53
7815.98,5786.08
3220.12,3805.04
2053.58,2482.05
4213.32,5129.73
2425.45,2343.23
2449.85,3715.44
2198.97,2217.83
3123.33,4012.57
3126.41,4203.73
3332.38,4415.95
4799.59,4864.58
2668.12,3355.51
2486.0,4154.05
1677.18,2691.26
3786.14,4585.59
802.06,2046.86
4882.24,5689.04
7136.15,6178.03
2709.07,4049.99
2006.54,3241.6
2286.4,4056.61
3331.47,4778.24
2022.45,3063.56
5127.69,5725.85
4055.67,4664.92
6057.47,4514.16
2510.61,4288.78
2373.55,4149.27
2596.98,3213.12
1724.73,3795.22
1615.77,2742.99
3804.93,3754.06
3527.2,3753.54
4503.86,5514.33
2156.07,4267.2
3699.97,3361.95
3882.21,4946.06
3380.94,4953.54
3046.72,3640.13
1813.44,3300.18
1943.59,1970.96
3815.52,4662.24
3478.21,3849.78
3617.75,3920.84
2140.36,3456.17
1108.79,2654.13
4036.89,4829.75
1209.17,1385.8
1375.92,1895.46
2549.84,4074.38
1726.71,3179.16
1859.9,2988.76
1731.45,1965.92
5639.46,5469.22
2668.33,3723.01
1625.16,2522.02
1878.82,2942.94
5272.71,5244.58
1950.22,2518.12
2403.52,3829.42
2653.69,4149.95
1703.52,2739.41
3501.04,4985.51
4707.42,5320.38
4482.6,5608.9
2550.85,4661.94
1994.8,4088.96
4600.7,4525.69
3114.65,4231.02
3415.26,4157.28
1413.22,3487.33
6586.19,5513.01
3737.45,5231.36
1843.57,3307.87
2813.95,4673.02
2076.75,3553.05
3460.16,4030.09
2400.32,4686.63
2569.2,3288.13
2344.76,3598.75
3284.55,4422.79
2328.06,3902.31
7997.32,10690.43
2106.49,2056.41
1467.14,2149.79
2966.53,2775.54
3062.04,4024.47
2875.31,4181.14
3355.54,3436.26
3403.59,2450.73
3743.19,4239.95
3144.98,4694.9
3271.71,4245.34
2474.59,2169.96
6768.57,6381.24
2154.56,3160.99
1656.99,2512.43
3950.06,4499.68
2491.68,3285.6
2577.65,4112.97
2199.93,4235.89
3458.19,4712.36
1733.1,3218.95
2742.84,3601.61
1910.75,3122.03
2407.59,3273.84
2112.31,4270.91
2642.39,3243.3
3547.66,3873.74
4478.84,4807.3
5876.55,4611.44
6217.29,5967.51
6209.12,5652.57
2422.37,3576.22
2422.94,4099.2
3679.5,5063.13
1876.59,3570.57
4795.52,4868.65
4792.32,4471.25
2320.41,4187.69
3471.54,4140.62
3995.03,5402.59
5566.88,5391.12
2195.93,3549.39
2975.02,4073.88
1867.52,3852.3
1096.08,2249.74
1956.5,4166.37
2926.68,4495.69
1279.05,2793.25
2250.87,3491.55
5771.92,5706.54
1415.02,2267.62
2126.36,3425.87
2487.07,4072.26
4399.12,3781.22
2676.25,4352.56
2164.14,3428.27
3089.45,2598.9
2271.56,2742.82
3317.07,4614.03
3897.46,2139.11
2118.57,4006.01
3530.39,4681.56
2390.01,3898.5
3381.37,4187.27
3018.29,3334.04
3303.99,4136.06
2241.46,3040.19
4372.62,3617.81
3761.38,4112.53
4261.81,5700.14
3010.28,4141.48
3185.33,4263.27
6635.19,6288.22
2130.99,3071.38
2121.94,3232.54
2830.9,2780.82
3819.99,4294.71
2613.88,4635.26
4084.4,5219.86
1105.11,2667.87
4044.26,5691.37
1891.41,3467.54
1491.16,3339.26
2125.42,3048.0
2469.43,3279.19
914.62,2641.77
2969.21,4429.25
1407.6,1417.15
1991.35,3018.5
2617.06,3563.79
4312.04,4361.56
4760.36,4940.46
3379.04,4147.04
6927.53,4610.54
3647.28,5101.04
2386.94,4180.09
4624.78,4467.37
2011.94,3783.96
3205.59,3699.38
3755.13,4537.39
2895.24,4449.66
4787.17,4969.13
3209.63,5052.79
2343.37,2658.4
3875.84,5701.25
2787.61,4491.7
1951.16,4038.35
3178.66,4148.92
5744.82,4565.61
2883.68,3991.59
2983.07,4428.18
2193.58,3319.48
2030.24,3509.01
2863.68,4037.82
4814.93,4644.75
5476.76,4652.68
1516.95,2556.18
3988.94,5117.44
1128.84,2368.24
1920.64,2658.69
1328.02,3330.94
1589.67,2803.54
4433.71,5539.31
3224.55,4287.46
6416.85,5596.34
1814.7,4020.05
4507.56,4191.28
2539.84,3805.24
2419.57,4709.0
2275.7,4280.36
5445.66,5661.61
1215.91,2703.82
6712.24,6350.48
5397.79,5717.21
5471.02,5744.84
3304.27,3330.64
2689.09,2367.72
4787.93,6638.93
3658.4,4381.58
1593.57,2381.65
2942.77,3335.3
1445.32,2997.35
7125.59,5551.46
2895.33,4108.73
2474.74,3521.28
2557.28,3949.62
2252.12,3456.61
1973.91,2546.3
3231.85,4588.37
1356.05,3143.51
3354.42,4225.09
2627.77,2859.05
1427.01,2382.54
4940.2,6036.58
4349.18,4775.77
3766.12,5230.35
2394.62,3765.98
1899.33,2967.78
5557.46,4478.74
4363.1,5326.2
5321.88,6389.58
1785.91,2738.01
2710.78,3671.82
1692.03,3038.96
2465.48,4077.21
2518.74,3262.79
1289.59,1828.86
1878.44,2615.4
3531.4,4939.87
4802.23,4271.13
2681.51,3085.61
2133.78,3050.8
2685.74,3807.64
2178.09,3183.04
5290.23,5044.89
2548.22,4579.17
3399.62,4767.58
2672.58,3256.01
4038.94,4429.03
2004.73,2742.75
2318.68,3537.65
1250.59,2802.58
1668.35,2098.54
3547.35,3749.56
3936.25,4470.8
2891.07,3984.8
1643.42,2950.83
3134.89,4141.96
1934.45,3571.29
2231.0,3717.53
2284.17,3330.6
2562.62,4015.6
5095.29,5060.94
1886.6,3119.66
1859.12,3834.9
3563.51,4859.89
2431.27,3695.2
1947.51,3367.39
1417.36,2568.18
4104.77,4919.28
4159.96,3923.14
2648.15,3423.12
2492.05,3751.91
5074.55,5480.08
2202.89,3540.42
2157.93,3734.3
3164.25,3620.65
3420.23,4780.71
1494.46,3070.49
10001.5,5392.34
2253.77,3141.04
1219.79,2264.21
2559.97,3433.07
2217.82,3981.34
2266.84,5068.07
2070.56,2813.95
2128.48,3723.3
2730.06,4129.2
1550.07,2735.58
6048.66,6293.45
2566.03,4334.8
2093.38,2634.96
4269.24,4910.08
2802.04,3236.78
1859.66,3855.93
1790.61,3659.92
1497.6,2580.46
7622.2,5865.71
7566.16,7933.97
1550.33,3884.53
3231.79,4418.94
2804.3,3828.89
4577.49,3489.26
3622.59,4742.71
3994.9,4553.2
2437.63,3444.11
2243.91,3359.01
3075.37,3548.28
2369.44,4165.68
1883.86,3794.07
3963.61,3508.93
3244.55,3310.72
2407.45,2286.29
1902.19,2538.07
2227.04,2891.14
2484.93,3451.02
2215.0,4560.62
3795.61,4640.15
1540.53,2810.88
6785.15,5795.51
3239.17,4310.43
2479.51,4302.46
6939.83,5427.05
7018.28,6633.51
2327.25,4229.35
4697.81,4524.47
2400.29,3911.8
5080.51,5097.86
3184.58,2376.53
4146.99,5604.18
1066.98,3226.19
6243.89,6431.85
4939.12,4688.77
2516.11,3250.69
3565.58,4391.12
1154.43,2644.1
2068.69,3118.27
3258.48,4117.3
3891.42,5120.43
2264.29,4037.81
2071.67,3757.25
1123.89,2529.08
1109.97,3113.95
3346.78,4080.81
6172.93,5032.61
2099.45,4659.7
2807.42,3795.39
1209.23,1395.93
2554.66,3498.29
7427.69,5847.24
1554.49,3115.16
2256.67,3840.17
2745.36,2521.21
1542.81,3074.59
1953.62,2520.46
2509.05,3416.85
3275.3,3642.85
3827.42,6284.05
1844.23,2247.01
3122.01,2689.3
3856.05,4848.46
5099.7,5665.35
1282.23,2108.94
3168.57,4478.19
3596.88,4458.35
2159.64,3953.93
4444.32,4368.62
4822.02,5354.66
5290.92,6221.5
1610.42,3116.46
2128.09,3553.89
1130.63,2535.93
2605.89,4298.1
5795.51,6590.75
3129.21,3828.18
5585.11,5257.18
2390.64,3123.78
3126.66,3479.18
728.08,2566.29
2082.74,3124.36
5532.94,5263.69
2873.55,3487.17
2924.82,4143.64
2212.86,2553.12
2915.33,3785.51
4395.57,3926.84
5628.94,4666.4
1044.96,2694.79
3149.93,3596.59
2319.01,2217.94
1211.12,1408.76
4123.09,4948.22
3919.3,4522.38
2408.76,3274.51
1622.58,3232.84
2708.21,3900.11
3362.65,3714.67
4505.87,5118.21
3665.47,5551.76
4001.65,3007.64
4006.8,5575.96
5520.71,5372.99
2580.8,4207.12
2813.69,4758.68
1910.75,3122.03
2277.49,3768.55
2177.76,3091.22
2194.25,4363.88
2499.31,2855.21
2575.68,3485.44
6820.67,6305.21
2158.91,1791.59
2088.6,3037.92
2007.06,2708.22
4173.15,4821.94
2347.79,4818.02
4192.82,4779.47
3894.09,4320.32
3848.83,3887.11
2197.48,3070.91
2196.97,3563.22
3100.11,4112.78
6550.06,5816.11
2083.09,2618.78
2986.95,3303.06
5876.85,5156.38
2723.0,4008.22
2500.82,4698.85
2622.98,4495.27
1696.63,3081.53
3410.9,4690.2
739.6,2195.69
4664.8,3430.42
1819.33,3237.6
1124.17,3039.59
1013.13,2460.13
2782.38,4050.6
2000.37,3131.48
2625.8,3660.38
5420.81,4399.5
2508.89,3399.23
6520.19,5791.95
1531.4,2914.63
5404.14,5269.01
2029.58,3105.62
2643.54,4133.57
5970.64,64877.45
1727.32,2790.81
1233.67,2098.7
1655.63,3444.62
2786.26,3888.01
2058.47,3280.75
5287.12,4963.48
2136.51,3857.89
4320.72,5330.74
3273.89,4136.31
3756.21,4447.15
1370.27,2553.87
2838.13,4435.32
4400.93,5627.15
3678.2,4851.61
1590.44,3108.75
2318.38,4186.1
1572.37,2551.5
2528.78,4508.67
3184.66,3761.56
2917.52,4574.15
7972.8,6817.58
3443.96,3433.39
6787.51,5259.46
5161.47,5434.06
2668.49,4637.29
2902.38,3770.63
3836.19,4609.63
1949.57,2574.04
1943.85,3447.82
3829.22,4422.04
2354.26,3431.52
3019.0,4155.36
1563.92,3091.55
2047.12,3274.71
1746.52,3915.02
1867.3,4005.44
2590.37,3119.78
2271.33,2079.62
3832.37,4582.09
2037.84,2827.16
2761.1,4191.82
3154.91,3588.69
1975.73,3876.12
1923.45,2744.57
2459.06,3587.44
1559.87,3756.84
3345.02,4664.57
1104.14,1995.08
4897.44,5618.39
3595.89,2591.04
8374.66,6425.6
2696.69,3931.92
4826.84,5364.55
2843.44,4600.53
4379.67,5719.12
2404.27,3587.02
1938.27,2529.28
6714.32,5873.46
4376.42,4867.46
1412.28,3056.18
1541.41,1444.22
3444.49,3215.63
3826.1,4302.71
2024.25,3251.09
2941.17,4165.98
1413.38,2963.74
2222.54,4236.09
3641.32,3712.1
4273.1,3688.58
2202.56,2803.15
786.11,2541.36
2868.96,4228.6
4962.47,5705.21
4491.64,5620.04
3040.43,3175.33
4772.62,4636.76
1623.85,3003.48
1468.45,3333.1
4679.85,5977.06
2313.44,3489.88
5703.54,5426.73
3789.33,4190.72
2115.58,3075.43
2406.63,3288.88
2920.12,3815.16
3541.51,4716.26
1263.08,3212.68
6364.02,5326.06
2601.85,3841.16
5181.54,5267.3
1985.39,3550.93
3247.7,4799.63
3059.71,4128.23
3133.01,4100.25
2057.73,4218.09
1515.81,2773.01
2034.93,3065.99
4447.65,5176.8
2907.84,3799.46
3352.56,3857.66
5487.74,5451.2
2414.99,3673.69
3197.74,3293.27
4589.71,5272.86
2611.02,3464.94
2500.26,3157.63
3225.22,3470.94
2328.22,3274.0
3797.18,4053.71
2774.37,4139.28
1991.85,3476.2
1236.51,1380.56
1018.01,2744.08
2683.48,4803.41
4035.82,4335.36
2568.92,3504.61
4143.47,5081.1
4220.68,5170.45
1055.81,2859.97
1599.34,2794.65
4711.32,5133.82
4301.91,5132.49
2527.14,3183.22
7312.43,16644.52
3582.36,5653.39
1194.76,2763.29
3554.24,3813.12
5046.52,5270.7
1291.16,2194.57
2180.68,4124.55
2756.99,4329.95
2806.82,3363.45
1797.36,2766.96
5346.12,5132.49
1094.36,2843.91
2246.98,3547.89
2080.8,3146.81
2051.35,3294.6
3595.86,3980.12
2391.32,2976.74
1580.03,3097.04
2622.65,4143.31
4796.57,5536.62
660.26,1788.09
2379.75,2836.05
2713.38,3322.61
1583.12,3167.42
2076.9,2700.87
2558.14,3971.69
3802.63,4954.38
2358.17,3950.23
3355.54,3436.26
3033.61,4406.09
1937.71,3847.5
2218.17,2753.6
3292.97,4092.23
2921.04,3535.91
2065.38,3481.57
2089.46,3422.2
2813.03,2360.6
3835.55,4676.18
1526.39,3758.53
3213.44,4049.37
4794.91,5070.82
3253.6,3227.27
2856.5,4426.45
5901.93,7819.79
2306.16,2942.51
2860.08,5366.29
4977.79,5952.47
2601.62,3777.67
1381.28,3364.0
1309.27,2450.09
3143.38,3820.84
1368.7,2423.44
2240.0,3369.46
1567.6,2888.4
3230.26,4528.93
4324.84,4704.66
2120.88,3070.17
2252.64,2402.59
1517.46,2503.85
1487.25,3887.83
2248.31,3604.34
1704.81,3216.18
2123.23,3062.97
1905.71,2462.17
6058.7,5544.53
1924.49,3490.81
2637.48,3852.35
2723.95,4268.78
3235.54,3850.1
2139.01,4294.47
3955.28,4596.24
2049.38,4326.35
1469.36,2600.74
3899.06,5522.13
1812.1,2597.39
4566.33,5553.1
1901.76,2842.83
2179.61,3099.92
1608.27,1939.6
6637.62,6347.36
3817.58,3560.73
1869.57,3823.37
3294.93,3106.34
2175.48,3168.34
2454.37,3594.93
2409.38,3981.9
2751.72,4687.44
2257.17,3794.2
2863.35,4208.5
7875.61,18025.88
4133.45,3874.11
1113.75,1254.14
4357.85,5165.49
3087.86,3874.23
1055.8,2769.92
1072.75,3039.67
778.01,2559.33
1225.03,2757.65
4504.78,4920.98
1587.93,3074.61
3558.87,4638.74
5245.13,5511.88
3108.02,2979.41
2757.67,3037.48
7023.39,11898.29
2798.24,3488.42
3253.27,3184.11
3413.95,3884.79
2294.75,3431.3
4498.04,5267.2
3211.06,3635.48
2412.74,4015.62
2575.07,2877.54
2556.65,3247.15
4443.43,5230.28
4639.79,4301.16
4904.95,3547.76
2676.21,3937.9
1797.53,3845.22
5646.19,5727.13
3326.52,4009.27
1354.57,3114.13
2253.24,3286.6
3969.37,5018.66
4216.32,4532.62
4989.09,4878.1
1930.91,4200.19
5145.03,4584.21
1835.75,3832.11
1449.87,3689.22
3411.99,4559.62
3040.14,4534.41
4175.48,3920.77
1195.03,2274.89
3564.29,3866.25
1117.69,2852.34
3525.57,5660.52
3924.78,5709.94
1952.81,3490.32
4511.0,4561.0
1303.21,1388.34
1004.93,2985.17
4800.12,5444.18
6263.15,6594.26
1993.96,3053.38
6573.39,5397.41
3954.7,4776.01
4394.0,4940.73
1652.39,3876.7
4441.54,4743.96
1857.86,2617.15
3121.33,3570.88
5284.95,4774.26
4794.54,4539.93
1105.53,2760.58
1170.28,1349.47
3096.21,3112.44
4515.52,4522.68
3655.12,3655.8
1601.08,3316.93
1478.51,1501.45
3447.88,4223.75
2198.58,3403.56
2361.14,3089.97
1484.0,3451.19
2550.04,3647.38
5422.54,5232.71
1580.77,2148.36
4872.8,4025.89
3710.96,4974.59
2342.02,3028.78
1122.91,2776.47
2315.57,3650.67
2113.76,3840.52
2253.51,4874.05
2210.67,3643.77
2879.62,5079.55
1873.91,3212.89
2830.1,4774.63
1362.03,2752.51
2221.84,3849.71
5436.45,5425.25
1521.61,2851.75
3362.3,4254.97
2116.54,4522.75
2373.62,3122.11
4280.87,4220.57
2177.94,3104.27
3542.89,4557.58
3743.25,4221.95
2870.11,3601.4
4202.25,4928.15
4324.69,4121.78
2629.17,3677.53
1748.45,3376.85
2643.88,3891.58
1302.54,2247.99
3554.72,5254.04
3625.13,3663.21
3358.52,4196.49
2126.91,3940.45
2740.19,3768.0
2026.99,3597.98
3402.21,4365.78
1786.87,2125.74
1404.84,3028.02
1623.95,1939.97
4184.67,5143.46
5447.25,6058.61
2404.4,4143.51
4750.87,5533.86
1477.76,2802.75
1586.69,3745.27
4496.79,5536.17
1416.97,2537.48
3189.17,3909.78
2129.81,3594.72
2576.94,3589.9
2813.04,4659.26
1499.28,3588.71
3963.58,3917.56
3898.6,5602.09
1246.98,2840.34
1763.51,3270.77
1664.81,3847.18
3645.47,3740.54
2607.14,3485.96
6798.06,5536.37
4712.05,5717.6
2122.38,3232.54
4310.25,4014.72
3527.72,3815.66
4619.85,3781.07
3157.8,3562.84
2375.12,3532.16
3226.93,3865.23
1681.83,4209.16
2320.43,3509.72
2002.12,3252.32
3970.03,4647.49
6415.44,5875.46
1176.84,2009.03
2419.83,4547.89
2685.09,3329.48
4877.59,5239.71
3285.14,4752.96
2593.55,4944.02
4913.09,8141.43
2250.16,3892.01
1943.6,3387.71
2705.8,4848.47
4702.82,4821.66
2626.35,3095.07
2632.48,3994.75
2472.23,3279.83
1614.32,3125.44
3149.31,4670.21
2114.51,3013.14
2478.21,3232.54
1512.53,2356.49
797.98,2563.64
2786.05,3497.49
2542.51,3556.76
5598.77,5257.11
1045.09,2852.61
5311.98,5105.09
2409.67,4613.64
2460.72,3740.43
2632.06,3250.21
5208.32,5078.18
2129.8,2703.37
2730.66,3903.09
1108.26,1834.16
3105.02,3597.59
3133.95,4018.92
1280.73,3497.26
1045.57,2269.7
1629.22,2752.12
4064.28,5213.17
1617.91,3866.43
1614.27,2612.27
1816.45,3992.06
1963.33,2981.19
1849.49,3419.92
1672.13,2671.21
3772.64,4891.58
4968.21,5435.95
4134.7,3694.86
965.2,2695.36
1342.62,1446.26
3937.08,3355.57
1289.65,3157.3
3290.54,4363.42
1871.82,2673.27
2346.57,4695.15
1590.79,3579.01
4491.84,3806.47
2267.36,3040.64
2764.44,3827.65
1663.06,3437.74
4248.75,4922.05
5447.25,6058.61
2332.22,3235.68
2645.29,4337.25
2575.57,3180.44
2122.99,2563.07
3382.73,3424.99
1903.73,2709.72
3118.15,3458.62
3530.44,3979.6
2576.63,4147.87
2357.39,3852.07
2790.83,3507.53
1981.53,3035.06
1509.27,3666.6
1023.34,1635.37
2605.36,3125.63
5267.03,4928.92
2856.5,4401.16
2263.44,6223.3
6114.75,5587.57
960.54,2987.67
5066.15,5492.69
2488.77,3227.1
1954.26,3802.67
1693.89,2537.97
2784.54,3760.4
2739.38,4076.3
2165.02,2542.6
4871.99,4946.07
1405.86,3778.7
2965.7,4476.41
2471.04,4208.65
2633.57,2381.51
2293.03,4895.04
2590.97,3638.07
1331.15,2973.75
2005.75,3070.61
3342.53,3869.35
2796.73,4012.6
2400.08,4369.11
956.37,2661.14
3148.29,4124.03
2454.56,5837.75
4954.66,5709.89
1305.87,1417.5
1358.26,2707.54
3285.96,4333.04
4728.35,5371.4
4180.02,5632.1
1573.03,1854.22
2583.33,3078.56
4813.45,5320.0
2182.44,4705.83
2487.19,3952.42
6339.14,5661.13
1830.68,2578.45
2723.25,3599.11
925.95,2528.3
1554.22,3562.64
3477.01,4109.12
3045.22,3664.16
1334.04,3439.67
2426.28,3155.47
1484.52,3061.06
2060.84,2842.05
2276.69,2634.68
1747.06,4048.82
2715.45,3855.28
4150.65,4672.06
5892.51,5014.83
2844.76,4209.02
2802.01,4477.98
3285.66,4122.3
1785.54,2788.42
1718.89,3626.68
667.77,2438.87
1464.52,2665.41
3255.99,3759.19
3986.49,4687.11
2515.87,3748.72
3312.19,4625.01
1835.88,3630.72
1787.31,2586.26
1576.43,3455.47
1385.75,1388.97
3647.85,4355.44
2598.0,3299.54
6562.22,5301.61
2825.05,4014.82
2533.6,2973.49
2414.52,2788.56
2463.21,3270.13
2246.3,3555.23
2975.02,4073.88
2314.87,4178.26
1510.49,1964.67
5717.14,5563.15
1170.62,2407.22
1896.72,3029.11
4997.39,5768.81
2865.43,3602.52
3387.04,4018.89
5459.95,4395.88
6574.33,10570.24
2525.94,4231.66
3097.43,4066.93
5896.24,5168.93
1587.94,3094.72
4331.45,4879.19
2321.15,3641.57
4453.82,5190.57
2297.65,3379.75
1631.65,3282.16
2020.2,3625.76
1900.79,3359.56
4849.16,4401.22
1868.87,3705.95
1822.43,3038.3
4251.51,4793.24
5920.63,5241.46
5384.82,6541.49
969.05,2421.35
4627.27,4516.68
3165.78,3206.24
3005.83,5105.25
1793.51,3256.96
3370.25,5078.1
1127.19,2705.59
2446.97,2659.88
4594.43,4748.66
1852.91,2543.18
797.74,2560.48
3433.84,3739.71
1568.45,3682.7
1412.22,2015.41
4646.67,4139.14
1834.91,2994.78
3774.16,3953.52
3900.27,3672.0
1198.29,2835.73
746.71,2596.82
2620.99,3308.23
1715.63,2924.13
4169.83,4463.23
2569.86,3585.47
2575.99,3298.19
2485.79,3894.31
2535.63,3848.51
2720.88,4247.41
2637.14,3920.86
3150.71,7052.55
1417.15,2453.1
3144.71,4783.57
2556.22,3396.84
2707.3,4104.42
2761.17,3854.93
5365.68,5321.88
4602.18,4670.21
897.73,2201.79
1922.2,3783.63
2427.17,3734.16
2713.9,3583.16
2570.99,3053.3
6324.42,5649.95
1896.24,3153.67
3660.39,4145.99
2141.65,3380.6
2329.17,4100.45
6344.46,5532.65
3790.45,3746.89
1256.52,2800.47
1860.05,3042.4
2760.43,4049.63
2524.24,2695.3
1025.68,1755.26
2690.02,2299.7
1024.11,2200.43
4086.13,4483.33
4016.59,5136.49
1569.77,2566.17
5152.43,5181.77
2584.3,2691.11
2667.51,4138.15
2214.76,2806.48
4710.11,5056.61
2985.33,3802.55
2829.95,4374.85
6026.81,6188.75
2086.51,1866.29
3726.77,3110.8
1385.75,1388.97
4730.85,4830.14
3561.72,4526.78
1799.95,3734.66
4292.7,5313.82
4273.87,4759.36
3031.09,4141.23
1646.14,3546.28
1872.02,3075.11
1489.94,2636.09
2672.89,2951.26
3195.33,4578.47
4268.41,4814.96
1572.02,3809.89
2395.12,3676.06
1600.83,2317.73
3530.09,3576.88
2079.9,2718.15
1408.93,2773.7
3143.66,4231.7
1662.08,3435.86
3684.36,5250.42
1516.78,2351.07
3829.71,3921.22
1551.92,1481.01
1241.47,1389.2
4603.99,4567.44
2720.17,3700.97
1198.19,1400.8
2131.74,3593.5
2901.25,4866.64
5696.92,5246.07
1886.68,2977.21
2276.74,3350.07
2051.37,3026.28
3002.16,3969.49
4683.07,5005.89
2200.93,3709.74
3301.83,4617.96
2589.67,4135.32
2711.51,4693.05
2722.93,3827.63
2933.75,4117.31
3315.59,4565.62
5540.72,6212.58
7571.05,8052.22
2839.75,4215.99
1880.01,3855.19
2082.57,2159.55
2631.81,2848.56
1932.08,2988.33
2922.46,4914.33
2788.41,3723.62
2295.84,4093.96
3051.13,4458.8
3530.66,4010.69
5261.43,5274.59
2468.14,3246.82
3767.29,4924.85
2875.95,4213.9
4140.89,4686.15
640.67,2131.13
7242.19,6078.91
2290.26,3131.6
3116.29,4400.05
4850.68,5325.31
2072.99,3482.6
1535.94,2024.2
2688.21,3373.13
1440.69,3470.94
2634.67,4361.19
5503.37,9700.54
2548.82,3173.6
2586.21,4513.17
4404.6,5275.77
1150.58,2687.7
4205.45,3963.36
4116.7,4839.94
2497.24,2886.13
2634.02,2564.58
3173.74,3437.57
6585.51,5541.32
1556.34,2654.91
4315.6,4639.2
2353.74,3321.11
2600.86,3483.68
1026.88,2616.23
1977.95,4205.29
2787.46,4535.0
1206.58,3127.51
4639.44,4590.28
1024.93,2202.72
1270.27,2196.8
1203.12,1357.56
2326.74,4161.98
3343.98,4697.67
4524.22,4912.38
3320.64,4787.76
791.2,2664.23
2444.8,3876.58
2612.45,4100.54
5531.44,4532.84
6387.63,5900.86
2023.07,4018.8
2854.36,4717.13
8054.53,5456.76
1642.12,2636.7
1564.06,2968.68
3302.6,2990.37
846.32,2593.68
1418.38,3087.81
1916.59,2552.62
3277.32,4987.64
2555.98,4331.94
2411.68,3288.16
2141.68,1606.64
1665.62,3104.27
1242.04,1394.23
3655.85,5604.79
2089.37,3673.98
2228.68,3067.7
4627.87,4550.57
2746.6,3787.54
2790.11,3229.16
2268.52,3740.84
2066.22,3600.2
2859.04,4410.37
1523.8,3637.52
1390.31,2148.54
2246.91,3095.26
3247.88,3588.38
2298.66,3194.98
2991.82,4120.28
1922.8,3985.57
970.55,2601.71
2299.79,3413.62
5405.1,5332.76
1689.29,3744.49
6152.87,4935.16
2023.25,3419.12
3513.08,4664.86
910.52,2473.45
3202.42,4252.27
3906.44,4847.79
2591.67,3442.76
2073.14,3377.3
3520.41,4919.88
1419.5,2499.3
9506.77,6896.28
1197.71,2731.68
1123.88,2732.39
2653.71,3944.14
1856.07,3081.06
1531.96,1289.96
3748.09,4153.91
2856.99,3222.08
3504.87,3449.51
1861.35,4257.58
2461.04,3700.1
5562.54,5024.75
3640.17,5508.41
2701.63,3815.96
2773.72,4388.8
1435.57,3257.66
2181.73,2719.69
6521.29,5528.66
5620.18,5049.31
2160.82,3182.16
4544.86,5270.01
2861.5,4300.13
1634.33,3490.77
5972.48,27924.21
1253.83,3169.72
8156.92,6544.81
2610.06,3692.21
5048.64,5950.56
2323.37,3215.49
3352.11,3408.42
2683.44,3741.75
3745.52,4201.03
2672.82,4012.15
1495.28,3136.68
2958.05,3767.51
1320.01,2773.26
3174.77,3208.53
4198.21,4585.7
4633.91,4718.46
794.29,2592.21
4560.36,5097.37
3656.29,4239.02
2035.68,4713.53
5987.35,4848.39
3746.93,3965.09
3421.86,4909.58
2269.22,4067.47
2524.36,3635.83
5030.92,3913.44
4611.02,4924.25
1336.49,2865.91
1900.24,2828.65
4478.11,4800.59
1567.47,2786.99
5733.2,10479.99
5078.37,4914.07
3201.65,5583.58
4814.93,4644.75
2687.34,4461.94
5860.23,5816.81
2350.75,3299.8
2509.89,4968.19
3360.1,4265.53
3856.59,4553.69
2969.52,4708.55
1434.09,1450.48
1788.6,2372.23
7764.78,6563.27
2017.68,3327.98
2168.11,3269.05
3215.43,3523.84
4512.77,6049.97
2379.6,3998.63
3560.59,4236.65
1567.86,3733.29
3530.18,4493.2
2661.91,3700.43
2351.78,3875.3
3880.82,4175.29
3544.03,4999.7
5050.77,5332.17
3611.47,3771.11
1603.15,2699.23
3575.11,4190.26
2874.2,4145.79
2052.27,1875.43
2318.42,3733.87
2341.96,3822.24
1478.99,2706.58
1732.13,3737.26
4490.86,9690.29
5708.46,6231.52
963.93,1349.12
1861.48,3834.34
2336.52,2852.84
3564.0,3264.78
8139.66,14634.04
2894.34,4188.55
4793.02,4827.29
2626.72,4024.63
2626.21,3923.37
2792.97,4258.59
1535.49,2255.33
1576.01,3265.38
2091.13,2970.46
5127.23,5377.94
2468.19,3673.68
3764.49,4732.18
1180.1,2931.37
1799.3,2694.03
2014.59,3526.24
2730.28,4149.79
2355.14,3991.64
8078.05,11852.87
2000.35,3220.74
4353.22,5632.64
2020.74,3314.41
2484.89,4970.44
3176.6,3671.58
2468.85,3601.74
5989.71,4788.72
2742.57,4176.21
3306.0,5094.4
3147.69,3567.07
1107.02,1871.79
2920.25,4495.81
2816.08,3390.86
1425.96,3331.62
5668.04,5401.31
1157.61,2849.27
4801.6,6565.32
2128.69,3763.68
4891.72,5127.22
4110.6,4846.82
5908.5,6575.03
1824.2,2983.85
2901.37,4056.84
2022.04,3735.73
4153.4,3878.99
4676.23,4111.32
3063.08,6325.32
3650.95,4182.59
1934.09,3033.0
2484.28,4137.52
2497.71,3741.75
3312.08,4884.03
2518.06,3760.19
1581.67,1420.15
8886.74,5744.16
2829.97,3942.91
1806.28,3129.46
5359.05,4747.98
2728.2,3561.69
1659.0,3571.08
1862.36,2638.38
1338.73,1846.32
1218.35,1394.75
2504.35,4028.68
3970.46,4534.79
3724.26,10076.45
1969.46,3229.48
1132.07,2894.07
7068.55,5764.08
4227.61,4426.67
7557.54,16699.06
5217.88,5955.29
1408.09,3804.4
2341.47,3520.57
2441.39,2676.53
1894.17,2798.53
1820.46,3175.42
7326.7,12127.84
3066.14,3593.37
3513.12,4115.14
1801.9,2970.48
1919.7,3099.03
3049.06,4917.52
1160.85,1813.34
2823.27,3628.21
2061.33,3347.9
2268.42,3810.47
2593.08,4151.7
5404.64,5628.89
2523.37,3073.69
2550.51,3902.19
2963.11,3478.94
1264.89,2807.24
2451.19,2446.3
3473.07,5013.12
1617.42,2552.86
2615.35,4048.98
1765.79,2455.88
1794.73,2205.67
3039.75,4388.05
4432.48,5053.99
6803.69,4704.82
2367.64,3515.1
1643.25,3711.86
1450.49,2149.85
2218.67,2820.46
5020.21,4735.22
1546.42,3215.45
1850.49,3884.68
2567.26,4150.24
2706.73,4032.89
2408.3,3446.01
3034.96,3660.12
1086.38,1780.16
6165.18,5639.06
5028.09,4785.65
908.14,1312.5
5212.03,4894.38
1482.87,3228.66
1704.51,1973.11
4028.81,4566.08
3287.23,4876.19
1679.57,2498.38
4369.7,4685.13
4959.02,5265.96
2813.89,3263.21
5011.24,4962.38
2098.04,3957.3
2852.67,4350.36
2923.08,3892.38
2566.4,3951.2
4214.6,5647.83
3769.76,3780.22
2201.31,2860.91
3507.91,4908.98
4956.2,4853.88
2511.4,3236.07
7324.61,16592.32
3904.12,4813.17
4070.42,5584.09
2326.42,2070.91
4825.31,5079.3
3429.11,3310.95
2847.22,3715.85
1322.23,3977.02
4972.18,5936.39
1159.33,2176.8
2178.88,3190.62
6098.46,10746.62
3811.27,6444.75
996.81,2599.94
2414.12,3529.7
4671.45,4425.89
2640.3,3967.48
1178.76,1378.98
2441.4,4591.61
4068.64,4549.67
1695.07,2944.25
2471.89,3954.09
2054.11,3178.91
1990.96,4138.3
2293.79,3710.31
2999.04,4692.87
3731.19,3995.95
2502.41,3314.09
829.75,2580.83
3354.53,3918.83
2413.65,4566.73
1125.32,1807.03
2740.34,3937.01
2388.64,2697.39
2123.35,3734.4
787.1,2623.45
877.25,2649.67
3852.54,4614.77
1458.65,2149.16
3462.0,3767.09
3251.19,3744.51
2630.45,3625.13
2253.63,3314.71
2042.24,3006.95
2599.41,3118.79
5054.95,4956.47
4265.02,4897.02
2832.7,3471.29
2379.13,3381.68
7868.96,17673.76
1573.63,2938.61
4455.07,4882.46
2494.63,4349.4
5807.36,3936.04
2349.4,3343.26
1078.0,1936.01
689.03,2895.35
3376.73,3795.06
6898.62,6816.79
2243.42,4322.34
724.46,2571.58
2347.35,2720.32
4456.89,5398.6
2051.53,3068.18
1699.18,3716.45
2688.25,4001.35
2307.72,3969.22
1167.01,2448.53
2671.72,3486.7
4152.98,5149.08
5268.87,4774.31
2616.6,3229.46
3453.78,4026.98
3328.45,3804.13
1134.53,3259.44
2046.49,2822.1
2582.49,2769.14
2083.64,3175.09
3157.87,4616.96
3785.49,4841.8
2044.9,3130.05
2596.23,3391.8
1343.86,2426.88
6083.96,5818.6
1546.65,2743.53
1535.83,3065.78
1538.67,2746.97
3929.08,4226.99
3766.13,3224.14
3036.0,4541.11
2022.08,3342.21
3138.94,4498.31
2754.49,4307.64
2741.54,3727.85
2652.61,4689.45
1456.7,3170.44
4828.25,5065.23
5261.08,4916.39
2483.57,3461.49
1489.5,2018.13
4489.71,4532.4
5094.31,4904.65
2526.67,3740.72
3352.16,3394.52
1837.92,3070.27
3680.32,4049.95
5591.59,6236.05
6304.5,5831.18
1512.61,3056.16
2666.42,4181.04
3387.04,4018.89
2889.01,3593.02
3708.91,4798.23
2824.59,3000.09
1611.16,3611.37
3171.64,4842.6
2506.25,3726.85
9582.47,11348.16
1749.22,2429.32
4382.27,5553.06
2940.12,4647.42
3580.67,5061.71
1904.92,2469.15
5809.93,5744.02
2207.59,3613.5
3294.82,3345.49
1685.58,2774.4
2269.69,3122.27
5609.94,5494.94
2400.28,4192.0
2660.23,4160.44
6314.71,5569.18
3598.32,4627.96
3266.96,3493.38
2537.13,4140.08
1081.63,1777.54
3551.6,4832.32
2403.48,3345.6
3570.27,5101.84
3488.63,4622.76
2866.86,3590.69
10030.3,10495.37
2829.7,4058.45
3809.91,5565.4
2392.63,3981.15
2370.95,3645.62
3725.53,5038.89
1207.82,3239.16
1774.78,3241.93
5481.51,4709.61
3566.66,3767.82
1424.53,3785.42
1004.6,2773.81
2020.17,3530.52
2062.63,1711.04
942.82,2714.3
1778.6,3794.87
4188.04,4530.87
1273.02,2667.57
4008.07,4875.65
1867.41,3184.91
2815.27,4845.96
1545.65,3781.64
2624.02,4447.9
1509.66,3117.61
1881.53,2759.81
5840.34,4870.28
3126.38,3538.12
3058.99,3509.56
5563.91,5638.12
5440.46,5521.18
3055.91,3405.83
899.33,2994.9
4841.45,5120.3
2543.18,3136.47
2036.1,2590.22
3030.48,3735.49
2360.71,2717.9
953.05,1777.83
2142.85,3068.31
1835.67,2959.45
3059.39,4284.47
1972.96,2958.73
2754.92,3828.27
1913.82,2797.08
2555.32,4695.15
2130.78,2708.93
2323.86,3151.51
2452.81,4063.29
975.1,2195.57
4982.11,5691.35
2971.18,3524.7
1926.7,2635.52
2776.95,3006.96
2128.4,4081.98
955.75,2638.29
2124.35,4037.53
3839.26,4663.55
2700.69,4204.3
4022.04,3733.24
1250.05,1408.76
1597.83,3858.21
1753.57,3051.52
2576.78,3693.73
5260.78,3902.79
3072.33,3592.48
1222.47,1395.98
1774.67,3301.84
2147.67,3808.43
1804.95,3142.35
4809.53,4464.07
2285.06,1611.43
2521.45,2563.49
5213.56,4736.77
3399.61,3866.18
3171.41,3627.76
2530.41,3244.28
1895.44,3150.59
4285.14,5033.47
3192.81,3055.08
1881.53,2759.81
2960.61,4223.4
4749.02,5334.69
1913.53,3045.79
2153.72,2599.77
4748.93,4351.79
2021.02,2933.03
3641.14,4798.64
4173.84,4744.39
1931.9,2907.8
1641.82,2485.76
1450.83,2845.49
3651.71,4930.49
4273.62,4586.88
2790.42,4293.13
2091.95,2557.63
2695.73,3838.19
1727.98,3042.09
2093.81,3148.64
2190.95,3494.5
1873.98,3130.87
1863.07,3535.53
1953.59,3886.55
1711.98,3585.56
1856.49,2863.54
5163.52,3927.06
2418.93,3176.16
2568.15,3201.68
1360.56,2002.68
1714.23,4053.19
2497.36,2910.72
4065.68,4962.08
4328.0,5587.54
3009.46,2630.98
2702.82,3977.41
4065.25,4777.09
3850.18,3807.01
3029.7,3897.1
1136.91,2023.1
2787.47,4334.84
5854.77,5883.1
2630.4,3821.74
2661.07,4073.4
3170.09,4314.67
2002.22,4215.28
2717.21,2823.5
2855.4,2079.59
3964.64,4895.4
6684.71,5548.42
1257.63,2073.54
4872.35,4946.74
2095.9,3089.72
1383.8,3454.52
4919.66,4914.35
2405.61,2709.79
2466.06,1619.97
1053.02,1776.45
2249.94,3950.72
746.77,2571.77
2327.79,3239.13
2287.13,4007.2
2836.2,4293.29
1643.14,2944.05
1287.6,3242.36
2201.86,4042.52
1287.04,3247.01
2632.1,3959.03
1542.78,2411.3
2368.48,3917.8
2551.07,3415.78
1648.09,2580.88
1996.59,3445.05
2988.64,4460.45
2366.65,3547.08
2374.14,3762.63
2743.05,4134.04
4458.26,4864.3
2280.34,4654.66
2726.55,4158.97
3589.05,4600.75
3046.22,3479.71
5005.85,5895.88
2711.1,3410.21
2261.21,3579.27
2392.75,3133.29
2180.21,2744.68
2161.19,4244.83
1631.36,2220.68
2242.97,3356.89
2946.99,3148.62
2209.34,3509.36
2588.79,3353.21
1179.51,3239.65
1805.01,3021.69
795.59,2562.43
2942.62,3261.91
926.25,2628.67
2532.0,3560.8
5039.6,5403.68
1953.86,2509.68
2291.62,4045.33
2322.45,3256.23
4423.6,3513.09
2450.35,3243.81
4890.65,5273.34
1244.68,2915.92
2639.22,4155.82
2526.07,4565.59
1647.75,2013.57
703.18,2400.45
3526.12,3539.51
2672.49,3500.14
3503.84,3893.39
2273.02,4828.59
5298.82,5996.57
1689.18,2361.41
5252.78,5447.93
2541.23,3777.24
3026.04,3393.15
3785.47,3618.66
1140.34,3058.69
2056.35,3317.46
2830.21,4661.34
1249.23,2747.21
2450.35,4286.68
3603.72,3542.36
4772.82,5266.29
2962.59,3296.47
3826.87,4412.18
1129.07,2424.65
1059.9,2884.39
4824.4,4871.1
5892.85,5407.45
2175.98,3585.16
6878.55,6628.38
3059.21,3673.07
3590.5,3674.84
3350.92,3641.34
3429.05,3904.84
3652.83,4493.51
2726.74,4020.01
1541.52,3080.04
4442.44,5854.92
1606.68,2336.46
3309.32,3504.58
1755.53,3646.96
2479.64,3626.34
4490.65,4922.5
2591.01,4549.54
2700.71,3176.3
1857.59,2763.22
2121.42,3073.05
3256.77,3125.22
2167.69,4618.16
1532.06,3464.69
2234.18,3211.61
1809.52,3426.19
3914.49,5260.82
2678.68,3611.25
1741.46,3471.11
3971.18,4013.13
2290.89,2868.21
2045.9,2554.03
1879.86,2001.29
1972.16,3589.74
2840.01,4672.98
2709.33,3811.15
2033.99,3356.44
3259.43,4137.0
3488.96,3903.46
1772.46,2663.06
5344.07,6746.17
3131.02,3736.18
1163.81,3065.27
3741.19,4750.21
2598.01,3182.68
3663.86,4619.22
3467.48,4968.13
2552.82,4153.63
6979.22,6335.77
1896.85,3278.07
1736.9,2927.75
5605.46,5166.57
2289.99,3098.93
5670.59,6543.17
1746.81,2857.65
6820.31,6408.72
3890.08,5697.0
2203.59,4204.68
831.46,2558.92
3055.01,3978.08
4475.85,4992.47
4841.26,5103.7
3169.53,4239.35
2201.21,2944.34
5728.12,5802.55
2298.32,3399.72
2234.12,4138.87
6517.83,5097.57
1568.6,3118.37
2922.45,4595.36
5274.94,5729.92
1307.63,3743.64
2273.16,3536.58
2397.2,3929.74
1729.75,4044.42
1871.04,3611.72
1307.6,2102.57
1949.74,3250.79
1453.0,1870.3
2982.63,4921.26
4087.69,5124.43
1342.52,2903.85
1317.05,2285.69
1351.7,2948.74
1234.4,1394.75
3119.45,3165.16
2094.15,2308.72
4675.01,5333.67
1242.9,3157.3
3728.97,3779.64
5307.31,6558.61
3482.83,3719.04
4408.48,5573.82
2483.63,3061.77
1690.94,2728.89
7880.62,13377.33
1860.59,2306.44
3319.02,4730.66
2292.14,4327.32
6493.08,5955.19
3226.59,4030.22
1979.42,3769.1
1132.86,2897.04
3520.75,4581.39
3636.95,4225.4
3146.67,4117.73
2109.24,3992.11
4444.95,4535.56
2651.55,4779.11
3056.37,4202.75
1705.94,3501.34
6392.9,5912.13
3482.29,3788.99
2067.07,3695.38
2509.18,3301.26
3922.02,4378.3
2098.0,3214.06
8791.58,9656.55
4977.17,4357.67
2048.59,3104.74
2029.58,3105.62
2247.79,3506.8
2920.88,4860.82
3322.35,4853.78
2984.83,4124.33
2789.91,4066.17
4815.28,5347.65
2939.51,3229.19
3652.37,4365.23
1859.16,4206.1
2742.88,4036.95
4227.36,4901.84
6391.66,6327.2
1770.26,2199.61
2775.49,3760.59
4230.29,5652.05
4029.88,4732.08
867.87,2542.4
2037.81,4076.7
2442.33,2501.24
3787.88,3991.51
2303.09,3359.55
4063.11,5416.44
2603.66,4142.98
2381.43,3279.06
3743.82,5161.41
3590.63,3526.67
3249.38,4449.36
3972.62,5701.45
2791.7,3581.91
3754.41,4442.74
1596.52,3840.68
1737.21,2532.99
2572.27,4383.35
871.88,2591.14
2854.69,3903.53
2736.95,3902.74
2565.11,4179.69
2961.86,5587.91
3650.37,4429.77
6453.93,5845.78
3731.48,3780.08
3302.73,3023.54
3141.54,4342.78
6453.07,5632.8
2011.71,3090.19
1849.22,2892.54
2133.23,2611.03
6463.82,17393.66
2412.95,2908.77
2038.39,4000.06
2763.07,3984.41
2128.13,3656.93
7733.02,5775.66
2200.85,3590.42
4441.92,4620.31
3981.17,5002.92
4193.98,4822.7
1003.41,1876.23
1928.07,1571.37
6988.27,5832.68
1767.62,3053.06
1535.09,2690.01
3783.15,4555.98
2336.27,3491.89
1789.32,3037.45
3143.12,4198.34
1769.58,2967.27
2836.6,3776.99
4204.83,5622.45
3346.27,3787.91
2011.2,3554.76
2206.67,2581.61
1688.02,3453.7
2712.48,3967.83
1254.68,2756.25
2328.87,2306.5
3381.32,4781.49
3244.25,2751.49
2008.07,2871.89
1638.52,3297.73
2868.84,3869.08
1537.35,2767.05
2404.21,3605.77
4785.19,4901.15
3201.37,3426.07
2559.81,3910.1
3104.19,3654.2
1227.22,3041.9
2306.14,3981.86
5042.43,2756.07
3445.9,3631.74
1845.39,3882.76
6847.32,5897.17
2321.28,3770.74
2106.94,2409.03
4539.55,5650.74
3458.6,4212.84
2335.82,3751.87
2035.33,1674.66
2337.14,3196.73
6018.31,4809.84
2292.13,3160.12
2611.47,4205.58
1298.16,2769.82
2947.75,4706.01
3650.34,4510.43
1181.89,3172.92
3221.77,3555.24
1409.18,2806.81
5166.97,4951.41
2314.15,4258.02
1768.9,2591.33
1569.29,2644.15
1868.55,3883.07
2775.42,3735.24
2155.71,2380.65
2294.53,4061.34
2634.37,3477.88
901.04,2999.88
2012.56,2272.82
2067.72,4588.79
4712.43,5670.34
1215.83,2739.63
4792.72,5794.64
2597.25,3717.45
4760.36,4673.3
2044.76,4005.34
2860.65,2644.55
1184.19,1403.39
4140.39,5391.04
1922.34,3988.52
3890.94,5071.0
3458.03,4065.96
5271.03,5076.17
3783.87,4562.03
2724.58,3489.67
6349.85,5744.92
3380.54,4547.66
4356.12,3988.81
1899.14,2337.06
2177.12,2775.21
3588.86,4642.22
2886.62,4820.71
4370.76,5718.59
5422.22,5415.62
1396.61,2309.42
2825.28,4157.54
3768.94,4367.1
1405.06,3164.26
2046.31,4672.99
3152.01,4956.28
3910.47,5207.0
1846.69,3020.72
4060.18,4389.22
1374.56,1957.11
4252.65,4924.15
2229.75,3204.13
3454.76,4507.45
2661.16,3952.35
5493.88,5390.94
1652.69,3286.55
1659.43,3120.11
2390.69,4178.24
3802.5,5264.64
2211.64,4161.18
3113.91,3293.93
3151.33,3843.99
2635.03,4230.35
1943.63,3049.77
1074.91,2740.03
3100.23,3577.26
1720.94,4050.06
4054.39,4603.01
1307.62,3120.45
5287.12,2708.68
4425.56,4866.96
3825.86,4753.79
2979.74,3625.62
4708.79,5273.96
2490.07,3028.16
6769.77,6452.24
5744.23,6758.25
4496.51,5041.98
4275.99,5714.93
5308.13,5242.46
2940.09,4345.3
2674.82,3806.24
3714.75,5004.87
6319.22,5538.49
2336.24,3070.28
2343.12,3295.4
2886.43,4246.05
1111.72,1874.96
1995.18,3854.62
2159.85,3933.52
2658.61,3194.29
5877.04,6343.0
3987.04,4429.55
4078.45,3888.04
2643.69,4259.43
3309.41,3950.53
2203.7,3402.45
3156.74,5559.93
1170.28,1349.47
4154.67,4246.32
3908.95,4797.83
1846.69,3020.72
4009.03,4804.01
4878.4,6854.93
2863.18,3580.77
4887.45,5005.76
1491.13,3177.73
3253.14,4236.83
2394.61,2721.55
2395.12,3522.57
1905.12,3918.09
3773.2,4773.77
3757.35,4667.99
5194.65,6659.96
5848.17,6435.7
1396.01,2631.84
1270.02,2566.53
6659.28,5176.42
2525.39,3385.77
1595.78,2568.0
2514.84,3585.65
2262.47,2322.23
2394.07,3397.07
6517.53,5586.87
3817.9,4644.12
2206.49,3082.65
2396.32,3557.49
2205.15,2233.46
4483.82,5732.65
1670.42,2999.44
1409.87,2690.04
6006.86,5607.66
3184.34,4095.46
3943.38,4642.72
2228.04,4647.33
2150.13,2784.56
3547.39,3980.83
2612.43,4156.9
933.19,1908.97
1720.7,3462.25
2677.29,4395.14
2424.47,4343.92
4744.03,5337.42
2363.97,4227.71
4314.85,4921.01
1950.7,3028.66
2650.35,3934.84
6243.89,6431.85
2206.92,3827.11
3380.91,4380.26
5696.96,6519.16
5547.37,5394.58
1613.29,2420.72
1421.5,2574.7
3907.57,4618.68
2006.42,3105.01
1844.87,2956.37
1325.9,3204.57
2581.18,3588.66
2133.54,3542.56
2422.08,3946.21
2095.73,3123.0
2698.52,4129.79
7966.69,5529.0
797.7,1814.97
4517.86,5371.48
2057.2,3107.52
6249.38,5088.28
2103.78,3580.44
1689.15,2601.61
2350.44,3837.74
3760.87,5667.95
1965.82,2869.79
1966.87,4301.52
1788.28,3050.04
2406.4,3417.17
2987.16,2432.15
2296.67,3935.75
2342.26,4188.12
4083.67,3497.97
3832.3,5641.49
5133.78,7096.08
1593.42,3077.74
3286.86,3884.41
2262.11,3820.85
2731.75,3842.53
3458.84,4588.36
3913.8,4426.43
2433.13,3331.59
4065.84,4110.47
1527.32,2802.34
5277.32,6000.61
1872.81,4152.96
4682.33,5276.65
1499.63,2331.15
2175.12,2405.36
2285.94,3103.81
2275.54,3452.65
1432.14,3009.63
5705.08,5401.97
4098.03,4607.42
3551.34,3916.32
3250.31,4895.06
3922.9,5108.45
2692.97,3941.05
1973.15,3051.09
5336.89,4140.78
2460.75,3564.78
4950.06,4979.89
4198.98,5662.03
1583.56,3329.1
1736.87,3219.47
4653.24,4892.94
5777.28,6567.09
6107.43,5148.2
1362.1,2846.89
7207.48,6411.68
2969.72,4104.65
2936.94,2323.35
7165.58,6331.83
13154.6,6845.53
3985.26,4595.6
3009.98,4665.79
1899.37,3690.01
1590.25,3192.33
2120.06,5037.15
1734.93,3362.63
2428.54,3417.86
2830.21,4661.34
6658.92,4295.56
4235.97,5632.28
2763.08,4248.02
2613.88,4635.26
2797.68,4353.08
1689.05,3799.78
1138.01,1815.18
1068.45,1769.09
1714.61,3575.37
4542.46,5256.51
2794.16,3447.87
2445.95,4036.83
2588.65,3899.14
1220.14,3718.17
2534.14,4501.41
4223.07,5333.98
1770.43,2917.01
3541.46,3950.8
3612.79,4540.15
958.21,1392.31
1398.72,3389.71
1772.06,3854.33
4932.55,5169.61
2514.83,4632.29
909.46,1982.21
1712.27,3210.39
1068.03,1792.29
1849.5,2124.63
2612.38,4211.49
2700.47,3195.04
2759.15,2864.84
6244.83,12563.4
3120.09,4929.42
2165.17,2855.29
993.91,3034.22
2149.53,3254.22
3023.31,3017.4
3007.39,4989.95
5172.7,2687.97
5572.44,5466.16
1383.9,1484.65
2916.67,4267.77
3946.37,4869.1
3200.6,4468.29
2115.84,2632.05
1951.48,2342.79
3113.17,3664.99
3779.85,4152.53
3485.14,3757.24
1685.22,3798.56
1520.79,2796.87
5666.65,4964.11
2753.92,2366.23
2141.15,3968.3
3534.24,3794.55
4714.82,5383.54
956.63,1778.8
2429.44,3530.42
1966.89,3780.57
2357.94,3840.54
5539.84,5283.77
2937.93,5435.63
2839.23,3997.64
2790.14,3856.03
5669.03,6775.81
3217.61,5077.45
955.03,1781.57
5278.61,4989.95
3067.23,3704.86
3726.28,5576.13
1364.77,3414.06
6079.47,4928.19
2235.3,3972.03
2398.13,3213.34
3232.37,4388.78
2895.42,3369.63
2822.59,3408.68
2298.1,3719.81
2765.29,4152.32
2402.99,3485.52
3933.84,3689.59
1777.55,2583.96
6452.01,5694.44
6367.14,5895.16
3567.97,3754.33
2174.19,3302.48
2712.19,3049.51
4469.48,10167.46
5255.89,4757.5
1389.91,1389.38
3819.24,4835.57
9545.59,7144.69
1086.38,1780.16
1533.26,3197.88
2907.18,4094.75
2762.48,4108.86
6791.96,4468.03
1059.31,2204.14
1401.74,3094.26
5495.93,6165.5
3775.8,5160.06
4357.74,4751.64
5493.98,5373.31
5412.38,5790.42
2201.74,4135.06
4428.81,5103.18
1646.55,2555.26
2221.46,4062.91
3409.17,4936.67
1302.89,1825.3
3944.52,6208.33
1484.6,1437.52
1640.17,2945.95
1517.67,2281.57
6061.66,6506.21
1527.25,3005.07
1891.48,3343.69
5084.14,5163.36
2927.89,3809.69
2021.37,3247.51
6674.01,5543.27
6693.29,5569.98
3017.46,4221.55
2049.76,3400.14
5130.78,3197.49
1995.39,2260.95
1961.43,2989.2
2345.1,3815.2
2743.07,3421.36
6078.74,5673.69
2230.01,3290.36
4194.69,4114.93
2458.8,3416.81
1940.96,3608.04
2513.47,3367.62
1891.5,3033.43
2916.31,4173.81
3682.15,3821.35
4067.76,4941.4
5037.14,4827.78
1730.62,2672.88
2295.59,3111.95
1710.12,3961.96
4584.28,4304.58
2816.21,3326.31
1852.05,2810.5
3348.26,4490.99
2594.96,3179.62
2275.45,4237.29
2840.11,4201.87
5354.01,5715.1
3479.2,4831.51
2822.39,3326.32
1416.66,1835.67
2409.35,4706.1
4337.2,3411.56
1527.88,3840.34
3926.29,3723.59
1838.77,2973.63
2852.81,3177.01
2205.21,3469.48
4930.65,5277.63
1259.39,1418.69
2372.91,3998.73
3793.66,4563.46
3331.73,4292.03
2880.47,2118.38
896.12,2850.58
1728.39,3581.19
1381.86,3097.47
1454.35,1967.27
3364.01,4720.17
3685.76,4602.96
2173.59,4696.49
2478.22,3890.98
2321.42,3828.42
4063.22,4378.33
1947.46,1940.98
2425.69,4289.81
1901.06,2682.77
2629.66,4852.61
2546.14,3161.17
3811.71,4864.72
5888.09,5556.63
2638.06,3482.04
1910.27,2186.66
5305.57,4885.44
2204.74,2395.28
5108.25,3853.31
2153.74,3932.66
2466.92,4817.55
3783.38,3661.32
2691.67,3461.76
3174.12,3759.53
2363.29,3914.76
2717.99,4664.57
5174.01,5399.26
2538.26,3677.54
1781.22,2155.63
5316.24,4678.88
1566.08,2429.89
2341.06,3680.41
1385.75,1388.97
4555.94,5202.01
3037.12,3962.75
6051.0,5825.2
5362.0,4878.69
2579.14,3326.62
1898.59,2664.28
2734.13,4161.91
3484.12,3768.62
3153.74,4118.49
4689.94,4371.79
2298.47,3099.45
1903.17,3635.47
2645.24,2752.4
3874.57,5700.17
2409.9,3886.15
4481.87,3652.89
2621.05,3291.7
4492.31,4565.67
2588.57,4131.69
3594.2,4484.71
3273.93,4284.1
3833.89,5014.36
4049.85,4673.06
5038.96,5346.85
5079.98,4996.44
1109.52,2155.55
2300.1,3131.22
2382.15,3177.01
7013.73,6981.09
2249.92,3831.16
1940.87,2665.54
2098.17,2882.99
5153.36,5924.46
3152.7,3488.56
1829.82,2579.09
1471.93,3500.38
4500.17,5725.09
3254.89,3471.23
4476.06,4486.75
2219.56,3481.24
1509.15,2592.9
1572.37,3782.94
2940.01,3478.69
2773.9,3825.33
3295.57,3676.67
1968.72,3567.25
6480.76,4504.64
2130.13,4250.05
2695.3,2626.26
1734.8,1500.03
5527.78,5514.51
5896.81,4517.68
1912.55,2989.04
2274.41,3328.08
1714.53,1710.66
5024.14,4753.99
2992.26,2049.17
1453.56,3243.66
2249.34,3225.67
1176.02,2760.08
1127.06,2737.45
3978.65,4729.72
1900.76,3072.86
1809.41,3491.67
3731.92,5246.05
7040.23,5321.93
2724.71,3477.89
1679.4,3682.3
1841.19,3028.97
4782.24,4610.96
3466.89,4748.09
5514.43,4781.14
1581.29,3424.41
4753.63,4646.68
4084.48,4564.93
3185.84,3732.47
1780.97,3028.17
780.73,2555.72
1699.43,3234.76
1344.82,2023.24
4562.52,5033.94
2078.11,3504.83
1876.77,2633.39
2672.26,4275.77
5137.14,5338.58
5006.88,5311.69
4396.74,5198.85
2381.38,3918.19
2929.22,3706.92
2719.91,3435.29
2877.64,4688.32
2045.06,3116.99
1157.47,2778.18
2939.84,3193.57
1913.22,3664.89
3697.02,4833.26
3799.29,4212.51
4260.46,5903.66
4013.17,4715.95
2188.48,3616.99
3074.17,3360.93
3413.4,4791.97
1567.02,3199.58
4357.34,5625.03
4088.73,5266.29
4533.49,5313.26
2073.22,2882.21
2335.79,3869.02
3385.15,4986.93
2120.1,2664.43
1826.82,2316.09
1467.9,1597.21
2313.29,3368.32
4352.6,5489.85
4646.06,4710.97
2430.02,3677.23
1597.65,2921.99
1544.4,3270.39
1735.05,2572.17
5529.74,4933.71
2840.85,3577.35
1244.46,1419.48
2553.52,2883.78
2062.73,2578.95
1058.89,2850.81
1229.68,3076.5
1990.21,3908.47
3724.34,3428.96
3014.83,3451.66
1369.9,2117.71
4079.05,4072.6
4852.99,5308.85
2012.97,2487.02
2305.71,3025.16
4493.32,3142.84
4193.01,5419.25
4464.12,5210.04
2007.93,2694.92
4644.06,5765.07
2844.12,4870.33
4033.19,4648.32
1236.88,2434.35
1851.65,4031.28
5108.84,5130.65
4460.62,4513.43
3079.52,4839.18
2460.02,3549.55
1928.39,1660.53
2693.19,4239.32
4155.12,5639.56
3141.73,4434.25
2251.91,3116.38
1986.06,3726.56
1975.91,3647.49
6148.23,6241.1
3271.05,3940.77
5986.86,4996.82
4069.19,4727.18
5238.25,6235.58
1166.58,1940.73
2341.76,3967.52
3249.38,4449.36
2465.46,3277.71
1026.21,2196.03
4657.8,5206.2
4598.65,4937.53
1557.51,3340.4
3369.12,3808.36
5864.66,6597.38
2200.62,2548.51
6821.73,13934.76
5404.04,5725.86
1024.11,2200.43
5447.69,7224.42
4013.54,8314.02
2945.19,3875.31
1206.94,2783.66
2309.82,3873.21
2290.75,3782.68
6775.05,6355.53
3758.36,5132.93
2040.76,3964.09
1980.42,2829.44
3137.73,4107.79
2656.35,4154.69
3496.43,3415.51
1725.65,3261.02
4500.58,5140.66
2902.54,3771.0
2452.51,3065.03
1515.85,2446.33
4119.37,4421.1
5784.49,6535.16
5950.9,5123.15
1528.87,3707.48
4305.71,4295.27
3929.6,4507.58
3618.96,4942.95
4085.24,2361.4
1067.3,2295.23
2650.42,3849.13
1453.3,2145.71
1902.44,3914.68
2765.68,3558.46
739.83,2568.25
4306.86,5636.07
2810.42,3975.25
1976.0,3349.07
3844.96,3662.31
2139.5,4000.95
3091.58,4033.51
922.09,2191.46
2653.58,4329.25
2033.32,2625.23
2373.49,3893.3
2426.35,2796.71
1555.75,2892.79
4683.57,4212.26
1264.94,1833.94
2224.57,2326.5
3837.11,5049.95
4250.71,4547.79
1685.98,2794.51
2937.96,3625.34
1827.35,3560.68
3113.14,3708.37
7729.35,5654.51
7451.43,5407.67
3454.95,4758.59
1233.67,2098.7
1499.84,3325.69
3624.99,4098.73
2538.63,3858.66
4096.56,3763.79
2265.9,3232.41
5022.18,4815.84
1844.26,3882.46
2736.47,3406.85
3084.88,4104.0
2270.35,3649.33
1633.13,3447.47
6162.84,5945.14
3192.67,4197.46
4206.65,4708.83
1717.01,2283.42
1780.93,3839.29
2902.21,4202.13
2808.44,4254.77
2706.31,4230.41
2518.38,3258.1
2078.98,3128.78
2295.64,3751.18
7400.54,6452.82
4726.17,5627.01
4249.25,4751.23
2364.3,3167.38
5570.86,4995.05
2279.86,3198.07
2324.02,2962.95
3912.22,4068.26
5095.93,5357.64
3802.88,3428.12
5346.01,4424.45
1822.24,2858.19
3793.09,4245.14
1850.18,3438.37
4315.48,4989.04
5115.62,4538.91
1025.24,2151.16
3561.91,3811.84
2525.44,4028.16
2335.15,3831.48
1811.55,3041.85
6939.76,5764.75
2404.62,3338.99
2584.65,3138.76
970.92,1786.07
2041.88,3730.04
2674.2,3506.3
1478.77,2742.03
3541.7,3566.26
1562.81,4043.29
2729.58,3202.16
1246.14,2772.35
6045.1,6750.98
2102.74,4628.02
4802.1,4355.86
3052.54,3930.1
1501.75,2583.3
2380.35,4209.92
2639.69,4664.94
5574.58,5687.98
2775.18,4530.48
3094.11,4683.09
3254.04,3448.79
1807.66,3698.63
6171.66,6604.48
3487.79,4118.7
2979.74,3625.62
2603.11,3307.23
2305.68,3520.55
4006.5,4282.38
2517.72,3855.87
1546.91,2104.78
2976.69,3580.01
2369.55,4302.56
1045.08,1761.75
6394.93,4367.89
3332.27,4493.79
2016.97,3193.36
4421.87,4664.21
3170.88,4498.77
5435.51,6179.08
1959.86,2675.79
5749.31,5141.13
6590.4,5233.32
3768.21,4984.89
6827.08,6645.86
1533.78,2178.5
2568.39,4047.24
2102.8,1885.6
2617.12,5835.71
4456.86,4553.62
2459.42,3231.59
1229.99,1354.31
2645.61,2761.56
2067.17,3920.36
1691.43,2562.96
2457.59,3250.15
2493.49,3714.28
2328.36,3556.77
2724.99,4807.82
1332.17,1394.49
4257.79,5637.25
3868.28,4597.79
5771.17,6009.44
1227.83,2072.89
3134.64,35263.57
3255.85,4759.01
2555.18,3728.33
1827.98,4260.5
2001.85,3382.19
2959.24,4731.12
6046.24,5528.95
5339.67,5028.01
1210.43,3386.25
5824.99,5648.51
5226.7,7134.63
1511.7,2861.37
4312.1,5096.91
2110.45,3865.55
2714.9,3983.44
5336.82,5199.38
1563.81,2642.23
3012.91,2763.19
1671.23,3018.89
2642.75,2626.35
3201.7,3655.91
1840.02,3848.41
1458.33,2448.57
3090.89,4397.38
1582.69,3296.51
1940.54,2601.97
1638.04,2540.44
2315.22,3083.3
1417.58,1530.5
3642.28,4595.2
1412.83,3159.7
7889.69,5243.57
2633.16,3876.68
831.6,2571.78
1180.13,2530.07
3254.36,3284.17
2761.1,4191.82
2053.48,3561.04
5102.78,4660.57
1999.13,3471.24
4058.11,3862.72
1963.88,2605.12
4105.72,8074.73
2894.49,3501.83
2765.84,4034.2
1516.64,2558.99
1239.07,1935.54
2673.26,3177.87
3858.55,5697.86
2980.74,4174.71
2372.96,3971.25
2291.05,3744.19
3550.76,4269.01
5069.36,5185.44
2416.73,2941.93
1730.97,3934.32
1957.79,3633.4
3396.15,4172.56
3375.2,3982.29
2311.07,3921.68
1828.26,2994.8
3848.53,4403.55
1924.63,3356.27
1497.51,2076.39
6170.58,10040.95
7971.58,5938.28
6045.71,6056.76
1490.63,3764.73
1342.47,2812.72
1762.22,3169.34
5399.46,5454.99
1775.44,3336.87
3049.03,4213.12
1121.97,2214.81
6351.19,5534.85
1339.15,3079.2
3773.23,6996.33
4036.87,4480.47
3681.39,4721.87
1214.72,3236.45
2280.34,4277.14
3700.04,4906.96
5376.29,5301.06
3041.96,3501.99
3020.74,4097.94
3725.48,4006.77
5599.64,5343.22
2428.65,4263.17
4493.48,5071.35
2371.46,4402.68
1780.65,3418.12
3846.63,3813.22
1919.15,3124.56
2997.55,4178.66
2223.74,4893.79
4773.36,5333.7
3691.16,4825.81
2057.73,4072.04
6296.64,5818.22
1885.85,3288.23
2517.48,3836.28
1546.61,2363.23
1873.21,2770.57
2189.26,3843.92
1298.17,1158.72
3862.04,3868.62
2536.8,3183.56
7383.13,5625.0
1928.11,2496.06
1409.72,2024.12
3587.38,4715.7
3893.74,4878.73
4273.65,4721.31
2594.41,3991.77
976.85,2376.64
1523.33,3024.82
2120.8,3049.9
2191.82,4215.17
1225.01,1394.75
4934.39,5351.61
2129.44,4048.74
2239.75,3363.71
2157.15,3787.31
1832.3,2800.18
2318.89,3486.02
2285.81,3272.3
3090.14,3812.06
869.51,2715.17
2365.71,3721.65
1753.97,3305.43
4594.74,5071.96
3131.94,4854.43
2156.21,3305.22
2972.29,3892.81
1508.73,3723.38
4629.2,4525.86
2240.34,3095.16
925.87,1806.89
4488.71,4874.74
4204.58,22189.42
3712.09,5703.25
1698.73,3459.14
3219.92,4775.52
2298.99,3724.66
1815.98,2591.64
3593.39,4960.33
5649.19,5887.94
2593.87,3614.28
2322.33,3299.26
8994.19,6691.45
2005.13,3729.98
3324.2,4795.29
4519.71,5203.29
3006.37,4294.01
6649.98,5607.8
4518.57,5383.06
2837.96,3508.39
1954.15,1996.18
6449.2,5703.65
2612.45,4100.54
2646.68,3260.58
4605.76,5231.51
2514.27,3281.72
2935.37,4229.56
3559.34,4806.72
6444.76,5094.41
7858.15,17267.04
2140.79,3812.26
5804.85,5192.55
2367.69,3804.75
3110.22,4175.12
766.44,2713.48
1892.55,3091.88
2112.49,2964.83
3704.83,5535.62
2307.93,3092.23
1521.76,2695.68
1552.81,2530.69
3696.64,3755.56
2746.53,3500.78
2312.46,4598.01
1515.67,4092.28
2584.26,3609.81
1866.58,3147.54
2530.74,4758.37
2293.77,3112.61
2365.61,2703.59
1337.63,3748.96
2583.62,3285.62
2609.22,2118.48
1639.09,2516.32
3019.55,3632.52
3740.25,4129.09
5043.38,4896.2
2288.86,3250.39
5429.78,5640.74
2179.1,3889.09
4834.24,4848.21
1195.66,3081.6
4103.25,4849.28
2050.46,4128.46
3122.13,4193.05
5474.35,5282.0
1260.13,1388.27
2897.7,3288.26
2473.84,3227.9
3426.09,4543.99
3158.44,4570.46
5110.72,4959.74
2228.16,3101.73
2042.96,4710.27
2161.37,5055.79
3237.41,3970.47
2646.5,4625.92
5388.85,6217.08
1732.88,3583.22
5428.22,5170.57
2453.39,4633.43
1300.31,2862.59
2021.17,3552.71
1944.27,3094.86
3508.31,3121.23
5202.36,4641.96
2688.8,4782.49
4749.9,3999.4
2977.77,4711.3
1879.82,2577.94
2068.9,3075.22
5060.71,5309.09
2426.73,2665.74
1952.36,3058.91
1150.55,1376.12
2459.35,3554.69
1389.91,1389.38
2257.47,1382.37
5534.56,5315.9
5305.24,4488.28
5473.02,5401.89
5526.84,5368.79
853.74,2740.46
2686.17,3177.53
1987.38,3790.24
4525.97,4390.56
6124.28,6161.14
1288.01,1395.36
3319.72,4738.8
2039.8,2579.81
3205.43,4454.57
3209.42,4335.89
2423.37,3121.56
2959.46,4545.01
1966.06,2569.05
1621.48,2753.6
2888.25,4217.24
3108.86,4385.53
2068.93,4001.47
3520.34,3300.94
5952.97,5738.62
997.05,2188.85
3902.12,3483.06
1266.61,3056.69
5022.14,5081.54
4588.01,5727.57
2763.63,4185.7
4438.09,4945.28
2440.27,3230.32
5412.91,4796.46
1296.37,3507.36
2940.66,4162.0
1978.05,3389.95
2092.56,3943.81
1292.87,2942.78
2293.09,3267.06
3574.15,4550.39
4415.73,5226.63
1640.38,3239.78
4945.22,5709.67
2464.69,3728.3
3214.58,4705.29
4010.2,4267.6
3514.65,5582.8
2325.5,4236.44
5491.42,4923.59
2189.76,2785.18
2189.46,3488.23
2818.12,3717.32
2750.95,4433.98
2007.56,3970.68
4027.62,4714.75
3103.51,4538.66
2697.73,3493.84
3287.36,4381.79
3169.06,4496.37
5624.08,4907.14
1573.17,2455.69
3140.02,3353.01
1927.58,3535.35
3450.6,4009.7
3190.43,3526.56
5175.1,5521.5
1841.62,3177.6
1661.11,3490.47
1761.08,2766.25
2871.88,3721.88
3515.87,3394.2
3810.44,4692.94
3500.39,3530.3
1811.72,3111.39
785.86,2559.14
3759.3,4693.56
2391.76,3145.19
1639.88,2304.61
1976.72,1780.58
6110.33,5499.68
1873.35,3627.54
1610.38,3052.73
4255.83,5241.0
2620.47,3185.34
3677.34,4005.71
2358.49,4297.86
1888.06,2638.59
2633.96,3432.74
2229.68,3839.35
3343.51,4502.28
3339.73,4478.94
2000.66,3122.63
746.0,2675.72
2426.52,3707.67
1970.07,3739.46
4342.1,4634.65
3475.3,4181.31
1406.83,2802.51
2384.54,4656.98
2266.33,3071.21
3368.47,4007.23
2153.2,3795.5
3279.02,4786.8
2883.8,4146.68
1575.13,2811.36
3779.36,4656.42
2956.9,4831.84
3419.23,4943.76
5483.69,5057.67
1034.05,1771.47
3245.36,4024.39
2409.98,3210.99
1484.33,1513.74
2606.98,4350.51
4075.78,4749.21
1121.65,2459.45
4358.66,5618.53
2152.6,2749.29
1882.66,2737.78
2713.8,4083.08
2296.78,2672.57
839.2,2666.72
2179.37,4663.6
5475.72,6688.76
3236.43,3997.16
2755.44,3180.78
4347.81,4847.22
3299.92,5099.01
1986.83,3790.38
5474.24,5129.55
2112.19,2606.88
1907.53,3024.35
4222.64,4638.6
4996.05,4304.1
5810.52,4484.64
3205.43,4944.35
3504.62,4141.8
1462.97,2149.79
3159.6,5085.95
2912.07,3899.88
1206.57,1399.1
1973.4,3847.19
1663.13,1579.69
3519.69,4995.89
1561.47,1465.71
2351.29,3844.61
1374.99,2714.43
2365.47,4717.63
2898.54,4296.1
2522.13,4087.62
2289.25,4334.37
2227.99,3929.34
2195.84,3322.51
1622.33,2865.1
6536.43,5587.41
836.97,1841.77
2096.92,4058.78
2314.39,3092.26
3573.92,2145.36
4366.64,5081.15
3924.77,3733.52
2927.72,3963.12
1200.96,2670.99
2078.98,3128.78
2564.95,3140.33
2325.2,3005.73
2865.61,3959.56
1729.67,2350.45
6581.47,19115.08
2626.44,3852.24
3235.35,4688.51
4408.81,4531.1
1591.61,2782.93
2472.48,3442.0
901.46,1998.87
1171.27,3164.85
4606.66,4315.44
2329.0,3447.55
2384.98,2618.98
5471.41,5363.9
3987.03,5673.42
1657.14,2889.86
3076.83,4356.71
4373.66,4917.0
2938.49,4446.79
3339.72,4762.18
2890.06,3200.6
3280.21,4485.73
6623.26,5982.03
3374.88,5492.02
3599.31,4856.02
4140.89,4686.15
2662.36,3284.49
3384.78,4777.39
3401.74,4411.37
1030.75,1916.1
4011.26,4494.38
2397.1,3139.56
3615.25,5899.9
2539.46,4632.97
2270.43,4089.83
1731.09,2455.92
1778.28,2962.48
2175.85,3813.7
5823.55,5550.54
1739.27,3675.37
2525.3,3344.0
2583.85,4018.48
4156.38,5677.14
4660.9,4949.12
3493.33,4969.72
1261.28,3548.39
2168.45,3099.18
1612.94,2560.45
3932.14,4832.29
2390.96,3271.96
4728.99,6226.62
2481.07,2500.17
2295.63,3131.99
2900.1,4182.91
3309.79,8286.95
1552.46,2336.98
4062.03,4563.18
6163.08,5255.91
4885.13,5365.47
4094.93,4263.44
1088.15,2449.84
3380.27,3950.76
1795.01,2829.03
852.11,2614.09
1984.78,3489.75
4584.78,4746.53
6824.99,13955.99
1216.02,1391.38
4333.12,5165.37
3690.11,4541.49
1587.49,3147.1
5308.29,4817.0
1271.8,2306.63
901.46,1998.87
1049.85,2001.77
2638.6,3337.98
5617.87,5462.58
4622.3,5087.8
1500.32,3692.38
1180.78,2861.43
1201.63,3115.63
2673.06,3706.21
2379.39,4796.8
1622.04,1366.92
1479.23,3430.03
4541.25,5234.12
2162.65,3236.68
3379.75,3722.75
4421.38,4648.24
1831.99,2386.63
2029.4,3842.9
1453.34,3064.87
2158.14,3046.27
1379.15,2653.4
4010.89,5565.83
2237.82,3101.27
1872.9,3044.83
1826.81,3043.76
2589.14,4211.27
2098.52,4275.49
4944.31,5998.53
1767.75,3192.44
1634.35,4063.17
2134.23,4078.15
4120.08,4124.54
1891.86,3768.83
2752.17,4635.92
5807.81,5617.59
2291.3,2450.66
3164.79,4564.0
1308.07,3525.46
2618.23,2726.31
1237.98,2996.21
3454.64,3375.64
2934.05,4312.53
2919.94,3187.35
3644.33,3823.63
3470.97,3761.3
2520.45,3238.75
1795.97,3355.56
2065.67,2453.27
3477.49,3345.85
2698.0,3936.47
1555.81,1944.15
4528.98,5231.82
4604.67,5748.83
2397.99,4828.63
4187.48,4657.37
2873.68,3350.07
1897.73,2876.58
2516.31,3534.26
1053.25,2593.76
2024.13,2920.06
2201.51,3115.01
2174.99,3037.07
1717.39,3254.22
3264.22,4029.22
2431.77,4033.73
1607.12,3468.43
2673.25,4678.32
3529.08,3733.61
4271.98,5474.8
4140.0,4910.68
2756.17,4335.24
1865.79,3101.11
2468.69,3643.46
4990.99,5065.11
2725.35,1774.55
3544.74,4204.64
1859.88,3114.71
4241.53,5627.94
2257.88,4723.44
3561.37,4570.62
2985.87,3915.87
1669.01,2461.72
2099.54,2948.88
2822.22,3427.94
2202.91,4281.42
2910.37,3891.64
2309.44,4593.52
4305.26,4869.87
3056.21,4437.68
2772.3,4335.33
668.2,1785.73
3408.68,4823.58
2070.36,3883.33
5319.22,5719.99
2243.57,2828.18
3838.77,7018.11
3353.34,4080.16
1409.02,2149.05
962.3,3337.53
2005.1,3368.09
2712.75,4206.38
2183.39,4008.14
1793.42,2954.47
517.39,2186.21
4314.32,3911.96
5670.59,6543.17
2016.23,2471.97
4154.88,2981.02
4018.93,4842.84
4230.0,3689.66
2982.79,3693.17
5922.61,5789.1
3801.73,4972.84
6076.94,6470.53
2277.55,3180.04
6093.43,5562.49
2997.08,4305.2
2930.96,3925.47
944.19,2849.96
2305.16,3040.0
4158.79,4760.31
1926.05,3439.39
4672.9,5409.06
5068.68,5479.52
1521.78,3275.16
671.39,2271.63
3442.42,3448.94
3308.4,3943.5
2514.96,3700.29
3100.78,4084.79
2536.86,2492.64
2406.09,3074.82
3623.36,4680.44
6535.64,5503.08
1878.86,3807.29
3355.54,3436.26
966.16,2186.94
1732.19,2682.81
2644.14,3275.73
3114.39,4515.45
4558.64,5080.36
2572.24,3704.89
10897.0,8165.1
2209.32,4056.23
2759.23,3551.95
2438.75,3218.92
3585.88,3550.17
5795.63,5991.88
1584.64,3073.51
1871.68,3224.59
4502.0,5610.08
3428.28,3599.42
4568.51,4312.7
5635.68,4552.21
2510.83,4005.77
5673.77,5790.05
2084.47,2510.46
2655.22,4855.14
1983.1,3136.37
2790.01,4760.93
4634.7,3981.23
1660.57,3093.11
5564.37,5075.08
2845.82,4726.01
6100.06,13004.15
2911.07,3781.37
1950.07,3549.26
1465.74,3448.58
3444.75,3838.76
888.5,2594.68
2750.9,3641.07
1486.27,3911.7
6374.41,6051.87
2558.26,3841.86
2122.07,3376.3
2856.04,3769.75
1150.51,2658.71
4677.77,4150.02
4493.51,3521.15
4180.34,5502.22
3422.51,4382.76
3253.25,4827.54
1817.24,3396.34
1642.06,3080.62
3444.75,3838.76
2127.44,4642.93
5027.25,5323.84
9649.96,5365.23
2085.88,3123.27
4252.49,4068.41
6826.39,16112.85
3836.83,4459.66
948.93,2557.52
3835.74,4399.1
2099.6,2920.79
3671.63,4203.55
2012.07,2998.48
2815.39,3822.07
2379.38,4296.09
3923.23,4940.81
2658.5,4644.53
3229.38,3650.59
1036.81,1881.7
1854.7,3030.04
1434.79,3090.84
3083.82,4592.73
3921.86,5708.29
1758.19,3256.09
1921.17,3352.19
3960.55,5219.64
1638.58,2884.27
1504.3,3210.77
2351.49,3933.89
2987.0,4102.63
2839.08,4586.27
3908.61,3973.84
2661.41,3815.33
3880.93,3566.71
1206.83,2796.32
2269.05,3310.49
2926.85,5902.83
3045.38,3360.89
2699.42,4164.3
2884.95,3450.32
2716.93,3921.83
1832.38,3015.57
4789.26,4645.76
2475.41,3774.06
2190.24,3407.64
2275.34,3154.33
3180.48,4676.19
4613.5,5133.86
1993.5,3217.89
1225.72,2032.27
2518.31,3888.57
3572.56,4460.47
2594.25,3917.16
4044.47,4269.39
1899.97,1672.19
3851.46,5680.17
7677.32,5621.15
4278.66,4595.33
1937.75,3646.45
3661.95,4989.96
3334.96,3903.68
4353.43,4014.45
1497.51,3321.46
3919.79,4169.38
2703.66,3151.72
5861.53,5801.42
1586.16,3765.35
2750.27,3511.21
1285.06,3072.22
2533.68,3266.16
4500.55,3893.3
1597.49,3078.43
4091.32,4802.77
1731.09,2455.92
1139.97,3257.28
2183.48,2615.77
2917.16,4215.49
2671.17,3860.41
2919.05,4123.06
5469.69,6484.13
4246.13,4616.16
1658.64,4038.63
1337.58,3074.51
2586.46,3799.92
3292.32,3741.37
4236.12,4732.14
2224.27,2843.51
2103.36,3645.21
916.36,2749.38
2442.73,3140.64
5409.76,5291.77
4450.13,5756.82
6054.02,6581.49
2677.34,3363.73
2262.24,3883.78
2123.67,3700.65
9218.73,5637.37
2229.18,3956.69
2530.79,3244.36
2840.02,4151.34
6340.29,6675.91
3022.02,4541.08
1769.05,2979.29
4219.84,5298.26
1402.56,1992.87
4439.07,4870.68
2053.82,1787.7
5173.66,5144.88
3000.65,4468.81
6391.23,5993.51
2793.85,3256.83
4270.55,3726.91
3507.46,3529.73
2601.46,3688.26
1175.59,1404.53
4849.73,5009.68
2328.5,4103.7
4242.18,3856.97
2898.51,4175.69
4403.74,4642.98
3277.23,3660.03
1917.33,2147.28
5232.4,4885.86
2525.3,3291.78
1680.38,2355.23
1810.12,4064.29
5677.6,5157.88
2616.11,4715.42
2544.5,4251.17
922.82,2533.62
4672.2,4021.3
1153.48,2776.72
7671.24,6377.47
2051.19,3834.81
1493.81,1356.3
1198.75,1402.81
1131.2,2313.26
4028.44,4572.88
2242.58,3114.89
2169.25,3662.3
2858.63,3557.9
3984.82,4966.6
2173.0,3273.64
1924.69,3175.28
2721.83,3509.38
3493.67,4555.96
2093.74,2670.94
3051.48,3958.79
2206.74,3627.85
2927.69,4031.27
1951.27,2839.99
6932.15,5904.68
4528.19,4204.69
2549.83,2992.59
2171.66,3149.89
2242.48,3813.53
2648.82,3829.1
2254.2,3226.45
2164.57,3927.94
2875.51,4088.65
4706.21,5143.47
4528.14,3859.53
1699.41,2115.59
2238.32,4644.28
7942.13,7499.25
1901.82,3760.63
5611.88,5395.47
2650.52,4182.43
3808.41,3682.76
7389.52,11886.51
4027.49,3833.97
6110.84,6111.75
3828.99,13378.93
2900.45,3680.97
2219.83,3600.15
1967.61,3057.88
1303.55,3188.55
3554.37,4608.34
2233.73,3179.64
2653.64,4415.27
1442.73,3951.83
2623.83,3937.31
3654.68,4433.16
2588.11,4131.9
2527.84,3764.26
3678.37,4842.5
3407.64,3892.57
1627.73,3791.15
2119.71,4017.28
1682.41,3027.59
3965.17,5656.21
3620.95,5115.88
1249.71,2687.37
2494.56,4033.95
1563.28,3864.22
4653.45,5980.46
2993.94,3558.61
3554.83,4515.91
1471.58,3761.31
825.69,2573.46
3704.74,4879.67
5825.46,5749.73
3159.54,4080.61
1692.99,3412.39
1022.57,3166.17
2270.62,3118.31
1256.76,1387.17
3770.11,3742.03
2191.34,3961.31
3487.83,4364.37
1190.79,1415.89
3141.79,4171.59
3042.98,4996.21
1178.67,3253.53
2030.72,3553.11
1920.91,3549.19
2971.47,3669.47
3836.63,4708.13
2676.83,3599.49
2074.7,3195.99
1643.84,3160.11
1862.25,3544.68
3263.28,3360.79
3711.09,4577.19
8701.89,8963.17
1488.28,3102.05
3831.15,5064.01
2387.48,3226.38
1658.27,1952.86
2283.71,3622.35
1844.58,3984.64
1863.72,2393.85
3414.17,4166.67
1855.86,3082.26
908.54,2577.99
1643.35,3317.27
4989.89,5642.98
1660.91,2743.52
2305.57,3355.33
5087.58,5353.66
6745.02,5259.66
4103.99,4324.04
7026.91,5706.81
2255.8,3197.78
2348.5,4001.96
2774.45,3187.55
5468.83,4672.39
4077.15,4704.51
2983.89,3953.88
4657.73,4620.91
3100.16,4317.44
2190.3,3485.53
1710.45,2673.25
4592.55,4290.39
1647.17,3827.13
3611.72,4584.62
5630.7,5630.25
6631.09,7118.28
2121.53,4628.02
2981.31,4384.65
1571.5,3732.37
1390.89,1306.0
4264.15,4221.83
3358.12,3859.75
1447.67,3782.22
2098.02,3142.82
4141.61,4708.96
4138.9,4857.51
5931.35,5081.8
1643.28,3910.82
2203.86,3855.24
3783.0,3478.74
2836.27,3633.62
5351.52,4607.46
2844.06,3900.54
1383.35,2894.82
3270.45,4842.38
1303.24,1399.52
2749.48,4115.55
1828.39,2141.49
2525.2,3141.58
4747.46,4858.15
2264.43,3416.8
1424.14,3782.34
2662.0,4034.58
6278.2,5402.68
3157.63,3629.81
2932.37,4293.45
4145.19,4290.73
2967.75,3882.15
7145.65,5375.82
2704.23,4471.86
2927.57,2856.09
1996.26,3202.67
3526.42,5255.74
4499.26,3703.87
1546.84,3104.32
1870.74,2690.04
1773.14,2399.34
1588.47,3430.59
2191.64,4656.55
2620.56,4374.83
5119.54,5359.19
4567.41,6398.58
1651.7,2583.02
2666.71,3053.36
3036.44,3056.35
2658.79,3519.16
2274.17,3764.45
2657.66,4476.8
8762.21,6349.05
4640.33,5419.34
1938.49,3560.85
3426.57,4822.98
2668.21,4342.31
2803.59,4597.68
4728.0,3773.02
3226.53,4420.84
934.82,2541.86
2305.32,3544.9
3462.68,3817.38
3170.96,4381.35
4160.01,5671.01
1581.48,3014.12
5241.71,5533.1
5379.54,5175.82
1848.65,3861.75
2503.26,2936.04
2092.42,3909.83
4494.82,5089.83
3002.78,3915.33
2101.76,2646.69
1544.9,3097.27
3287.75,4695.22
2929.97,3670.83
2546.86,3407.9
3152.88,3737.33
2733.37,4536.89
2134.08,2575.47
1333.34,3086.95
1289.68,1346.25
2350.86,2483.3
5765.73,4520.7
1929.56,3602.48
5766.86,6806.64
3164.26,4991.7
2425.62,3175.91
2251.69,3679.95
2968.96,4106.33
1857.63,3090.17
5761.35,5685.44
1987.59,4009.41
5889.09,5029.03
1203.73,1392.82
5070.82,5140.09
3480.76,5016.86
2189.27,3100.1
4798.62,5699.65
1765.22,3442.07
2344.2,3200.88
1313.71,3006.06
4208.47,5121.15
2029.75,2690.96
2014.83,3550.92
3576.58,5112.56
4915.34,5916.48
1460.54,2756.43
2045.96,3077.59
1860.91,3499.29
5414.72,6220.49
2171.11,3451.24
3868.36,4440.74
3949.43,5702.16
3137.02,4038.81
2315.81,2886.92
1637.92,2479.11
3521.63,3096.75
5363.41,4151.08
2158.52,3793.87
2650.79,4264.42
1418.33,3448.98
3424.57,3970.53
2402.02,3244.27
982.65,1796.22
3274.1,3960.95
1121.63,1393.9
3552.23,3647.21
3406.44,4936.89
4203.74,2772.81
3296.45,3918.36
2863.29,2545.87
3143.46,4270.34
4085.48,4931.09
9964.75,6472.06
2061.34,3183.24
2616.86,4091.53
2863.74,3482.42
5328.15,6376.39
1908.92,3110.37
7794.33,6203.88
2181.85,2356.94
2544.96,3056.4
869.82,2035.5
2792.98,4979.08
2516.08,3561.47
3150.17,4768.54
4542.44,4689.72
3761.37,5677.75
4173.15,4444.04
2408.07,3518.6
2956.76,3480.16
2703.4,3879.94
2711.36,3952.63
3049.02,4436.13
1398.14,3070.97
1159.35,1384.57
906.05,2970.39
5675.46,5392.59
3186.5,3598.95
3082.21,4386.91
1212.1,2588.11
1721.7,3905.12
1553.69,1483.05
2304.71,3759.02
1694.79,2875.13
3935.21,5210.82
969.41,1862.21
2397.28,3380.97
2708.28,3395.04
3043.8,2988.77
2277.62,2896.31
2651.61,3395.7
3558.27,5595.03
4933.2,4785.12
3188.64,3971.3
4023.77,4886.32
4188.15,5680.54
781.16,2592.29
2422.46,3551.35
2118.04,1831.03
2227.48,3662.93
2336.99,3591.93
4468.9,4551.73
1720.33,2090.7
1724.64,4338.28
1603.09,3744.04
2928.11,4666.15
2139.12,3076.53
6087.79,5771.69
2649.26,4508.78
5272.95,5442.55
3393.24,4351.21
3169.11,3536.49
1669.01,2461.72
1835.44,3061.74
1942.49,2677.74
4885.09,4596.53
2446.25,3466.96
1769.48,3434.01
3843.91,4186.23
1185.25,1390.78
3078.82,2852.05
1621.89,3327.49
5444.06,5737.57
3426.22,4980.55
2346.85,3103.87
3147.82,3729.42
1767.98,3084.8
4781.96,4176.91
5576.13,6314.63
4573.35,4867.14
1721.29,3533.98
3534.81,4163.28
4099.99,3495.27
1633.76,2547.03
3006.5,3629.6
3933.85,4622.33
2083.78,3091.07
2971.07,4568.81
7067.54,6107.73
1623.14,2886.67
3517.96,4040.86
4691.62,4322.39
3269.32,4470.83
1754.25,3375.58
2336.89,3727.41
4721.29,4936.47
1449.19,3013.52
5913.89,5131.92
3331.85,5548.48
2198.71,3911.21
2024.54,3526.7
2009.47,3106.89
1829.06,1500.44
2309.36,3414.2
2301.49,3059.55
1390.15,3323.1
3479.13,4803.03
2107.1,3609.36
3277.0,4557.3
1741.01,2951.15
1677.2,2823.96
4494.57,4620.07
2763.12,3111.93
1262.98,1442.79
3678.09,3701.25
2323.31,4310.43
2631.19,3240.3
4287.85,5344.9
3337.7,4075.21
3643.63,4886.14
3132.22,3858.95
2261.12,4674.6
6014.35,6010.11
1278.46,1379.88
2224.1,3631.63
1538.57,3129.58
2893.71,4399.44
3068.59,3226.55
3272.3,4385.26
3561.52,4813.1
2731.61,3817.35
4271.24,4762.42
5038.53,5307.89
5799.52,5405.9
1381.4,2501.63
3163.83,3642.03
787.23,2599.9
6324.84,5816.14
1600.21,3057.01
1590.29,3430.54
10935.0,6489.12
3285.74,4477.87
1557.19,2532.13
3297.93,4137.55
1304.01,2716.57
2373.6,3462.51
4667.51,4353.94
2049.01,3002.52
6551.55,7642.41
5973.49,5588.25
2039.86,3678.63
2473.26,3981.3
5151.97,5323.85
1013.25,2885.08
1613.93,3860.19
2373.57,3703.73
1340.63,2783.92
1340.32,3983.36
3437.51,4907.9
2160.43,2678.78
5346.68,5868.94
2590.11,4221.97
3443.82,3759.81
3693.6,4136.39
3257.89,3257.64
3509.54,3141.25
1169.09,3162.0
3124.32,4567.2
2910.48,3269.96
3497.15,4222.52
2912.21,2556.82
2125.98,2644.68
2582.38,3656.07
3296.5,3895.62
1475.04,1565.31
1294.08,2045.25
5946.2,5660.15
2894.45,3672.23
3381.86,4447.7
2944.92,3833.91
2199.57,2549.42
5119.79,6027.02
4342.14,4931.38
1337.39,2826.38
1935.64,3171.72
2483.59,2851.44
1890.66,2602.24
1504.72,3601.73
1602.89,3260.18
1590.44,3108.75
2369.11,3830.6
1414.72,3038.06
2488.28,3284.37
7183.42,6340.82
2375.79,3679.71
2130.51,3181.25
2587.45,4083.52
6067.45,6351.73
2173.24,3750.92
2850.02,3938.34
2250.88,3122.91
2319.25,4029.2
4475.5,5213.99
2697.31,4454.41
6167.47,6642.21
4766.71,5611.96
3115.38,4243.18
2331.99,4635.71
2722.02,4407.36
2999.85,4153.58
2467.85,4511.13
2685.03,3897.07
1261.81,3520.61
3225.03,4942.35
3267.85,4726.56
1858.7,2079.7
2054.3,3843.0
1075.22,2646.57
1846.09,3102.27
1642.44,1497.01
3830.53,4947.53
5114.37,5068.18
1307.03,1399.42
3092.92,3460.92
2302.33,4158.26
2922.23,3311.77
2098.78,3882.85
5100.6,4697.28
2985.91,3639.64
2034.28,3759.78
1290.56,1893.87
2148.73,4081.48
5367.97,4018.35
980.27,2185.0
2786.13,3810.94
5023.2,5607.29
2472.4,4280.63
2206.92,3827.11
2863.6,4183.42
3668.47,3599.34
1269.83,2441.29
1743.77,3395.52
4113.98,5621.96
3219.38,4405.14
4120.93,4265.4
2823.97,3594.8
2329.64,2775.84
3128.71,3262.6
3766.8,3768.35
1811.12,3538.38
4366.93,4830.79
4754.37,3883.65
1811.49,2901.88
2147.86,2673.7
2133.49,3639.52
2422.85,3897.59
2013.92,3615.13
2519.07,4135.14
2512.08,3289.09
5252.87,5336.75
2208.21,3484.18
1490.53,2584.52
7807.1,5560.43
11301.3,5981.68
3515.39,4883.9
1744.97,3503.7
2613.16,3259.52
2559.75,3491.09
1732.71,3754.84
4045.08,4043.18
876.26,2092.56
4255.45,5222.38
2535.74,4186.18
2624.26,3438.63
3431.1,4821.27
3957.2,4988.01
2576.4,3116.17
3188.98,4391.31
2177.0,3327.86
2483.81,3550.32
2402.74,3598.01
3422.64,3670.09
2865.13,3836.15
894.83,2585.52
4626.4,5040.2
4140.95,3946.39
2847.54,3239.35
1759.32,2602.16
3314.69,3213.94
3238.94,3586.87
1917.89,2258.75
1910.58,3487.51
2665.66,3868.33
6395.73,5019.19
2854.53,4764.19
2341.01,3360.36
6243.89,6431.85
4756.93,14946.22
712.72,2533.8
1926.14,3463.55
4062.16,4721.85
3448.08,3366.34
2315.71,3740.26
2265.48,4677.03
4305.46,5189.72
2435.18,3722.48
1963.61,3087.97
1354.34,2411.18
2698.81,3495.74
1972.02,3444.28
1629.78,1514.39
3198.31,4011.98
8888.61,5567.67
1496.4,2739.54
1822.13,3482.46
3467.86,2668.91
2371.68,3996.93
1744.89,3288.43
3411.49,4796.51
2345.87,4083.8
1337.69,1907.91
2326.65,3681.31
4328.11,5798.41
5912.84,13053.66
3319.63,4360.56
1085.67,2091.08
4377.45,4696.56
3949.36,3957.85
2479.19,3793.39
4380.27,4454.27
7352.06,6365.7
2702.62,3711.03
2326.14,3891.15
3898.26,4103.3
2019.32,2292.89
3418.0,5119.0
8011.48,5345.12
2265.13,2818.57
4613.67,5939.89
1457.59,3320.22
1220.14,3718.17
2148.49,3210.33
1889.16,3665.06
2476.96,4522.54
2971.26,4981.07
2561.2,4585.39
5355.51,5266.73
2508.83,3704.44
3192.37,4785.42
790.03,2636.56
2701.5,3236.6
4961.03,4789.38
2747.52,3754.56
1565.1,3168.43
6322.97,5546.18
1947.23,3572.2
3070.42,2464.83
6832.01,5524.68
6625.11,5346.29
1394.24,2276.87
2710.32,4841.44
4663.7,5142.3
4584.29,4688.36
3410.35,3649.5
2538.44,4486.58
2111.78,2873.77
2085.18,3439.15
1908.39,4724.58
1649.22,4043.58
5045.11,3830.53
4030.59,4621.5
2401.62,4021.59
729.42,2353.3
2342.76,4196.76
4783.52,4782.89
3019.95,4267.52
4698.75,4943.3
3205.67,3776.14
4997.1,4736.1
2309.02,4290.57
6902.39,5728.65
2540.81,2960.91
3598.12,4325.02
874.09,2185.5
3378.48,3544.65
5640.57,6191.8
3255.04,5098.87
1411.96,3865.7
2023.48,3080.87
4894.75,5564.93
2355.54,2576.57
6443.02,6319.96
4969.76,4530.65
766.28,2592.03
5137.0,5692.21
2010.74,2231.61
3838.38,4278.25
4864.14,5070.02
1509.32,3128.45
3661.72,7520.91
1581.51,3325.86
5852.08,4900.23
1819.37,3409.13
1849.33,2624.99
4511.31,4197.93
1478.59,2293.71
1838.08,2504.49
3155.72,4237.34
4890.98,5373.24
3339.17,4124.06
4344.67,5683.96
1839.82,3295.28
998.83,2248.04
2137.43,3019.37
1328.48,2953.41
853.03,2455.49
2310.1,3523.58
2182.39,3247.71
1779.51,2788.05
2596.45,4871.81
3202.18,4524.31
1962.0,4166.15
1737.86,2877.6
3772.97,3870.15
3833.2,4507.16
3914.92,4625.38
5443.45,5366.88
2060.31,3254.86
1535.68,3049.66
2144.57,3818.32
5158.86,6111.94
4861.18,4973.89
1822.83,2368.77
3034.91,3621.24
2609.91,4275.45
3986.01,5685.86
3998.27,6507.14
2876.12,4071.32
1658.9,2518.69
4505.38,5223.59
1505.97,2844.07
2591.19,3894.49
3231.85,4588.37
2559.51,4134.2
6122.21,5361.96
1997.29,3026.59
2500.48,3037.63
2330.36,4769.12
1646.56,2452.19
2390.38,2573.69
2617.7,4152.5
2957.11,4165.13
2851.52,4748.95
1194.1,2546.37
3077.98,4479.75
1793.97,3076.6
2009.99,3761.46
4836.87,5520.25
4379.2,5403.36
1036.72,2696.92
2195.17,4535.38
5798.1,5435.6
2804.75,3315.29
2130.97,3281.42
1974.72,3072.39
3096.7,5067.35
2552.73,3948.03
3938.67,5210.71
2716.2,4118.35
5446.03,4927.79
2219.52,2802.39
2016.34,2218.94
3212.58,4045.42
1345.17,2615.19
1748.58,3342.09
2399.5,3413.97
1981.49,3355.52
2652.15,4304.9
5470.56,5733.96
3323.32,4090.77
2158.23,3397.01
2345.26,4800.08
6945.83,5197.63
3799.87,4579.81
6793.17,5712.46
3895.34,4498.31
1931.73,2827.05
2077.96,2680.91
5689.5,29668.61
3075.21,3819.54
3342.51,4588.46
4387.39,5621.44
3182.67,3689.78
2183.78,4645.52
1608.34,3006.16
3821.3,3638.66
3784.38,6308.65
2087.14,3158.72
2645.52,4876.45
4682.97,5630.77
4316.66,4369.63
1947.93,3521.38
5357.49,5843.54
2937.21,4081.3
5206.18,5116.68
1398.03,2840.59
1673.05,3628.54
985.63,2726.57
1181.42,1394.76
2690.92,4203.77
2028.12,2048.58
3137.44,3707.11
4692.06,4454.93
4739.13,5264.73
3005.1,3652.38
1849.7,3392.06
3078.62,3162.87
2127.93,2578.22
5542.84,4986.63
2005.25,2532.82
1173.38,1695.55
2539.78,3826.6
2596.98,4226.42
3220.08,3263.92
2273.21,3463.56
1897.15,2828.75
2684.53,3683.06
2462.91,3908.98
1319.11,1464.85
5966.11,4298.0
5546.76,4298.43
2119.98,4057.26
2057.73,4218.09
1421.51,3095.89
4465.83,5341.57
1566.57,3924.51
1811.15,1820.15
2687.55,3462.22
822.36,2537.43
3791.16,3864.8
2471.04,4208.65
4045.27,3750.58
3432.56,4910.19
1446.83,1838.31
4395.94,5144.67
1120.76,1899.92
4786.84,4956.29
2660.5,3080.06
1413.13,2913.18
5438.93,6227.01
5448.82,6244.02
2533.6,4484.41
4777.9,4176.06
2135.1,2499.67
1276.6,2285.48
1736.26,3574.76
2080.32,1737.06
4444.8,5224.07
4326.36,4702.93
2385.09,3047.18
3546.69,4140.54
4854.17,5218.28
2985.82,4033.12
2494.73,3640.55
2758.44,2743.88
2225.92,4062.77
5417.82,5093.55
2096.07,3997.86
6570.46,5816.04
2568.48,3279.24
1785.63,3466.4
1292.28,1892.51
2336.09,3331.38
2782.63,3479.35
4931.41,5076.32
1973.08,2528.5
1600.36,3286.51
1778.97,4747.27
708.8,2562.83
1532.95,3768.04
1626.35,2914.79
2186.3,5572.34
6052.93,5035.64
2502.93,3952.34
1576.4,2030.34
1930.16,3222.79
2528.58,4168.36
1476.12,2123.24
2188.47,3533.5
3369.45,4539.34
4353.31,4429.37
3209.25,3905.17
1716.71,3593.22
3440.25,3760.55
7712.32,6272.59
4812.67,5762.58
3314.93,3673.79
1300.37,1388.62
1632.43,2001.35
3420.54,3175.98
3227.43,4202.05
3275.38,3786.85
2184.66,3498.23
4628.02,4092.24
4084.46,4231.19
5860.12,4747.88
2320.93,3396.52
3664.7,4871.27
1808.23,2792.33
6061.93,5310.21
1511.7,2861.37
4300.21,5326.24
1376.4,1426.57
2016.72,1845.91
1822.67,3286.42
1937.81,3068.63
4168.71,5105.5
856.29,2489.52
1872.63,2797.47
7822.98,6206.26
2851.8,4045.4
4250.87,4770.77
3422.79,4110.8
2364.57,3700.59
2747.04,4366.78
4827.67,5789.28
3017.62,3228.69
4901.5,6348.27
3948.07,4708.89
1758.88,2855.47
3268.94,3767.27
1608.8,3968.83
1622.29,2412.61
3473.8,4069.6
800.37,2547.0
1647.32,3919.0
3493.8,4644.3
3967.32,4225.19
2198.58,2990.28
2937.56,3873.61
1984.27,3741.33
1761.33,3502.78
2688.56,3897.76
1969.46,3229.48
2407.21,3910.97
6437.43,5005.99
2244.82,3365.56
2142.56,2987.02
2321.6,4255.93
5712.04,5022.5
3162.23,3779.47
3279.36,4735.97
1544.98,3327.82
2971.38,4112.45
1398.03,2840.59
1276.31,2606.59
4011.95,5225.7
2775.36,4037.96
6920.0,5078.53
6086.21,5582.14
5708.35,4931.15
2734.92,3276.18
4692.75,4780.99
3496.95,6363.78
7001.52,5602.79
1353.32,2699.87
3211.84,4253.62
2555.55,3065.51
2169.91,4588.29
769.95,2469.59
2264.24,3106.33
2884.66,3660.99
1655.83,3232.13
2661.3,3918.45
4265.94,3571.54
3130.85,4966.37
1318.21,1431.67
2148.87,2786.03
2221.23,2850.0
3160.7,4112.07
1722.95,2206.33
4240.87,4587.35
2175.92,2932.89
5517.4,6234.39
4933.63,4330.59
3911.27,4352.61
3451.14,3650.84
2574.66,3249.65
2295.41,3061.45
2748.51,4345.54
2538.54,4094.03
6876.41,5282.82
3083.75,4235.94
5637.24,4460.79
2153.23,2693.4
2300.86,3199.6
1797.61,2182.44
1477.49,3092.7
3018.61,24291.65
3480.7,3524.57
3579.72,3915.4
1685.51,3075.55
3444.75,3838.76
4924.77,2428.87
2968.18,3233.03
2688.75,4152.85
2533.41,2660.2
8304.08,5576.98
1857.55,3081.06
5850.55,5388.24
4264.45,4665.29
1628.27,3745.7
1211.96,1388.75
3242.35,4749.38
3509.6,2217.61
2333.21,4033.89
5533.93,6534.0
2421.71,2607.72
2373.6,3392.4
1906.68,3162.04
1147.46,3238.58
3385.23,5036.01
2826.49,3321.33
3123.14,3781.13
1958.25,3919.29
2651.65,3946.05
4927.14,4437.53
2445.46,2495.15
1989.59,3570.66
3435.47,5131.7
5712.47,4411.35
1985.59,2981.6
1710.12,3882.81
1867.35,2669.28
1946.33,3378.36
3506.26,4365.9
1536.11,2464.08
3337.05,4578.81
3113.54,4151.71
5483.78,4891.25
2195.91,4110.26
2856.43,3397.27
2423.94,3767.88
4283.01,4993.96
5298.31,4354.2
2018.57,4081.7
2132.59,3978.77
2050.78,4657.09
3952.46,4290.34
1898.93,3578.83
3821.85,5047.04
3529.73,4592.99
2124.96,3204.57
2542.29,4179.46
2942.7,4889.01
6055.82,4671.17
2487.41,2586.94
2615.07,3713.95
3998.85,4201.49
2508.87,4173.45
3119.86,3493.35
2352.87,2819.51
3339.58,4590.08
3227.66,3043.09
2441.06,4111.44
4533.15,4917.05
2977.45,3930.99
2372.27,4018.12
4493.04,4432.53
2034.78,3073.58
3118.53,4025.82
5124.4,4417.35
1968.66,3162.69
1735.26,3098.12
3018.2,3967.03
1773.47,3926.17
955.33,2192.05
3475.86,3221.88
1701.67,3723.04
3227.34,4013.07
5254.23,10796.86
1951.79,2691.28
2208.53,3925.82
3184.76,3364.05
5354.6,4829.42
2891.32,4011.43
1589.47,3457.58
5184.48,4690.79
5755.95,5278.85
2800.95,3255.29
3038.78,3686.37
2164.19,3476.85
4381.62,5082.28
2075.86,4627.56
4446.11,5750.42
1881.82,2934.2
1174.78,1406.66
2089.55,4137.7
3723.07,3557.65
3951.15,5059.67
5812.31,6161.81
6693.45,5863.17
2020.11,3850.87
2426.06,3231.94
943.71,2579.86
4696.35,5006.05
4850.35,5388.22
1028.76,2936.64
2502.89,4229.5
1458.41,3744.45
1735.45,2634.85
2501.88,3321.22
4097.33,4422.76
1034.08,2700.73
6432.73,5658.57
1287.08,1340.41
1475.71,3090.53
5617.63,5500.47
3189.58,4024.94
1183.26,1406.52
2541.45,4291.84
2065.63,3076.97
1547.56,2147.24
5351.19,5217.56
3140.75,3943.01
2576.65,4126.2
2344.7,2887.05
1714.22,3129.83
2923.79,3632.75
2402.2,3254.34
3204.19,4551.38
3344.47,4177.22
2274.78,3575.58
4816.53,4800.05
3712.92,4406.67
1229.5,2125.64
4798.04,4125.37
2344.51,4804.76
2187.91,3536.51
2237.38,2967.97
1242.69,2727.47
1959.79,3669.28
1866.38,2824.0
1954.77,3454.84
1248.14,3169.64
4156.19,3927.57
1172.89,2406.28
2248.83,3454.62
5351.54,5538.16
3209.61,3245.72
2021.67,3648.88
3169.01,4281.36
2931.12,2340.96
4983.65,5727.28
1911.04,2987.98
1967.72,3212.57
2607.6,2806.01
1374.47,2884.7
3562.0,3880.18
1208.55,2453.24
1813.23,3810.16
4339.28,4034.47
4678.96,4519.25
2670.2,4159.78
2415.57,4018.4
4645.62,5150.97
2596.54,3775.52
3245.99,3796.22
2880.47,2118.38
2792.24,4347.03
1221.8,2529.36
1465.78,3111.89
3830.56,5679.05
2101.16,3750.77
2867.58,2817.13
1166.33,3111.46
2256.01,3405.25
2833.16,3381.76
2760.1,4314.01
5491.39,5305.06
3188.92,4189.57
2875.17,3273.04
4475.9,4573.12
3149.09,4693.89
3577.87,4345.9
4270.12,5127.81
4374.44,5560.25
2881.47,3321.85
1870.43,2596.84
2210.11,3566.83
1269.01,1362.02
3243.52,4630.17
1927.23,2701.5
1575.38,1939.25
2525.35,2736.44
1256.18,1454.56
4870.23,4836.05
4766.59,4628.88
2387.46,3340.76
3444.61,3771.05
2092.42,3909.83
7451.43,5407.67
4040.63,4346.0
2049.83,3936.33
3532.97,3954.69
2661.53,3743.91
1042.34,2178.18
2989.12,3841.22
3122.95,4594.76
1322.43,2689.77
3205.72,4527.18
3372.15,4032.86
1304.97,3188.68
4038.16,5585.34
1876.53,2615.66
1250.05,1408.76
3721.76,4593.52
2224.65,3899.06
3094.68,3711.59
4830.43,5218.09
1212.39,1947.98
1879.72,1571.82
3116.1,3456.31
1300.46,1983.96
2558.89,3358.48
2161.95,3093.31
2363.57,3844.0
4060.35,5055.86
1314.01,2503.58
3293.86,3747.83
2958.9,3429.08
1253.25,3729.33
3833.94,4746.66
3714.8,4936.32
3387.56,4825.24
3553.4,4644.64
2691.58,2886.69
4884.33,5408.79
1973.12,3344.66
1541.52,2848.79
1690.36,2852.31
2826.53,4380.34
2496.43,4232.72
2285.39,2512.19
3998.71,4741.95
3401.62,4566.99
1861.84,2529.81
2565.99,3270.89
4032.63,3640.95
5575.04,4780.78
1264.48,3025.97
3219.94,3685.07
3434.13,4439.31
1462.18,3480.64
1597.83,3858.21
3750.75,4573.58
1410.41,2821.28
1418.72,1404.37
2068.37,3047.71
1484.56,3195.93
3266.79,4860.77
2079.9,2516.76
1800.51,2622.43
1477.41,3212.58
1415.06,1899.99
2012.56,3914.66
4489.89,3898.54
1717.07,3431.93
2104.61,3020.04
1613.52,2402.93
1741.65,3080.7
4453.31,5112.71
2568.48,3279.24
2949.12,4142.83
4518.52,5753.68
2376.61,4608.24
1914.7,3120.14
4302.17,5151.11
2840.73,4718.49
3754.78,3716.45
3069.31,4191.28
1353.19,1419.52
2293.09,3267.06
3360.65,4007.91
2428.14,3589.08
1672.24,3964.26
4671.86,4404.75
2066.76,3103.28
4363.03,4166.19
1875.1,2570.96
2238.32,2661.74
1708.18,2118.2
3046.45,2495.87
5363.41,5729.51
1780.6,3987.96
1223.45,3222.05
3090.38,4635.52
4566.02,5498.23
1337.56,1894.83
2386.4,3771.65
2082.08,3901.07
2458.41,2823.11
4220.47,4411.55
2151.99,3657.69
2982.39,4325.24
4354.58,4860.19
1072.91,2174.37
2998.18,4106.38
2895.33,4108.73
6048.19,5447.67
1265.75,3230.13
2621.05,3464.45
2505.12,3925.2
2746.3,3219.07
4716.58,5358.54
2068.72,3432.73
2849.63,3264.27
3378.81,2975.85
2061.14,2534.11
2250.55,3218.27
3125.5,4205.91
3660.09,5543.2
1807.05,2895.81
3854.94,5075.85
2426.7,3141.95
3465.56,4211.67
2556.58,3407.9
2568.89,4260.31
2248.19,4333.36
1332.24,2144.45
2233.42,2893.48
2327.01,2631.58
5258.0,5346.16
4097.53,4609.61
3557.69,4616.55
2880.77,3622.35
1026.79,2192.22
2983.0,3375.65
2096.81,3228.34
3411.93,4711.17
3031.54,4555.83
1115.94,2767.75
4601.85,5710.86
1671.33,2612.52
1363.85,2781.93
3047.68,4680.27
2643.85,3181.29
3071.61,4116.36
2328.54,3951.7
1191.5,2497.19
1601.68,3252.63
1848.3,3976.42
2441.2,3973.47
2010.3,3850.78
2391.33,3606.64
2120.11,4013.63
6599.0,4987.33
2095.2,3345.12
5239.26,5115.9
5960.34,4907.84
3069.59,3386.82
2786.41,4241.92
4820.17,4578.57
1700.33,4690.22
2214.73,3027.89
3636.67,4868.36
5659.78,5066.03
1700.15,3721.55
2843.44,4600.53
1776.97,2787.4
2765.73,3157.0
1996.5,3008.74
6486.01,5461.91
2185.35,2973.56
2230.44,3639.74
2210.02,3713.11
2900.04,3477.26
2024.13,3050.15
1468.52,2492.95
2908.39,4670.63
4477.42,4731.71
2311.32,3537.76
3411.94,3289.26
2506.78,3454.2
2869.43,4548.86
3585.38,4084.46
1633.39,2739.2
4314.89,4962.53
3127.34,3485.85
3231.37,4583.34
7086.05,5701.71
2226.94,3527.35
4271.98,4185.44
1917.44,3189.82
1171.32,1910.14
3997.62,4804.01
2146.62,4220.58
3109.85,3991.09
2699.44,3301.82
4916.1,4824.55
1717.25,4489.02
4125.09,4207.18
2674.34,4007.43
2392.9,4125.78
2446.95,3752.29
2131.0,3172.2
3463.62,4300.42
1293.6,2482.36
1751.95,3515.93
4204.72,5648.01
1641.28,3111.7
2184.46,4641.25
4963.62,4358.62
4790.56,5761.87
3253.04,4930.86
1306.35,3030.76
3417.96,5121.82
3101.72,4310.98
4176.05,3594.65
1414.49,3371.98
3431.01,5069.92
1295.78,2452.66
3560.27,4987.45
5857.29,13312.44
6466.64,5551.47
2825.4,3072.32
1220.92,1919.6
2842.82,4090.91
4354.17,5678.85
4513.77,4320.86
4187.33,4276.26
2323.07,4022.57
5972.48,5930.73
2849.43,4247.32
2628.58,4559.64
2185.52,3680.5
6894.69,5511.79
3462.8,3999.28
2298.58,3124.01
2061.5,3011.5
1451.56,2179.07
3261.95,4292.29
5086.74,5185.56
5210.72,4568.11
1800.08,3430.69
1306.76,2935.45
3087.51,4310.76
1649.61,1393.27
4432.22,5932.97
1513.45,3045.82
1855.93,3868.46
2285.2,3457.6
1718.5,3239.39
2479.53,3561.11
3177.5,3405.67
1084.38,2389.61
1713.77,3096.25
3874.2,4444.72
3250.02,3841.12
1711.73,2858.51
3634.83,4369.09
1662.77,2495.32
3692.9,4087.4
3681.81,4287.0
1870.32,3027.11
2580.1,3969.21
2783.44,3121.53
2128.23,3104.08
2791.95,3673.13
973.08,2732.14
3453.75,4692.76
2181.16,3680.78
3811.83,4315.69
2599.31,3954.19
2226.23,3760.81
2586.38,2908.3
3026.56,4105.77
4677.07,5643.26
3024.45,3632.76
1541.56,2946.45
3879.85,3869.78
5421.41,5243.44
5557.29,4943.77
1784.16,2168.1
4187.48,4657.37
2781.47,4707.86
2372.36,3169.31
3565.33,4579.52
6349.24,5630.55
3563.84,4593.23
4778.21,4949.13
2035.2,3079.77
2547.53,3995.4
1170.28,1349.47
3155.02,3586.87
2010.77,3208.58
1113.55,2320.3
2511.62,3670.92
1407.97,2540.5
3397.68,3604.36
1146.55,2808.35
2549.96,3626.55
2528.57,2928.8
1221.01,2939.42
5692.86,5069.47
2134.55,2745.37
2731.1,3852.4
1592.97,3371.56
5112.81,5321.08
1521.85,3255.6
2432.95,3455.54
7162.0,5476.76
2378.65,2825.44
5625.98,5138.92
4037.25,3934.37
4501.1,5402.68
1813.61,3662.92
1830.39,3415.2
4102.29,4020.49
3358.34,5090.38
2248.55,3254.42
960.49,1756.0
4480.96,5088.1
5216.74,4674.14
3226.36,3618.99
1816.15,3409.79
3078.91,3745.58
4038.65,10779.62
4444.8,5224.07
2476.35,4339.64
3386.38,4198.52
2439.42,4432.7
3690.95,3910.57
5476.17,6544.03
4447.04,4982.3
3048.41,4676.0
3675.48,5650.77
1718.74,3620.16
2778.85,4270.33
2320.27,3499.95
3239.76,4397.77
1979.65,3703.35
1945.65,3189.92
1651.08,3322.29
4428.81,5103.18
2174.03,3380.55
1418.0,2220.65
2298.2,3550.98
1771.18,3653.06
5383.7,3916.55
3625.85,4495.53
1629.29,3525.34
1612.36,2985.14
4940.09,4801.83
3948.34,4838.22
6668.48,3338.15
1767.34,99211.81
5256.49,4969.04
2568.19,4373.38
3757.49,4579.86
2091.87,3090.76
3860.0,4765.82
4304.55,4590.7
5739.05,5404.8
4663.25,5700.77
3382.83,3919.32
4001.56,5141.38
3254.44,2161.88
991.17,2444.27
4342.8,4392.84
2611.66,3220.54
2622.86,3319.67
2170.79,3999.74
3006.96,2652.03
6361.13,4323.09
2414.23,3115.33
3043.83,5045.22
3962.54,4462.56
1522.01,2485.41
2999.43,3062.0
2623.51,3551.36
2493.89,3240.12
2067.79,2018.71
1665.77,3795.96
2061.81,3086.61
3173.35,4527.26
2019.2,4080.4
4351.44,5634.58
7401.82,5962.5
3501.63,4575.44
2734.56,3815.48
2281.75,3215.34
950.26,2619.15
1053.23,3034.98
5296.43,3916.77
5904.25,4794.6
6308.76,6494.33
1172.43,2430.96
3678.49,4461.41
2870.91,4636.19
2858.48,4083.77
1893.4,3246.5
2277.55,3180.04
1886.35,3492.33
3052.99,4429.36
2302.07,2627.06
1727.23,4065.62
2597.28,3261.55
1704.67,3595.48
1951.76,2433.62
1833.76,3915.97
3490.63,4031.81
2994.06,4426.89
1738.35,3113.07
1322.31,1970.42
4784.34,4783.48
4118.62,5105.81
4847.76,4904.97
3556.14,5203.35
3109.21,4761.99
4936.4,4627.68
1869.53,3042.04
2158.0,3514.22
2818.85,3228.84
4092.1,3708.67
1928.2,3982.01
5249.34,4697.28
2061.91,3155.84
4537.78,4838.87
1454.91,3302.39
1478.73,2826.14
5233.58,5338.61
2235.35,2586.86
4525.97,4390.56
1816.85,3937.28
1053.23,3034.98
818.15,1888.19
2333.47,3254.69
2166.13,3073.88
2588.93,3016.07
6966.73,5582.17
2288.35,3782.3
2778.12,4369.69
1279.01,1250.29
2338.66,3187.64
2157.66,3555.39
1321.33,3331.8
2929.42,4153.8
6351.19,5534.85
1176.2,1388.81
4038.99,4963.33
4548.21,11299.78
3524.53,4374.56
3297.22,3618.57
5128.49,6800.6
3145.26,3816.3
3454.43,2953.06
2058.04,3983.6
1315.49,1368.38
1987.72,3432.74
2944.63,3829.81
5305.51,3995.8
5136.08,6097.83
8603.91,6983.51
1746.12,3247.93
1628.74,3513.58
2823.12,4263.39
2850.64,3842.02
2243.31,3535.97
4743.42,4935.87
2345.04,4018.45
1290.25,1382.27
2897.91,3367.2
3091.71,4158.21
2005.16,3973.88
2775.06,2799.41
5433.5,7186.13
1650.94,3759.62
3890.42,4963.98
1820.86,2603.92
2273.06,4072.63
1313.92,3128.51
2006.49,2973.19
2268.87,3667.24
3347.93,4725.81
2646.56,3692.77
2311.34,3168.94
2868.55,4036.12
5200.14,4918.82
2184.31,3022.42
2031.23,2991.33
5183.59,4274.15
1473.99,3317.78
3461.9,2739.79
1548.87,2759.02
1093.61,2634.01
2417.59,4008.22
6869.4,5860.72
1691.38,3066.48
2918.64,3075.44
1926.35,3809.91
1735.26,2233.79
3124.21,4751.48
2508.58,3715.35
5318.02,5692.98
1503.6,2485.73
4044.82,4986.2
5418.9,6334.51
1606.05,3659.7
2737.28,4135.93
3140.41,4177.85
3820.54,4622.65
1949.89,2486.28
3907.85,5668.96
2158.57,3841.75
3900.34,3780.2
3932.58,3568.21
2972.7,4132.2
1451.39,3021.02
2911.1,3128.2
3913.48,4480.42
2320.57,3882.77
2087.71,2842.81
2159.83,3706.58
2384.28,3184.23
2496.8,3236.45
5534.49,5730.59
4303.95,5155.79
3898.72,3998.15
4499.34,4675.03
3238.3,3445.57
4076.29,4055.05
4011.12,4488.98
2148.37,3544.61
2738.26,3432.5
2900.65,4101.42
5031.56,4383.96
1230.24,2771.48
2068.78,4282.97
3284.24,4752.05
5399.2,6220.35
2031.85,2541.16
808.62,2717.92
1663.13,1579.69
2374.86,4573.96
1950.54,2812.05
1818.99,3393.46
1546.93,2545.53
1401.71,2035.31
7814.79,5642.8
2981.51,3729.26
1676.68,2573.75
3467.4,4461.06
915.21,2620.96
3332.18,4599.95
2418.57,3818.1
3628.13,5107.63
2674.78,3218.69
3757.24,3686.94
2781.2,4333.09
4557.68,5011.43
916.92,3023.86
1301.25,3145.88
3927.4,4854.48
1497.66,3775.96
2613.88,4635.26
2537.48,4108.16
1315.99,1393.23
6523.89,6139.85
1465.24,2158.34
1808.11,3473.15
2492.78,4028.96
1190.85,1823.81
1340.48,2962.93
7193.56,6382.79
7603.57,5808.13
3383.99,5276.24
2142.9,3147.04
1772.17,3835.1
1256.33,2796.56
2603.96,3728.77
6811.21,4540.5
1939.37,3940.54
1096.09,2357.06
5738.58,6547.3
2527.72,3802.19
3405.36,4496.38
1469.22,2553.04
1662.17,3307.0
6192.86,5626.16
4158.93,4484.43
5562.98,6553.93
3319.38,5504.21
2528.53,3738.06
1470.11,2856.23
1224.83,2846.3
3367.12,3781.62
5011.62,4416.03
1342.83,1930.07
4169.37,4812.46
1553.32,2734.26
3864.31,4167.49
1288.74,3147.3
2067.63,3998.49
6610.35,5481.59
2830.24,3818.67
1134.77,2836.35
2482.43,4309.37
1806.07,2490.94
3491.61,4158.48
5762.02,6116.0
4129.48,4379.51
4829.09,5679.37
1894.88,3047.92
4739.8,4114.13
4186.17,5679.47
5453.97,4555.97
1832.95,2737.5
3090.76,4408.62
1455.01,3238.05
2808.65,4145.37
4031.34,2407.04
4531.48,4829.95
6246.74,4387.23
1475.27,2785.74
5045.34,5866.15
5022.75,5570.93
3347.34,4639.86
1277.69,1339.44
1652.7,2437.29
3998.96,2698.77
2959.66,3829.58
2475.18,3768.94
3421.39,3724.88
804.92,2326.0
3548.96,3635.87
517.98,2230.89
2415.73,3246.87
2040.37,2967.98
2015.22,3442.7
2835.66,4327.66
1391.85,2861.83
4536.88,4827.21
1924.58,3458.5
7672.38,6147.02
1474.56,2408.49
4183.18,5778.81
4696.35,5006.05
2610.71,3844.4
2166.0,4654.01
3040.22,4556.65
1133.29,2887.69
2568.77,3185.48
3329.93,3656.63
1888.72,3141.21
3835.78,4695.42
5331.09,6153.36
1961.47,3796.35
827.57,2538.04
2549.95,4076.61
1581.81,2804.2
2991.27,3822.67
3489.68,4543.56
4144.41,3533.34
2182.92,4169.24
3495.57,4437.88
2044.85,3046.4
2340.83,3203.2
2777.63,3384.59
2967.13,3736.61
1804.82,2397.22
4010.73,5078.35
1389.54,1447.73
3394.67,4496.21
2398.85,4831.17
945.85,3075.75
3167.62,4100.0
2603.51,4691.89
5688.54,5362.47
7390.86,5330.7
3110.89,4716.9
3697.85,4843.51
1906.88,3514.37
2150.02,3360.69
5153.71,5756.88
1230.34,2408.44
2868.52,3496.66
2734.44,3984.8
2989.05,4550.28
1936.11,3958.51
1292.45,2508.02
1190.01,1386.06
1464.48,3094.84
4827.61,4888.54
1592.94,1512.89
7068.55,5764.08
1749.71,1963.87
4730.89,4739.82
3447.2,3325.48
3584.66,3967.5
1379.69,2720.37
2953.18,4907.48
2349.56,3883.34
2881.85,4254.01
1260.89,3007.18
2832.73,3719.54
2807.42,3795.39
2656.5,4026.59
2688.65,3162.04
1946.38,2179.93
734.15,2540.44
1959.74,4006.27
2833.78,4974.56
2142.14,3356.37
4632.48,5685.41
1436.98,3893.12
3547.58,4973.0
3275.92,3694.56
3727.0,5014.88
2072.89,3950.9
4332.36,2824.39
1951.69,2714.83
5176.16,4751.66
1729.67,2350.45
1649.68,3915.48
1305.65,1408.34
877.81,2700.0
771.87,1769.89
3695.14,4944.81
1634.86,3762.74
3800.58,4144.31
4394.05,4855.4
1956.83,3952.33
3602.1,4205.88
1409.66,2670.93
4280.49,5368.31
2620.75,3851.74
2757.6,3249.6
1509.89,2889.47
2693.03,3667.74
4981.62,4681.31
1189.58,1389.8
2647.68,4059.69
3061.52,2381.37
6038.41,4159.87
1847.26,3057.67
1862.68,3080.35
5780.05,5996.19
1580.49,4283.28
1279.66,2304.7
1362.38,2736.06
5160.73,4993.82
3853.79,4250.28
1520.98,3499.0
2023.69,3146.77
2491.4,2686.58
5032.0,6279.29
2092.24,4628.67
6617.33,6307.42
676.83,2583.53
3996.29,4321.99
4099.99,3495.27
1233.37,2469.41
2206.86,3969.78
2392.0,4269.17
1980.04,3468.34
1791.79,2626.7
1775.14,2985.27
2033.75,3078.01
3211.71,3819.04
1397.93,2470.56
2838.6,4826.34
2965.38,4209.69
4165.91,4585.44
1772.15,2955.78
1780.88,2625.2
1374.96,2754.6
3556.21,4322.15
2118.76,4007.15
3333.78,4426.5
3216.05,4162.02
1172.38,1815.08
3953.41,4891.25
973.5,2189.0
3255.97,4219.79
1261.1,2862.19
3670.68,4332.15
3498.58,3724.94
1147.67,3305.45
4973.04,5042.3
1789.87,3047.4
2330.98,4128.81
3054.89,3431.61
2422.5,3163.51
5226.74,5075.31
2921.11,4645.04
4522.81,4809.88
2632.51,4462.9
1196.49,2823.33
2372.31,3745.15
1915.59,3345.28
5732.24,6903.96
2632.57,4375.89
2672.27,3664.13
2254.56,4004.33
4814.93,4644.75
5935.3,6292.57
1143.04,2060.57
3300.75,4830.37
2234.98,3580.94
3174.78,2784.78
5179.05,5260.4
7085.44,6418.75
4572.23,4556.93
3596.42,3457.39
1438.42,2517.3
5107.95,5648.37
2562.2,4057.08
1304.61,1400.58
1415.44,1443.9
2078.35,3100.74
2408.83,3936.57
2435.75,3799.54
5658.81,4984.2
1926.16,3317.35
2814.56,4293.75
4041.28,5108.58
3260.23,4136.7
2351.62,3545.63
2749.32,4719.48
1445.02,3067.48
2117.06,3092.37
1865.63,2056.59
9035.47,6827.57
3328.57,3605.46
3047.5,3264.96
2293.5,3302.71
2765.01,3633.28
2427.46,3856.3
2000.5,2809.62
2493.04,3917.03
5881.5,6046.82
2588.29,3503.6
4682.96,5188.61
4483.4,5286.4
1853.79,2483.69
2154.31,3441.69
2810.44,3095.99
867.24,2186.03
2667.28,4121.76
2368.05,3354.59
1683.41,2991.95
2187.79,4645.93
1611.83,2710.3
3685.49,3666.11
2576.55,3706.19
2616.89,4912.99
2103.92,3830.02
803.95,2743.73
2144.31,4637.38
3609.5,4175.22
4794.24,4145.02
2916.14,3325.01
3492.48,3777.82
2438.19,3086.1
4882.16,5204.93
1368.97,1450.35
4269.21,4450.19
4013.76,4931.03
1337.13,1833.38
1804.25,2458.05
2880.83,4224.9
4510.24,5049.91
2929.2,3756.59
4145.56,4996.73
2673.81,3642.43
2616.6,3229.46
1617.87,2690.77
2500.82,4698.85
1842.9,3390.79
3409.71,4321.19
2282.47,3701.12
2514.2,3175.75
1939.01,3008.89
3152.35,3679.01
2082.41,4427.15
2612.2,3910.8
3077.66,3431.77
1059.07,2877.45
1038.58,2190.95
2095.28,3550.41
3590.68,3917.79
2089.81,3752.17
4865.85,4751.81
5162.75,4955.15
2353.58,2723.17
1561.15,3362.23
2605.67,3929.06
4024.96,4865.22
4032.55,5125.54
2023.73,2528.52
2433.01,4581.61
2298.39,3796.9
4495.09,5156.4
1993.52,2970.54
6186.76,4958.11
3040.3,3937.53
1984.68,3285.09
2526.14,3088.17
4406.27,5303.68
2802.86,4078.14
1871.82,2673.27
3344.27,5059.75
2970.04,3804.5
3134.98,3852.83
2166.76,3070.96
968.21,1316.89
3303.38,4802.93
2079.13,3023.7
1424.52,2844.64
3101.48,3902.84
3072.15,3331.02
5618.02,5447.53
3129.54,2550.46
1938.52,3234.92
2331.68,3928.18
1864.91,3841.05
1822.23,3209.52
2383.15,4062.55
1829.75,2691.41
3598.19,4559.79
2923.88,4044.17
1422.76,2912.49
1355.49,2622.16
1319.15,2848.89
2017.96,2776.17
1309.07,2984.15
6804.73,6295.63
4933.39,5085.77
7495.0,14808.46
1277.88,2683.37
2906.23,4014.31
2453.13,4117.72
2488.1,4438.24
2153.27,2029.13
1885.18,2656.85
2854.27,3261.89
6527.17,5401.69
2560.21,3644.31
3522.44,4210.63
2093.02,2388.1
2271.78,3697.54
1560.66,4243.76
5609.45,5328.47
2552.01,3304.87
1468.89,3885.49
2129.71,4022.13
5700.34,5269.45
3218.15,4023.36
3103.88,5124.15
2118.53,2403.65
2517.98,3648.31
5319.82,5359.76
1805.43,1524.37
1595.74,3194.89
1957.12,3759.95
3128.65,3779.61
1731.68,2881.65
2647.33,4130.8
2245.39,4278.67
3373.03,3454.51
2170.14,3137.68
1856.46,4167.66
1516.36,3112.19
2347.9,3421.25
4027.41,5301.93
1600.05,3102.57
1483.32,2555.66
1686.61,2263.39
3161.31,4025.11
1390.64,2574.65
2627.83,4194.39
2584.41,3288.18
1597.47,2149.63
6869.74,5666.74
2049.09,2552.93
4398.43,4246.97
2790.24,2912.15
2947.17,3636.0
1010.17,3039.31
3079.68,91983.7
6247.57,5272.29
4843.34,4445.19
5012.69,4355.45
1622.75,3096.87
1986.61,3097.19
3632.35,4297.6
7657.9,6306.63
4256.42,5132.7
4122.0,4888.98
1336.74,3220.8
2958.87,3393.36
4527.76,4916.3
3671.71,4836.3
1973.38,3629.05
5061.95,5397.51
5868.94,5469.69
6790.48,5424.8
2228.54,3088.17
4444.33,6210.97
2462.53,3437.96
1184.19,1403.39
1600.11,1976.8
2688.29,3551.86
2589.71,3686.87
3956.08,4397.67
2618.02,4698.46
1342.75,2811.55
2717.31,3876.93
2582.19,3578.76
2016.37,2987.19
3303.08,3257.61
2077.47,2608.95
2799.61,4864.84
3021.9,4656.24
6337.83,4956.28
2532.32,3110.79
1288.4,2775.22
1697.18,2487.08
8423.33,7620.85
1773.96,3334.62
2352.23,3742.2
1195.93,2934.83
4683.0,4763.57
3548.17,5924.74
2475.77,4124.03
1970.39,4460.47
4162.97,4148.97
2524.46,4645.2
7386.48,5177.32
784.06,2365.54
4634.38,2747.25
4360.63,4826.0
1834.46,2724.42
3694.35,3645.93
3939.02,5003.79
3699.12,4868.9
2724.08,3212.82
1497.37,3056.28
2710.29,3823.47
2553.53,3943.56
2476.61,2663.72
7024.93,6342.9
1136.21,2843.36
2134.08,3030.8
2932.24,4842.74
3251.56,3670.55
2608.1,3271.14
998.78,2918.1
1471.11,3775.0
2025.16,4209.61
2039.92,3853.26
3285.72,3940.8
4645.74,5417.24
2851.75,3505.4
3411.82,3700.45
6174.67,6608.88
1937.15,3756.44
3706.31,4500.22
1188.44,2773.19
2906.96,4331.75
1923.28,3661.42
3986.04,5502.37
1672.11,2912.77
1574.76,3622.9
2715.3,3369.39
2193.99,4184.16
2725.57,3194.13
3124.84,3760.46
2327.69,3547.38
2604.85,3291.58
2845.92,4373.35
887.32,2184.62
2978.55,3674.53
3200.41,4688.65
1531.78,3805.05
886.85,2565.37
3815.95,5229.7
3282.72,4192.73
1836.36,3449.21
1856.46,4167.66
3962.02,4510.78
2200.96,4217.01
2409.02,3085.69
5689.5,6930.25
3510.6,3833.6
1888.58,3175.36
1310.35,2795.12
6781.76,5839.2
859.46,2730.99
3251.71,3251.97
2515.64,3387.77
3040.57,3860.09
5552.38,6567.0
2985.33,3697.57
3721.52,4220.5
1401.8,2845.87
5170.94,5799.41
1832.61,2917.06
1487.59,3086.63
4331.27,5710.42
2952.8,3863.75
5404.64,5628.89
1206.8,1386.46
3425.51,5538.95
1730.1,3832.79
2671.61,4193.32
4508.2,5063.89
4934.87,5202.9
4071.18,3811.69
1579.54,3592.07
1387.35,2002.2
1294.4,2307.69
3048.89,4169.71
10440.3,8902.77
1325.07,2826.74
1590.64,2639.19
1774.28,3182.98
4671.65,5774.84
4065.11,4290.57
2822.02,4104.11
1118.26,2896.79
2448.59,3840.52
4110.93,5391.34
4833.72,4864.7
4704.61,5806.44
4461.19,4467.8
3984.5,4185.93
3457.11,4929.89
1451.85,3202.84
1654.44,2262.23
2051.54,4434.46
3570.14,3830.65
2441.72,3937.63
1286.47,1440.0
2327.6,3549.17
4159.59,4465.81
1650.52,3130.98
5409.76,5291.77
2463.6,3929.4
2687.9,4602.96
2571.61,4061.2
881.62,2602.26
4235.29,4783.78
3990.15,3789.82
1929.21,2838.81
2011.77,3577.42
5874.55,5124.21
1266.66,2828.29
1182.96,1754.3
1663.65,4206.49
1957.61,3748.89
2980.15,3973.74
3927.37,4970.38
2134.61,2504.5
7144.88,5669.58
2731.4,3359.15
1467.22,3509.26
4131.07,4614.81
1856.37,3314.22
3388.55,4328.15
4373.09,4996.02
2271.24,3036.33
2253.67,4257.59
1569.12,3966.66
1655.32,3265.5
4537.76,4774.2
4383.91,4405.85
3288.37,3490.83
2641.48,3207.01
3554.72,4941.57
2784.14,5011.21
4869.3,4159.93
2243.25,3099.96
2571.8,3494.08
2868.27,3450.69
4674.4,4952.85
2608.55,4415.24
6268.22,5579.01
1950.12,3160.93
1948.78,3644.8
1958.61,2011.07
4107.17,4938.35
3396.2,4613.9
2565.38,4146.88
4009.83,3430.65
3843.93,3980.44
4331.34,4403.86
1175.65,1394.71
3533.67,4876.13
2726.28,3539.92
3081.44,4209.73
2470.82,4307.92
3932.22,4049.41
3221.58,4820.43
5147.08,5211.43
2667.01,3205.2
1126.95,2037.26
2620.98,3228.84
1920.79,3456.91
4153.95,5861.07
1343.26,1806.06
2514.31,3694.3
2468.13,3750.98
2004.89,2914.57
2453.48,4594.86
3096.72,3759.41
1922.94,3867.31
1966.27,1556.82
2109.19,2842.42
2301.42,4592.77
1995.23,4141.15
2332.53,4622.0
5650.01,5098.44
2545.81,3806.65
1934.15,2164.65
3407.84,4058.82
1452.68,3148.1
2592.97,3513.85
2805.99,4770.92
5235.29,6280.21
4095.48,4631.41
4585.29,4547.77
3480.46,4324.76
2758.2,3601.57
3359.98,3451.19
2546.59,5086.59
5013.85,5451.67
2766.48,3441.86
5568.46,5275.0
3205.43,4944.35
2026.35,3565.89
1952.54,3604.55
1691.99,2748.24
4107.6,5896.86
2963.07,3942.16
2052.56,3092.44
2434.18,2671.65
5751.23,5285.22
2161.85,3830.1
6416.12,6638.54
2787.71,3506.98
2812.59,3751.11
2771.11,4412.93
3112.81,3714.29
3600.37,4584.44
3324.0,2615.57
1781.42,2781.0
4941.6,5342.81
1536.11,2464.08
2534.84,3971.25
2565.4,4970.26
1073.06,3034.62
2492.64,3639.84
2043.1,3581.58
1263.5,3406.63
2100.97,3019.1
2009.92,2555.75
2791.3,3138.54
2833.07,3794.64
2916.99,4061.8
2701.83,4067.39
5631.87,6556.03
4810.11,6170.14
2507.08,4013.37
2960.8,3618.6
1199.59,1394.26
1233.07,1393.65
6329.06,6638.2
4269.07,5084.52
1626.61,3227.01
3344.14,3576.68
3880.85,3724.18
7942.59,7163.07
1541.52,3140.63
3659.61,4221.43
4419.37,5263.11
3135.55,3895.42
2573.16,3322.83
3220.28,4242.56
4447.76,5053.22
2850.96,4096.67
3476.36,4102.94
2096.79,3055.55
5434.23,5411.24
2056.89,3027.37
1920.04,1650.12
3211.37,4422.13
4928.03,4978.84
3081.86,4386.42
2814.7,3985.22
9375.7,12789.34
1079.24,2496.77
3106.47,4175.02
2470.79,3657.57
3042.41,4890.85
1950.7,3028.66
2542.23,4029.35
2255.61,4004.67
1847.48,2817.75
5562.04,5270.5
3074.33,4580.22
3186.6,4003.44
4080.1,4319.13
2118.91,3002.41
1000.68,1772.19
2777.74,4189.83
3755.64,4763.56
1501.83,3838.55
2310.0,3246.1
5959.02,12919.76
2840.86,3788.15
3119.53,3705.65
2033.94,3180.47
5583.01,6423.22
3813.63,4409.62
2145.11,3053.35
2509.7,4128.65
3753.42,4602.62
5217.24,4802.99
2815.7,3339.58
4506.98,5384.79
2526.59,4683.4
1855.93,2983.04
5200.8,5642.25
1908.73,3190.69
5956.89,5324.74
1773.7,3452.17
2224.3,2975.9
1477.44,3105.96
2482.44,3433.1
1819.69,3445.89
2390.01,3772.07
2304.47,2907.74
3098.34,4471.87
2691.36,3280.06
3121.2,3720.62
1082.95,3059.37
2416.66,3501.03
3703.03,4492.64
1482.33,2002.76
1764.37,2407.18
3238.08,3571.01
1149.14,1341.59
1325.12,2132.53
3662.56,5000.15
3809.07,5585.51
3007.16,3638.67
2461.67,4528.86
3456.29,4422.51
2334.24,2836.78
5531.53,4932.63
2338.31,3547.41
2882.79,4716.8
3258.38,3939.17
2521.41,4881.49
1978.14,2488.61
4988.02,5033.45
3862.13,4139.06
2764.53,3724.13
1738.8,3141.25
1797.95,3085.05
5182.94,5407.92
1374.29,3324.44
1847.75,3333.08
3077.68,5514.3
2767.27,3193.87
2672.52,4682.36
2891.9,4503.68
725.35,2567.81
2399.91,4029.79
3586.8,3623.26
3889.76,3880.55
2525.94,3782.58
4350.82,5565.74
3562.17,4113.51
2635.86,3605.17
2748.94,4207.62
2649.59,3568.19
2674.47,3987.2
3426.03,3769.2
2941.6,4114.23
5785.96,5875.3
1381.71,1427.53
5525.3,5425.68
3495.95,4655.72
5064.01,6212.49
2941.68,4346.0
2187.1,3962.54
3046.8,4912.95
1190.53,1379.09
3609.97,3649.43
2851.58,5325.46
1297.79,3057.15
3549.91,4354.08
1534.99,3773.34
2223.69,3961.99
1214.96,1388.76
2635.47,4178.49
2402.87,3567.99
2916.64,4719.42
2415.2,3620.51
2189.27,3470.35
5224.94,5020.19
2557.43,2628.59
2704.23,3428.7
5222.47,5421.99
1607.68,2513.89
2391.88,3829.23
2298.2,3550.98
2227.74,3205.69
1777.18,3146.38
2138.34,2330.41
1797.95,3627.29
3078.06,2999.89
2365.65,3254.93
1762.53,2351.79
3045.41,4106.18
2610.83,3332.04
3804.95,3744.11
8694.85,10010.84
6757.47,6459.89
947.14,2204.03
2659.62,4022.09
1818.26,2678.53
3007.45,3339.21
2033.94,3180.47
3013.09,3316.7
2001.88,3147.75
2112.48,3230.1
4999.2,4670.98
3732.94,4633.02
7455.98,6139.0
3730.15,4776.96
6052.87,4958.89
4845.79,5574.58
1722.68,3777.89
4697.66,4841.32
1551.01,3316.52
2418.54,3490.57
2950.7,3760.29
3014.38,3802.53
3810.39,4292.54
2496.11,4147.18
2138.64,3122.12
1673.87,3013.49
2245.45,3417.54
2269.99,3239.63
744.71,2569.43
5418.46,6229.71
2105.48,3686.33
3380.26,3886.33
3902.66,3794.63
2755.63,4121.7
1067.47,3211.11
2216.55,2933.47
3247.84,4864.5
1194.63,2567.72
1217.12,1405.2
1717.07,3513.54
5542.81,5542.63
2422.72,4186.95
1866.32,2334.29
2496.02,4330.46
2420.87,2772.15
3966.79,3644.85
1896.59,3402.91
3010.09,3999.52
4421.36,5027.78
2767.12,3894.4
5395.83,4612.09
2995.9,4081.81
3219.94,3685.07
3172.09,4185.0
4803.88,5013.62
2542.38,3952.04
1616.68,2927.42
3184.05,3305.28
1857.14,2984.13
3297.79,4612.13
2785.94,3203.01
2183.21,3232.13
6407.65,7442.72
2613.16,3259.52
2464.07,3532.7
6362.74,5859.21
3645.77,4704.87
8135.82,6230.49
2909.1,2998.59
1508.81,3200.21
3026.37,4105.16
1498.77,2423.98
2890.94,4441.95
7614.83,17195.34
2138.97,3794.87
3915.43,5147.77
3594.32,4271.54
2929.76,4108.2
2588.96,4670.6
4130.2,4551.39
3038.23,3564.54
1735.15,3709.82
2534.5,3728.6
716.33,2164.67
2378.62,3990.38
2050.09,3078.66
2779.45,3561.77
3030.44,53031.3
2475.96,6202.27
1185.71,3038.62
3705.9,4992.73
5441.92,4295.44
7345.65,5188.86
1896.45,2629.86
2878.09,3689.82
2873.65,3682.51
2445.0,3266.01
3450.29,4768.23
4254.89,5626.09
1792.85,1666.68
5001.14,5453.89
1959.43,3137.65
5837.23,4899.14
4488.36,8241.7
2669.94,3255.95
3360.48,5060.86
1527.19,1739.48
931.85,2048.96
2636.68,3987.13
2814.47,4376.97
2588.31,3449.17
1573.38,3887.19
1986.24,2563.63
3739.34,5686.49
982.29,1773.57
3138.87,4427.86
2804.93,4042.47
4034.24,4609.22
4036.24,4636.8
769.66,2635.73
3177.38,3629.08
5722.5,4735.95
2540.91,4012.19
983.3,2735.87
2534.9,4583.53
1052.63,2856.29
4544.98,5655.56
2273.55,4118.92
1219.25,1950.18
4414.95,4930.99
4568.01,3772.78
1980.57,2537.78
4030.25,4692.81
1105.66,2491.49
2493.87,3722.02
4525.72,4497.33
2376.34,4266.03
4732.36,5805.82
1993.13,3022.25
1020.4,2641.59
2052.63,2564.58
1820.23,2767.62
4610.39,5164.4
3620.54,3826.92
2146.32,3064.22
6998.42,23624.22
3475.57,4839.67
2231.53,4632.68
2199.61,3629.5
2965.33,3477.94
2137.23,2803.95
2349.79,3321.33
2359.12,4079.96
2149.94,3465.44
4963.39,5308.62
2336.15,3333.51
2955.01,4146.43
2193.81,3993.09
3113.14,4337.94
3528.87,4246.22
1612.81,3314.96
5563.46,4479.85
6601.06,15811.31
5328.68,4852.44
2076.31,2805.38
3138.92,4767.24
1835.39,3469.77
4719.89,5330.34
1822.23,3209.52
3000.4,3976.34
2723.71,4283.33
1847.91,2633.78
2870.91,4480.0
7906.38,5993.75
2403.2,3286.68
1969.13,3925.78
2138.91,3331.85
4293.95,5006.16
8463.38,6537.5
3087.06,4226.31
3216.93,3814.08
3155.3,3705.62
1546.75,3087.34
3274.66,5113.93
2927.02,4865.39
886.85,1792.98
2090.74,4003.44
3188.08,3779.22
6193.87,5252.71
3147.96,2594.17
1288.44,2114.81
3786.41,3635.75
6302.94,5528.4
2763.89,3672.33
2832.22,2992.08
3189.09,6150.8
2591.35,3671.59
4931.1,4652.02
1130.18,1982.23
2657.36,4159.58
1676.61,3100.21
987.79,1959.64
2582.73,4940.11
1712.61,3130.82
4331.0,4414.34
3125.72,3757.99
2132.66,3354.21
1811.03,3836.1
1459.98,3331.74
1654.35,2531.85
2514.24,3120.89
4173.76,5341.93
4490.89,3963.43
7607.57,6042.65
2991.79,3434.87
2317.11,3813.83
1204.26,2574.84
2611.58,4161.14
2196.08,3107.39
3079.49,3369.93
2788.27,3659.03
4243.55,4464.04
1129.68,2554.58
7125.42,5622.28
2078.9,2601.7
5137.07,4773.26
2770.15,3861.88
2129.8,4087.36
2852.69,3374.11
4530.81,5225.13
3144.63,3907.27
2038.71,3479.61
3892.75,3702.08
1859.47,3074.45
1883.12,3793.96
3380.66,4105.61
1887.73,2116.13
2847.5,3269.56
2820.61,3612.47
3192.33,5945.72
1330.01,2449.39
2144.72,3823.44
2016.97,3193.36
4151.91,5139.11
5637.35,5186.71
2762.83,4072.28
5050.83,5730.96
4435.7,4724.29
1313.7,1427.81
2608.69,3952.72
3328.74,4700.44
3189.51,3517.65
2092.24,4628.67
2043.81,3100.08
1227.19,2679.85
4546.46,3777.7
4866.73,4648.6
1601.98,2309.53
2684.89,3668.5
2978.66,4568.58
1593.18,3194.56
4093.41,5684.63
3319.46,4768.29
5671.63,5283.26
5092.14,4589.68
4541.25,5234.12
3055.08,4938.96
6301.16,5810.91
2382.8,4130.11
2628.96,4286.73
2119.24,3601.51
5225.79,6043.33
2577.17,2299.53
1944.2,3182.51
4491.24,5461.96
1613.73,3064.79
3224.0,4237.12
1848.57,3115.97
2323.2,4029.35
5457.55,5464.85
6548.62,5815.83
2182.31,2991.28
4189.98,5098.2
2048.98,2329.76
3066.99,4695.37
2373.81,4061.1
2592.56,3750.11
2074.76,3028.37
920.57,1841.28
3544.73,3895.39
6971.66,4561.89
1702.8,2563.38
1117.16,2505.6
2712.82,3929.16
4997.96,5946.65
6122.21,5361.96
11787.1,17643.5
2922.78,4697.77
2430.99,3237.19
2179.61,3099.92
2448.75,2646.72
1597.75,3508.06
1916.53,3068.2
2046.57,3064.87
2097.29,3107.52
2063.79,3728.98
3154.1,3585.7
3856.75,4566.08
2110.6,4055.72
3133.41,3527.35
4738.41,5478.84
3303.54,4827.47
2794.39,4137.58
2935.92,3281.75
2515.01,3103.34
3969.72,3825.65
3178.91,4255.95
3062.41,4684.63
2474.83,4215.58
2920.28,3875.05
3623.22,5005.24
2762.06,3086.17
2370.32,3935.76
3013.81,4646.13
2379.92,4708.85
3298.64,4652.97
1474.21,1933.2
2312.23,4544.51
1440.08,2448.92
3193.48,3832.78
4785.04,5330.03
1957.35,3548.05
2660.84,2259.38
1444.8,2815.37
2680.5,4181.7
2219.68,3853.63
1937.58,3216.96
1110.87,1798.52
2890.76,4480.78
2225.07,4000.46
6122.85,5638.65
4234.77,4825.49
4801.91,4889.77
2562.57,4160.33
4204.55,4804.1
2600.22,3967.41
5794.81,5537.18
4462.37,4254.93
1006.78,1359.7
3172.17,3670.51
8301.0,5103.06
4225.93,4658.77
1426.39,2695.55
4783.96,4914.85
1328.59,1422.64
2341.45,3731.85
3004.41,4437.44
3031.74,3695.94
1466.21,3517.96
5201.36,4817.91
2178.01,2595.0
2133.45,3606.34
3556.85,3952.9
4385.73,4889.6
2168.12,2635.06
1919.07,3751.5
2181.3,3000.8
2484.9,3860.12
3435.99,3369.38
4626.15,5332.24
1073.63,2382.18
2252.44,3842.96
1929.69,2510.15
2854.17,3814.65
6328.8,5326.71
4355.69,5132.0
3111.66,3812.51
4666.2,5548.23
1986.94,3431.98
3309.69,3651.31
2574.66,3777.61
1992.46,2515.19
2105.88,3950.52
2078.03,3076.78
2104.49,2996.51
1277.52,2631.16
1852.05,2810.5
5169.05,9805.04
1399.72,2966.08
2140.34,3701.65
3181.14,4087.62
1672.27,2049.54
3460.55,5066.33
2600.24,4056.7
5300.78,5319.22
5380.9,5684.19
2983.69,4682.77
1867.3,4005.44
2055.25,2555.15
1861.39,4084.07
4887.44,5451.4
6166.07,5778.09
2226.23,3913.21
1816.33,3750.6
2330.69,3107.3
2720.52,3156.74
1259.28,1388.93
2144.85,3839.61
3286.35,4487.43
3347.89,4633.7
4103.84,3748.27
6340.37,5734.77
2811.83,4180.13
5312.79,5754.5
2248.46,3518.43
1789.2,3411.15
2645.57,3640.46
4645.9,5330.65
2674.34,4007.43
1550.97,3760.03
2289.52,3579.83
2135.38,3521.65
3109.23,4268.02
2919.85,4542.73
1851.08,3196.13
2763.15,3297.84
3030.74,3534.4
6004.44,5197.28
2780.26,4680.87
4194.29,5081.49
3662.51,4090.63
3371.74,4184.56
1979.44,1574.64
7420.79,6219.16
3836.72,4441.67
3369.31,4250.96
2689.64,3631.08
2746.35,3987.57
2039.84,3393.95
2275.55,3943.47
1882.23,3337.18
5530.4,4533.03
5320.28,4474.79
3505.7,3454.25
2267.54,3132.13
2959.65,4601.27
2589.88,3120.78
2372.12,3647.82
1483.02,2351.27
1953.6,3791.54
1582.57,3090.91
2009.37,2382.46
2122.01,2481.54
1960.57,3128.5
6843.51,5827.25
2932.93,3439.08
2979.21,4122.03
1521.19,3632.73
8059.5,5864.53
2724.3,4141.21
2641.62,4564.99
3492.06,3934.06
1899.37,3690.01
2755.75,3767.1
2703.1,3610.23
1189.58,1389.8
5377.6,5358.67
2058.88,3390.25
3134.65,5941.13
3720.82,4120.38
2807.78,3639.81
3573.9,4127.62
1871.97,2753.28
3543.61,3510.9
1529.77,3596.15
4765.07,5101.7
2925.4,3404.78
1958.01,2926.9
2800.71,3698.85
8601.04,8055.64
7013.36,6347.6
3335.53,3377.25
1785.63,3857.47
2766.38,3405.14
3361.01,4816.86
4118.52,5000.84
4618.01,5111.28
2125.25,3075.31
1914.7,3120.14
7062.75,5392.42
2661.65,4180.22
3201.77,4806.29
1307.92,1436.34
4082.1,4216.44
5011.62,5378.07
1836.75,3228.85
1777.69,2858.38
3798.81,4012.9
2762.57,4335.92
4348.7,4381.11
2559.08,3582.75
2915.15,4533.17
2149.28,2963.2
3053.12,3635.45
2025.37,3234.18
3468.39,4261.52
3362.5,4834.74
2519.94,3664.67
3132.22,3858.95
3127.24,4266.92
5754.77,5310.34
4288.8,4817.69
4881.38,5429.24
3705.47,4585.32
3906.62,5205.73
2082.17,2693.98
1798.01,3054.52
2034.59,2677.36
3470.43,5019.57
3082.49,4235.67
1960.81,3438.69
6779.64,5068.08
1327.82,2200.75
2530.7,3221.55
2058.79,3226.18
1522.24,2478.08
3450.49,3180.84
2792.22,4463.06
3081.9,4096.78
2818.46,3545.98
3942.8,3788.87
3164.43,3770.02
4402.95,4439.32
4068.34,4762.15
2752.08,3637.4
7039.34,5858.27
1854.81,2847.96
3530.61,3915.02
2637.41,4435.33
6547.84,6484.84
3857.57,3808.36
1510.24,2500.24
2464.07,3883.3
2693.06,5789.54
2804.22,4040.18
3179.14,3970.18
3020.26,4187.69
1802.24,3559.49
3831.62,5436.47
2801.84,3438.57
6841.15,6221.86
2815.12,3472.92
3151.15,3704.07
3734.52,4307.6
4291.47,5623.55
5150.17,6118.41
6779.06,6045.48
2743.69,3884.79
957.4,2184.27
1935.44,3181.43
4561.61,4632.59
2609.91,3182.06
2028.48,3220.41
3626.45,4829.59
6244.26,4806.38
3066.39,3528.83
1610.35,2857.65
1506.24,2550.79
2056.59,3484.99
2517.7,3962.81
2913.66,2511.65
1255.72,1385.8
2557.92,4836.34
3852.01,5660.54
5034.99,4873.64
2816.21,3786.58
3576.33,5071.07
2410.36,3912.06
1824.19,2703.32
3317.82,4641.45
5529.33,5975.6
900.43,2079.16
938.73,1792.4
3689.8,3720.06
2969.05,3618.99
1935.09,3247.34
1571.96,2856.13
2617.05,4092.74
1683.6,2879.86
1558.54,3040.87
3532.28,5075.43
1953.79,2455.9
2685.4,4373.56
4113.47,5564.18
4707.24,5332.82
3543.23,3666.41
3023.92,4128.05
1829.84,2645.96
1681.24,3227.12
1972.39,3678.36
4896.99,4152.88
2268.89,3544.98
4376.2,4988.73
4525.96,4260.34
2804.39,3469.5
1914.82,3081.35
2215.9,3219.9
2909.01,3775.15
4163.78,4600.11
2015.23,2332.74
2072.25,4024.6
3889.36,3659.66
2245.36,4014.85
4832.45,2736.42
3772.21,3790.12
2495.53,3850.56
1787.55,2378.18
3346.48,4567.3
2940.6,3607.74
2079.96,3851.51
7183.14,4447.52
4459.61,5381.4
3749.81,4265.74
4497.94,4582.01
1759.02,2596.57
1845.73,2338.16
4607.14,6264.35
3640.0,4191.2
1099.79,3006.21
7067.85,4649.22
3811.37,5849.54
3692.58,4883.99
1794.23,1698.67
7638.95,13782.93
2358.39,3726.24
2486.5,3544.52
6539.93,5456.05
3255.77,3686.54
3092.12,3532.76
2446.46,3694.18
1727.85,1463.64
1398.42,2915.27
1827.84,3293.87
6180.09,5704.35
4962.42,5412.24
4962.68,4368.38
2428.84,3841.69
4785.31,3735.99
6470.88,5370.3
1871.04,3611.72
1965.29,3842.47
3798.02,5288.91
1832.07,2784.15
3031.1,3635.32
2481.69,3681.08
2118.45,3634.11
1668.42,3120.92
2121.58,3064.43
2972.15,3465.95
2625.17,3282.89
6496.4,6220.53
2403.42,3187.4
7997.71,16122.75
4283.32,4311.62
3515.89,3764.53
1426.11,2868.78
8502.3,7045.56
2031.1,3941.85
2807.25,3390.99
3385.47,4263.72
1479.61,1945.21
4117.67,5734.54
10545.2,8872.85
1005.74,1795.32
1250.21,2116.7
1406.19,1874.42
1975.97,3706.66
5399.69,5620.24
3434.58,4279.82
2457.38,3111.58
3882.59,3743.61
1827.42,3549.06
1639.19,1465.32
3151.42,3480.56
7116.78,10639.58
5401.65,6026.22
2436.02,3737.56
4748.12,4653.32
1537.05,1932.25
5719.09,5290.44
4230.75,4966.42
6502.03,5048.53
1298.16,2769.82
2115.41,3123.44
3970.87,5102.07
2656.33,4042.99
3414.13,3934.57
4873.88,5064.63
1542.79,3106.82
6244.03,5459.94
1482.33,2002.76
2283.63,3204.35
4278.01,6538.14
1494.18,2728.73
985.68,2481.81
3919.1,4299.3
5977.51,4895.68
1673.43,3745.13
2827.98,4427.42
2073.89,2705.26
7938.67,13695.63
1384.66,2558.9
1445.28,2139.74
2003.2,2503.35
5160.82,5484.53
3175.57,5001.83
5911.21,6595.57
1836.84,3410.73
2473.36,3852.87
3209.96,4189.42
2271.24,3989.26
1936.74,3167.49
3140.64,4973.84
1360.81,2730.7
3005.55,4483.97
2688.89,3093.51
2771.27,2479.82
3856.56,4999.61
7009.24,6288.69
5782.39,6465.67
2217.21,3491.11
2788.54,2939.9
3326.51,4173.77
1455.25,1565.28
3421.11,5267.06
4153.66,5686.6
2604.2,3673.63
2300.01,4563.22
3576.26,5024.9
2312.27,4679.78
1623.34,2708.23
3148.7,4535.35
2013.92,3615.13
4137.74,3447.04
992.84,2202.57
2695.41,3790.23
4393.49,5513.61
2732.03,3785.83
2603.26,4053.43
2754.08,3544.79
5639.46,5469.22
2124.98,3433.89
1684.66,2456.19
2413.43,3707.16
3868.91,3843.17
3119.39,4406.52
2698.13,2634.38
3255.6,4772.58
2399.03,4143.74
3006.32,3314.21
3138.43,3909.19
2261.17,3213.05
2821.89,3435.19
2109.42,3247.73
2280.73,3623.3
2073.71,3974.27
2951.99,3996.13
5727.87,5189.52
1372.33,1426.57
2761.99,4760.09
2351.17,3990.4
5955.25,4972.84
3527.72,3815.66
3371.06,5128.75
2401.36,3871.06
5074.81,5311.14
9325.85,5791.51
2420.38,4708.87
3770.13,5144.42
2912.93,4110.75
6402.44,4935.81
4243.43,5764.0
2337.68,3438.72
4479.26,5282.47
1961.69,3424.95
1647.52,3359.67
978.69,2654.6
2614.15,3817.65
3807.06,5081.6
9162.59,5282.4
2901.78,4368.22
3330.23,3971.57
2241.67,3726.9
1288.44,2114.81
4262.93,5199.8
4237.07,5516.34
4075.27,4241.47
2013.19,3127.8
965.05,2591.36
2662.36,3284.49
2430.23,3286.38
7087.92,6138.67
1922.35,2893.02
1890.18,2365.0
4062.35,6616.93
2202.07,2220.35
3977.19,4357.95
5292.56,4852.2
4431.5,4803.79
2496.89,3319.83
1940.02,3620.82
4363.74,4706.56
5075.86,5364.91
2071.81,2690.19
3795.41,4496.66
2795.98,3411.43
3001.28,3591.38
1919.85,3292.71
3891.77,4361.51
3476.31,4959.57
3680.32,4049.95
4167.02,4581.55
1901.7,2991.42
1696.36,3164.59
2178.74,3094.17
2087.19,3185.59
5328.14,5127.36
2979.17,5538.67
4869.1,5407.25
2857.16,3416.93
3094.38,3966.59
8466.61,5875.51
1390.57,2002.12
2892.26,4961.93
3356.55,4597.43
1617.63,2316.8
1377.55,2828.17
2509.04,3956.21
5431.08,6718.03
1955.32,3905.78
1690.11,3605.02
4392.32,5294.9
2580.53,4635.93
3214.53,4858.95
2409.63,2466.73
1767.98,3084.8
2170.49,2394.23
5091.08,5517.53
2731.45,3661.02
2178.15,3977.2
1508.13,2593.02
5760.33,5734.54
2802.62,3340.84
2197.64,3226.69
3119.47,3779.99
2846.65,4460.46
2007.39,3212.47
927.06,3013.03
3149.8,2495.18
5356.76,4993.28
5286.97,18791.34
2530.93,3341.11
6309.2,5317.91
1808.17,3044.93
2792.16,3670.02
4243.51,3589.42
2026.77,3834.17
3404.67,3864.31
2918.43,4322.0
3813.47,3263.96
5763.36,8275.29
5791.65,5318.06
2197.82,3449.93
4470.75,3667.4
2067.63,2683.49
7030.07,12690.82
3501.75,3642.26
2053.84,2519.02
2554.53,4476.38
3332.12,4730.73
2246.5,2617.42
2646.67,3825.32
4215.77,4274.36
3983.89,4730.86
1084.19,2647.15
2381.09,3565.99
3341.95,3992.59
3610.48,3804.29
2844.17,3214.2
6266.35,5069.35
1445.72,3861.76
7039.55,6366.64
5346.68,5868.94
1904.94,3164.23
2919.35,3761.99
3521.02,3738.14
2274.62,3524.97
2291.56,3232.89
3946.96,4346.46
4499.3,5810.94
3869.23,2192.9
2267.25,3882.0
3128.34,5186.82
5332.68,4925.89
3763.55,5257.61
2618.57,4293.98
1086.36,2861.54
1889.16,3665.06
5173.93,5460.59
1923.43,3493.19
2079.49,2679.98
1651.88,3443.71
1701.61,2755.89
2634.96,3512.58
1528.8,2796.16
1731.28,2953.93
1286.25,1425.76
1453.0,1870.3
1840.61,2311.51
1524.85,2400.59
1633.04,2853.0
3210.28,3535.48
2946.46,3296.21
3908.03,3734.33
1943.38,3045.71
2104.18,3882.72
2098.36,4115.81
3492.99,4915.17
3240.07,4284.76
3642.21,3988.91
3046.79,3626.04
3375.57,3681.42
1989.87,2568.19
3226.92,4413.58
5061.49,5721.22
2751.92,3936.79
5129.99,5572.84
2173.46,3079.35
2226.39,3267.03
3298.49,4206.02
3268.55,4544.92
4510.06,5273.87
5451.17,4834.53
5390.14,5212.48
2516.07,3510.88
2852.0,3602.88
2387.68,4314.08
1994.08,3606.68
2118.12,4035.79
3356.16,4735.02
1337.82,1406.25
2651.59,5535.69
2031.18,1750.67
1456.5,1944.82
2234.02,3466.26
2693.07,4963.46
3341.34,4777.47
1079.63,1814.83
1844.7,1485.5
3222.78,4453.23
1996.23,4013.59
4132.42,4883.07
4373.44,4959.05
1428.56,2313.96
2450.35,3714.34
2641.29,3565.07
3845.97,4167.98
1596.0,3259.61
3645.74,4412.4
5932.2,5471.36
1473.37,2558.82
3275.14,4533.78
1726.4,2646.91
3841.09,4021.01
4547.19,5663.73
1671.04,4087.47
2093.16,2973.82
3887.4,4782.42
3207.32,3788.51
3510.31,3209.58
5644.77,4384.88
4710.57,5658.68
2775.11,4139.34
2891.08,3431.28
4448.13,4841.42
1994.47,3074.48
2289.81,3037.62
2577.12,3938.65
2249.16,4245.56
2370.5,2823.66
1181.24,1391.04
3031.74,3695.94
4981.79,5303.3
2470.77,3451.91
1623.13,2623.55
2820.58,3408.26
5388.38,6184.1
1248.38,2733.93
2762.57,4335.92
8699.81,5834.24
2962.21,4971.75
1983.74,3837.05
3619.32,4625.51
2887.69,3910.77
2099.95,2847.14
1135.31,3148.8
1282.57,1459.06
5492.53,5452.77
1247.57,2773.86
3228.71,3801.02
2255.07,3825.81
6374.87,5904.93
2656.9,3308.86
3194.99,4466.78
1041.37,2710.68
3215.91,4537.45
3714.8,4936.32
2754.68,4777.36
1965.8,2579.49
800.57,2562.58
1291.79,2235.0
2526.1,3530.64
8550.95,6117.74
5419.41,5410.79
2039.23,2626.6
3561.2,4559.54
4008.83,4936.09
852.9,2641.46
1540.68,2430.91
2954.45,3777.13
1089.53,2108.98
1456.65,3034.51
8169.71,6725.18
1820.21,3338.39
3197.54,3576.05
3273.76,5676.27
4931.86,5043.84
6427.37,6236.87
2426.83,3904.9
1648.11,3117.84
2727.91,3594.13
2399.05,3644.34
2647.45,4386.1
2546.21,2839.53
3743.42,4257.1
4734.05,5603.05
3705.22,5015.88
2242.75,2233.37
2798.7,3672.56
5904.21,4927.42
2374.91,3936.86
4107.71,4223.03
914.06,2301.76
3319.69,4543.16
5509.93,5893.21
2109.74,3617.34
3808.96,5572.01
1240.58,2602.93
2128.58,3181.89
832.16,2680.37
2888.12,4519.12
2332.51,3227.5
1926.23,2890.56
3034.08,3941.76
5710.28,4845.99
1677.0,3817.74
1417.75,3366.93
2365.15,4044.7
3644.12,4858.62
4855.25,5352.91
2714.45,4250.19
6152.55,5613.85
4175.9,4295.4
3125.09,4018.78
2082.15,3837.61
4324.26,5572.03
2995.35,4071.53
4995.36,6009.6
2589.61,3251.35
3362.59,4152.43
1342.83,1930.07
3766.38,4506.91
2597.52,3181.87
2927.44,4708.97
6351.33,5370.73
1593.15,3153.53
5768.31,5624.08
3938.29,4539.93
3473.8,4069.6
2612.43,4156.9
2509.91,4519.59
3230.67,4732.04
3760.85,5683.07
3226.48,4113.92
1797.22,3097.3
2087.24,2419.0
1690.23,2892.55
1943.61,3078.47
1873.5,2211.52
2241.96,3523.3
2965.23,3920.64
4624.84,4790.31
3599.69,4736.75
3905.48,5447.33
1936.92,3225.91
2109.27,4272.02
1657.79,3163.48
3371.69,3901.29
1886.68,2612.74
2627.56,3866.72
2954.47,3672.49
3684.76,3547.2
4238.74,4603.93
1725.95,3843.43
1588.95,1858.99
4671.61,5186.25
1771.32,3791.03
2496.43,4232.72
3869.33,4715.07
5433.9,5463.46
1095.33,2704.9
1574.34,3102.63
1769.94,1975.41
1846.4,3207.95
2837.17,3842.22
3895.6,4798.51
2999.16,3669.41
1796.48,3106.63
1614.42,3486.02
5100.22,5373.12
1261.9,2103.26
4333.53,5545.95
3806.19,5619.91
7287.21,6137.8
5776.09,4510.87
1768.91,2663.93
3535.47,4815.64
4373.66,3825.15
1791.85,3101.96
3269.47,4023.7
2398.1,4036.08
2610.64,3238.72
3310.53,3530.42
2785.64,4187.05
1250.9,2689.6
3957.59,4549.98
6830.8,8299.13
5047.88,5322.26
2067.54,3601.36
7511.5,6295.75
6422.15,5480.41
2440.77,3160.8
2089.68,3214.77
1464.5,3005.16
3886.27,4344.34
1320.2,1359.08
3856.4,3801.03
6730.69,5539.3
2014.61,3561.38
2685.85,3641.02
2053.6,3312.22
3941.52,4783.49
1754.81,3105.14
1866.62,3144.64
1289.96,2895.79
2945.07,3849.64
3717.15,4870.85
4081.88,4739.02
1670.03,3448.56
2377.74,3575.28
2073.87,3084.97
4465.52,4877.56
2855.33,3776.72
1979.16,2564.84
5108.39,4447.67
2094.79,2712.28
2694.99,3724.23
4284.22,4579.31
1795.96,2674.74
4239.81,3622.31
3831.13,4494.83
2429.07,3268.82
1658.37,3948.19
2781.06,3584.27
5553.72,5194.8
2858.92,3537.44
1278.3,1384.12
3137.58,4217.26
1213.75,2485.93
1561.18,3545.69
1621.91,2531.51
2432.65,3747.21
3178.69,4423.48
2533.16,3974.72
2493.04,3577.36
997.98,3056.23
2853.66,3678.48
1890.07,3673.71
2119.35,4065.14
1956.94,3873.5
1463.09,2811.49
5489.48,5510.15
4404.2,4834.6
5314.08,4725.48
1728.02,1511.76
1287.0,3145.04
2558.25,4116.93
1383.27,2300.94
2567.45,3617.47
6481.49,5417.77
2186.02,3084.05
9001.1,10876.39
7206.86,5725.77
2114.69,2981.49
3653.71,3973.73
5088.17,4525.94
2679.45,4161.02
1673.02,3041.67
3911.97,4116.21
1222.22,3318.42
1749.41,3119.78
2368.3,2852.56
2883.74,4113.19
3481.82,4492.52
1921.67,3261.48
2059.04,3285.72
2376.81,3930.11
4110.33,5296.57
2525.44,4028.16
1700.21,3187.26
4157.6,4689.2
4586.0,4868.44
3567.35,4816.79
2110.48,3591.11
2070.17,3376.81
2641.37,4052.52
989.16,2865.41
1598.66,2159.44
2787.81,4157.85
2947.44,3677.28
5855.34,5526.38
1100.4,1838.87
2631.42,3624.67
1960.9,3980.26
4137.55,4688.69
1754.66,3692.39
2145.55,3287.39
5049.32,4829.71
4304.39,5156.27
2019.74,3092.24
2309.25,3626.4
888.25,2185.64
2420.53,2927.87
4125.88,4813.23
2413.19,4068.46
3970.92,4978.31
3202.86,3231.34
2730.21,4122.83
3211.64,3839.45
1971.72,2112.48
4512.66,4857.21
3036.05,3186.11
7658.85,10385.05
1660.33,2763.46
798.76,1983.82
3247.02,4080.32
1436.37,1882.16
2075.14,3753.18
1761.14,3017.26
4164.33,4318.98
2167.35,3051.38
7168.87,6371.97
1265.55,1920.26
3814.87,5501.33
3654.02,4510.72
4631.79,4800.32
2481.02,5259.07
2474.64,3901.45
1557.64,3286.63
3182.08,3943.13
2471.16,4583.38
1362.88,3056.79
3958.72,6298.91
2344.55,3648.11
3774.75,4999.17
1450.63,1558.34
2344.39,3130.8
2720.38,4449.86
2670.15,5002.16
1400.21,2063.41
1802.75,3002.15
2957.1,3797.13
1382.66,2493.23
4183.69,4485.32
4629.37,4753.66
3142.22,4637.04
2117.74,3117.21
3168.67,4706.2
4027.62,4714.75
2071.5,3685.97
5794.76,5144.6
4713.76,4425.73
2730.3,4652.22
5293.25,6940.88
2142.41,3230.93
1159.64,3395.78
2290.52,4930.71
3916.62,4736.23
2947.45,3946.85
1844.58,2954.19
2163.08,3333.02
2674.14,3561.41
1134.22,2767.31
3203.88,3606.57
1997.4,2564.84
3533.48,6908.82
5660.53,5796.96
2239.25,4349.94
833.02,1646.76
3655.41,5146.63
1334.08,3396.58
3170.3,4229.74
2588.76,4264.41
6011.42,5793.48
5004.99,6262.13
1983.93,3885.8
2788.29,4713.71
2253.71,3313.08
2642.72,3239.43
3191.07,5583.33
2605.71,3214.63
1750.66,1715.55
6239.01,6631.07
4154.1,4906.78
2480.51,3887.2
2269.9,4553.37
1096.93,2101.72
2968.17,4161.35
5453.41,3853.07
5350.76,5304.01
3589.64,3432.81
2432.92,4017.79
1398.87,2156.04
5438.93,6227.01
3544.29,3970.46
2144.76,3252.79
4034.88,4450.54
2637.85,2921.3
2080.19,2109.42
4195.93,3515.47
4426.24,4861.82
2592.56,3912.7
4865.86,5482.43
1292.36,1451.63
2321.3,4025.98
2218.73,3608.59
3894.33,4342.69
2686.04,4096.77
5447.62,5723.58
2731.99,3504.11
5831.18,5240.87
1727.06,3185.36
2682.7,2690.97
3725.66,3353.29
1061.41,2387.81
2214.73,3827.97
5595.88,5710.28
5806.38,5576.16
2560.02,2888.2
1831.8,3669.13
3371.58,3265.27
2780.74,3146.11
2853.56,4111.52
5475.11,5840.73
2745.4,3059.28
1167.18,2893.53
4587.83,4680.34
2704.81,4127.22
2584.93,4436.2
3946.29,3630.76
1631.22,3454.32
2677.59,3493.52
1087.13,1773.46
2675.92,3643.29
1670.27,3034.83
3215.39,3461.0
3291.6,4108.71
2003.21,2650.54
2831.21,4390.83
1891.48,3343.69
3505.07,3615.38
4261.27,5169.32
1575.9,1909.61
1826.51,2875.02
936.65,2753.59
4005.36,5053.51
2859.08,4122.06
3856.25,6030.09
2587.02,3546.87
1274.58,1384.41
1647.84,4054.76
2126.41,2304.8
2717.17,4749.73
2688.35,3712.28
1564.78,2351.98
2398.21,3271.21
4973.92,4919.77
2005.37,3085.22
3039.6,3477.36
2119.67,3593.08
5390.17,5718.41
2922.26,3396.97
1719.33,3180.95
4393.26,4776.39
5237.82,3974.0
1833.5,3303.96
5539.19,4922.73
2061.81,2825.7
958.61,2184.89
1865.27,4710.73
4080.94,4579.42
1881.0,3398.97
1569.69,2144.86
3073.83,4102.55
978.11,1780.71
5606.3,5034.2
1257.53,1399.62
2939.65,2616.98
2761.68,4066.76
1087.13,1773.46
2585.93,3629.49
2161.44,2769.47
2652.94,3290.2
1404.94,2786.46
6334.33,5413.07
1351.35,2776.04
3481.82,4492.52
4621.65,5085.09
1852.2,2777.66
6430.34,6279.86
3974.98,5684.13
2886.38,2858.06
4278.71,5134.44
3878.91,4004.8
2692.51,3742.46
4632.04,4698.34
3949.91,5675.74
2940.66,4162.0
3420.86,4946.53
4168.87,4709.27
4074.29,4898.63
2749.79,4529.44
3240.99,3689.6
1983.25,2234.49
4053.55,4231.28
2373.99,4608.47
1533.22,3813.42
3851.8,5143.99
2630.51,4700.34
5379.55,5327.98
1672.25,2154.55
1764.52,3080.48
1480.88,1692.32
6299.22,5228.37
989.0,1983.99
2808.43,3960.8
2466.28,3608.2
2974.04,2904.6
4620.5,4660.6
5609.42,5290.96
2031.78,2576.24
2612.92,4184.71
1228.49,2136.95
1561.76,1918.37
3401.81,3964.85
2761.58,3487.52
2583.33,3078.56
2048.84,2889.84
1986.55,2327.75
3199.68,3403.72
7432.89,6009.53
3440.64,4747.79
5791.2,4690.05
5440.96,5424.16
4159.65,5618.41
2366.87,3695.87
6257.51,5250.13
3304.12,6242.52
3826.71,4865.2
3933.26,5695.16
3838.81,5002.48
1371.7,3172.24
2220.91,3363.48
5282.4,4950.86
4443.68,4604.28
3234.08,6638.47
6210.23,5494.5
3367.31,4053.62
2019.57,3072.68
3542.03,5039.76
1521.06,2873.36
4011.26,4494.38
2900.1,4182.91
1773.96,2571.51
2307.72,3969.22
3108.94,3608.18
858.31,2712.2
2291.65,4772.81
3263.58,4701.79
1302.59,2788.21
2166.09,2774.44
2150.07,3971.43
2199.79,4660.97
6933.49,5459.81
3491.29,3401.46
1764.42,3676.29
2716.71,3637.35
2447.67,3834.72
1222.6,1386.08
3058.3,3840.54
1327.64,1939.75
1053.23,3034.98
2357.45,2750.21
1082.75,1945.54
3577.76,3754.73
1687.14,2406.62
1692.2,4035.56
3518.0,4008.93
1972.29,3709.64
6957.17,6522.65
2940.25,4401.46
4814.93,4644.75
1010.28,2219.42
1655.88,2200.56
1998.62,3878.42
4205.21,4736.85
6279.77,5065.41
3642.82,4128.36
2271.67,3469.15
2227.04,2894.84
2083.81,3997.12
2821.7,4222.33
5158.08,5346.14
6152.96,5428.92
1930.88,2917.63
4724.12,5395.64
1215.75,2177.46
4932.51,5473.75
3879.3,4162.8
8269.93,5686.33
3504.16,3620.86
2958.46,3181.75
3521.99,4044.26
3768.73,4636.38
3704.83,5214.21
2563.14,4290.06
3273.96,4043.25
1545.78,4052.65
4547.1,5361.76
3860.3,4841.89
1285.4,3101.18
1222.6,2022.17
2087.52,3594.24
1962.37,3037.19
1175.27,3013.25
3945.38,4129.66
1912.74,2466.83
5953.04,5038.12
4505.15,3877.77
3814.54,4672.0
3775.66,5223.55
5258.04,5207.69
2458.06,3751.87
1058.41,3073.04
1367.33,2814.64
1357.52,1850.34
4496.61,5221.63
1578.24,1812.87
2381.92,3243.29
2927.23,4689.46
3832.4,4693.79
2714.94,4117.11
2646.41,3989.83
4486.72,4450.64
2051.58,4044.58
1457.75,2848.0
3498.96,4975.8
1987.43,4225.46
2596.73,3210.72
3067.08,5043.63
2177.13,4627.24
1837.46,2444.36
3460.55,3270.18
2195.17,4220.35
2965.18,3570.03
4741.43,5388.11
2848.21,4634.99
1950.1,3619.34
1923.4,3379.86
4036.6,4530.9
3226.36,5319.81
2246.71,3601.02
3178.7,4117.06
1909.93,3192.39
3833.49,4167.51
3583.88,5094.86
5943.77,5532.58
4039.93,4461.05
2235.96,3448.26
2184.97,3996.69
2757.23,3801.8
6321.19,6385.68
1371.93,1418.44
2370.26,3979.15
2031.84,4060.81
2397.64,3604.84
7283.4,5195.46
1855.85,3039.37
3979.35,3871.86
2814.91,4078.92
2105.18,4638.33
1594.41,3095.36
2256.4,3430.34
4759.88,5192.4
3043.71,4611.25
1672.31,2379.11
4481.83,3553.06
3017.63,3353.98
2435.81,4037.16
1484.28,2619.53
2817.85,3530.74
2751.79,4451.37
4125.84,3668.26
2788.2,3749.64
1700.6,2993.77
2146.79,4706.13
5886.84,5596.81
2954.59,4217.69
1653.67,3169.04
1810.17,3188.86
3974.66,4755.68
6920.4,6379.23
3449.25,4696.39
4597.55,5224.11
4373.14,4883.63
2308.66,3124.08
3979.03,5689.35
2360.68,3229.02
2922.78,4697.77
2733.08,3956.14
1895.93,3840.1
4235.97,5632.28
4721.04,9122.1
3067.08,3629.72
2870.3,3500.76
3350.67,4111.65
2858.78,4562.27
4595.46,5525.96
2594.89,3671.97
1865.93,3085.57
2262.74,3799.61
1680.12,3167.4
2525.66,3612.21
6094.42,5703.18
2520.28,3715.31
3751.96,3692.44
2006.3,3115.46
1524.14,1371.82
3885.62,4120.03
2376.37,3796.98
1940.07,3050.78
3230.1,3600.45
3838.74,3899.97
2313.9,3053.58
2428.13,3249.55
1475.74,3096.79
3151.09,4718.09
4784.58,5142.11
2548.65,3827.22
2785.16,4357.99
1954.15,1996.18
2107.51,4061.27
2726.94,3930.16
700.15,1707.01
5491.81,4653.83
2340.9,4104.32
2117.49,2095.65
2988.46,3192.17
4102.53,5390.76
3169.31,3653.6
9542.64,15409.45
2501.73,3771.84
1320.07,2366.8
1770.15,3267.03
1916.6,3814.65
1290.92,3226.39
2256.11,3542.25
3260.59,3862.45
4078.52,4391.26
1557.19,2532.13
3260.58,4341.14
2425.23,3844.22
2298.3,4142.22
1220.82,2890.27
1507.42,1609.91
2617.8,4087.41
2559.43,4248.66
1379.05,2858.57
1311.67,2939.24
4261.27,5169.32
2111.27,3641.74
1230.94,1380.87
1467.59,2436.58
2414.9,3791.18
3923.96,4072.87
3866.08,4623.33
4150.88,4324.53
6791.15,11420.93
1403.62,1882.78
2942.03,3972.19
4207.76,4253.26
2603.2,3009.26
2760.98,3831.19
2636.78,4661.28
2670.39,3311.94
3591.5,2262.22
3133.36,4132.5
2446.29,1948.31
1779.55,3704.98
1143.87,3340.13
4502.83,5006.3
2480.39,3710.71
2150.37,3090.54
2598.81,3684.07
1405.15,3168.86
3883.78,5296.36
3278.22,4476.72
2529.06,3339.58
2427.93,4689.45
3197.67,4749.7
1250.36,1381.95
1544.85,1571.19
2561.97,3545.92
1812.15,3638.29
2129.48,4628.02
4357.09,5128.71
6281.14,5823.65
1449.9,1388.28
4392.66,4639.78
2528.3,4339.32
3059.66,4494.4
1608.75,3026.08
1288.64,2458.42
2251.28,3815.24
2477.07,3392.42
3270.31,4150.64
3021.73,6216.77
1907.45,4073.05
4664.33,5679.45
1970.72,3420.05
3304.91,4819.23
3952.48,4554.92
3644.52,4308.7
2372.73,4146.45
2036.67,3835.24
6487.6,9407.1
1451.04,3090.8
4041.69,4710.58
6517.33,5610.28
1943.59,1970.96
746.71,2596.82
2198.36,2440.09
5560.78,6244.37
1555.81,1944.15
2955.58,3786.94
1300.06,2288.6
5225.45,5874.77
2987.99,4344.75
2227.12,3857.03
4211.43,5085.63
2496.19,3284.01
3691.12,4214.08
968.84,2189.41
1914.71,3194.35
3424.9,5152.87
7830.49,5633.47
859.04,2643.01
2488.47,3313.59
4079.8,4987.47
2687.4,3324.7
4001.34,4424.26
4798.97,4496.65
3550.29,4618.48
2187.22,3308.21
1769.29,3133.89
6642.44,5431.75
2899.93,3094.32
2966.58,4102.14
3156.58,4237.84
1259.28,1388.93
5377.6,5358.67
1879.37,3370.39
2976.48,3790.34
3651.84,3770.82
3052.99,4429.36
2541.93,3508.71
2125.83,2280.12
1281.85,1432.3
1926.16,3390.25
2624.68,3502.11
3939.96,5304.62
3594.78,3897.0
2490.35,3621.0
3443.45,4077.12
2433.65,3334.8
1659.42,3439.03
2277.49,2693.54
3987.45,5127.62
5287.78,4403.46
3628.6,4598.88
3543.62,4435.84
5360.43,4605.79
2518.12,3612.73
3030.3,4552.89
5576.88,5568.18
2483.52,3316.67
4170.02,5337.43
1284.78,2085.54
2738.84,4705.28
2250.95,4235.73
6464.68,5092.14
3285.37,4770.36
2089.05,3347.81
1623.06,3800.53
1691.98,2920.03
1973.18,4652.07
2924.72,3277.73
2553.43,3587.13
2558.25,4116.93
2260.84,3340.03
3850.37,4697.77
2477.99,3753.02
1903.51,3635.46
3372.79,3830.33
3484.66,4628.92
1972.38,3217.6
2918.55,3775.76
1585.41,2824.35
3820.97,3698.07
4533.0,5343.85
1937.81,4664.63
2426.66,2945.39
1297.41,2866.87
2129.43,3276.7
4137.22,3914.59
5473.41,4866.83
3997.64,5220.03
3065.04,4125.74
3167.91,4050.9
3812.78,5157.46
1709.41,4102.33
1968.7,3901.5
1536.51,2172.1
4928.95,5076.53
3304.44,4352.59
2659.99,2563.19
2357.72,4023.29
8107.61,8203.01
3234.08,6638.47
5701.7,5388.3
2486.99,2820.78
3994.76,3881.01
2444.33,4103.4
1944.86,3833.09
1795.95,3106.42
2679.51,3741.83
3107.39,4412.34
2459.54,3670.33
2103.84,3038.08
3660.1,4077.36
3037.95,3890.02
1907.84,3467.05
1974.49,3563.34
6470.3,6171.69
3698.02,4427.21
1810.56,2980.52
8818.16,6348.35
2329.09,3459.36
4379.02,3712.24
2780.18,3416.33
3118.15,3458.62
1261.94,2948.72
4814.93,4644.75
4650.15,5431.55
1391.76,2325.71
3477.99,4441.49
8189.39,6941.16
1572.14,3300.14
2799.48,3957.01
3832.9,3796.1
1155.97,1395.97
4817.02,5739.69
2650.96,4341.47
4879.59,6228.05
2410.83,4104.57
2527.86,3481.76
1679.89,3184.8
3552.37,4565.08
1117.08,2738.32
2757.94,3836.58
1890.66,2464.11
3933.86,4228.63
1590.39,3556.17
4573.56,5357.99
1925.51,3064.68
2758.59,3297.26
2370.77,3589.75
4613.01,4805.43
5086.57,5435.24
1456.96,3208.44
6506.94,6316.01
1524.27,3084.26
3844.43,4999.97
4184.81,4742.37
7567.59,6227.08
2055.75,3190.98
2585.23,4269.75
3639.09,4267.45
2445.79,3312.96
1974.85,2630.65
1658.31,3109.82
1778.6,3794.87
1941.11,3877.46
1712.17,3125.26
3697.09,3802.49
4308.1,4234.69
4082.23,3905.41
3163.25,3871.63
3580.34,3962.85
4497.27,4220.56
5187.33,5863.19
1699.6,2769.55
3719.05,5103.28
4761.4,4706.75
1903.66,4255.44
2614.25,3627.55
2032.53,4683.06
6772.42,5540.23
6916.24,6450.1
2596.25,4294.39
2079.33,3249.04
3332.64,3363.35
1076.94,2867.09
2280.51,3222.92
1392.42,3788.81
3246.66,3323.83
3813.7,5677.81
3005.84,2955.7
3017.17,3946.51
2776.41,3433.53
1265.59,3130.53
1966.64,3863.62
3037.5,4429.84
2778.51,3655.19
7183.87,5559.83
1028.28,2999.58
3065.33,2975.32
3319.26,4260.99
3223.51,3300.94
1751.66,3435.44
4011.67,4896.12
4318.68,4606.48
1795.27,2614.5
5770.57,5713.24
2202.53,4627.05
3665.62,3940.55
3784.8,5490.86
2354.77,3990.5
2122.98,2681.11
1527.51,2338.6
2422.3,3400.1
5010.76,5045.12
1732.64,3600.11
4046.93,5127.1
1886.15,3159.38
3661.95,4989.96
3011.4,4667.23
2362.0,3967.88
3512.43,4897.46
2077.88,3140.98
2123.54,4269.71
1604.55,2811.83
1652.63,2379.9
2988.59,4113.43
1529.5,3092.38
1014.67,1769.12
4882.72,4568.86
2334.03,3480.27
3302.04,4235.96
1546.2,3020.26
2623.72,3828.53
2532.73,3982.52
2319.98,2604.23
3507.66,3793.75
2285.76,3230.74
1622.74,1479.9
3769.49,3786.99
3456.41,3422.44
3036.41,4444.98
1773.17,3354.62
2928.43,4719.28
1991.45,3629.43
1113.28,1396.15
2476.78,3791.22
3757.91,5159.92
2034.01,3306.06
3152.9,4157.27
4046.98,5818.3
2181.17,4617.13
1674.33,3050.81
2806.5,4242.18
3495.65,3129.33
1964.15,4623.68
1743.22,3076.76
1897.82,4109.22
1178.83,2697.1
2289.3,3746.07
1455.26,2842.36
1846.89,4653.01
4910.99,5082.3
3468.93,3657.71
3246.96,4507.71
1962.85,3329.06
5112.55,5704.86
4456.33,4840.06
2069.02,4260.05
2475.34,3574.13
5411.25,4998.06
2075.01,3360.84
1393.57,2829.8
2076.48,3469.65
2514.88,4569.59
2653.55,4425.84
2177.13,4169.52
2506.42,3899.75
3416.28,4191.75
3784.26,4161.14
3896.94,5403.08
2625.65,5152.74
4753.63,4646.68
1153.01,2082.8
2396.79,3971.67
3140.26,3742.52
6157.76,4911.87
2556.53,3309.79
1444.22,2980.03
3331.17,3848.07
4716.22,5656.32
1941.34,3581.59
1983.89,2424.38
2109.72,4664.47
1478.75,3358.65
4738.86,5127.11
6886.31,6304.89
2218.67,2820.46
3582.65,4161.72
2496.26,4123.52
5826.56,5403.96
1084.38,2389.61
2650.51,3707.57
4088.4,4749.87
4609.21,5344.24
1918.31,3596.51
3119.92,3747.64
3712.95,4915.28
2495.31,4133.88
4156.02,3970.36
1947.07,3646.21
1452.18,4055.89
5166.89,4951.21
2618.71,3149.5
3050.47,4561.29
1850.49,3884.68
1799.77,2930.52
2565.37,2186.77
1872.8,3535.32
1336.85,2547.21
2259.63,3393.04
7145.57,7719.28
6194.19,4724.52
2008.45,3134.78
1529.56,3391.03
1555.44,3799.87
5890.98,6578.08
1327.42,2482.45
2268.26,3127.25
1547.26,3267.58
3286.08,4947.36
1438.84,2428.36
1318.05,2819.85
5457.53,3972.26
1954.92,3035.84
4134.43,4706.28
3527.39,3178.21
2592.03,4093.63
1860.3,3053.76
4656.84,5271.71
2564.85,4907.85
1117.16,2505.6
1699.35,3040.0
2430.77,4883.87
2988.57,4801.74
2135.35,3354.01
1719.76,3875.61
4963.33,5209.18
3161.24,4303.79
1296.25,3269.66
4814.93,4644.75
5050.11,5689.27
2903.42,4122.8
2040.91,2988.45
2466.94,3936.76
1833.49,3057.54
1682.63,3822.78
1969.09,4123.28
3982.95,5332.45
1137.37,2236.01
3488.18,4349.06
5294.96,5995.38
4508.06,3713.09
3468.64,3645.61
2475.41,3059.1
5651.81,5524.96
2652.83,4886.59
8195.85,6411.82
1666.92,2702.63
1139.06,3074.99
1933.63,3061.45
1741.52,3901.02
2267.54,3376.21
2672.71,3963.72
4222.18,5392.27
2133.97,2423.41
1826.31,2466.9
3996.9,5457.38
4107.15,5708.11
2655.84,4606.9
3725.34,5091.36
2533.99,3496.83
1264.28,1402.79
4273.59,5392.85
2374.6,3240.74
3616.94,5619.54
1689.99,2081.29
4005.17,5655.61
5688.54,5362.47
2545.41,4352.23
1728.66,2473.43
1771.7,3409.15
2558.78,3970.75
4120.43,4871.04
873.73,2710.87
6182.04,5898.83
1562.08,2224.72
2391.14,4806.66
1658.6,3864.04
2705.49,2880.1
1914.72,2196.29
1377.22,1429.21
2152.83,3742.84
4215.9,5696.67
2928.9,4617.16
3015.08,5102.88
5402.48,6225.29
5496.39,4331.03
2731.37,4216.0
3904.49,3533.16
5214.67,2834.46
4293.28,5161.65
4252.33,5120.67
5674.56,6263.12
2758.01,4296.3
4535.38,3781.25
1758.13,3430.3
4639.91,4670.94
5105.13,5874.24
2034.62,3625.92
2168.17,2831.34
2613.47,4518.54
2311.52,3520.95
2086.91,2610.43
1834.44,3105.14
2650.73,3454.08
1894.17,2868.14
2422.85,3897.59
2107.87,3070.11
3210.77,3380.07
1725.94,3071.17
5014.49,4074.39
5943.67,6974.35
1575.46,3095.15
2222.98,3821.94
953.41,1965.89
2298.58,3150.05
2375.35,4531.72
5356.95,3021.03
5040.28,5214.32
4043.71,5092.27
4365.62,4349.44
2786.76,4111.53
1976.09,4134.32
2011.85,2451.79
5804.85,5192.55
1574.53,3218.75
1388.27,3235.08
2228.78,3655.76
2021.55,3205.75
2033.4,2772.5
4040.8,5041.92
4478.14,5262.82
2969.9,4789.42
2109.66,4173.02
3486.44,4405.47
2344.71,3111.96
1484.81,2837.85
2610.36,3983.72
2335.68,4719.75
1490.13,2732.01
3548.13,3803.73
2314.29,3871.46
2596.18,4083.29
5074.81,5311.14
3601.49,5461.09
6227.01,5244.48
3392.53,4329.54
1265.8,2100.09
1826.02,2678.42
3359.34,3885.13
2743.14,4314.69
3619.48,4170.07
1333.76,3112.89
3960.45,4608.56
2881.75,4307.82
1588.44,2109.92
2507.66,3218.92
2569.78,3407.39
4486.49,5231.37
3680.07,5049.45
2474.56,3144.54
1406.3,1970.93
2928.37,4434.18
1479.62,2884.27
2101.31,4285.08
1460.8,1887.99
5883.91,7100.08
5999.32,4540.88
5032.73,5130.79
4250.65,4589.94
2973.51,3664.95
2402.13,3313.33
3066.15,3346.32
2191.73,3067.93
1546.62,3766.36
1612.37,1657.64
5016.66,4612.19
2384.87,3823.45
1912.47,3854.63
2401.54,4153.15
1834.09,3519.27
5215.49,5588.02
2735.99,4033.46
1355.97,1431.79
2015.77,4053.36
1506.83,3601.2
3252.82,3728.33
2564.09,4012.01
3884.37,3375.46
3182.51,4779.58
3293.29,3339.18
1522.11,2999.44
3248.95,3726.06
2633.99,4321.17
2547.26,3475.61
1562.52,2980.15
4584.73,5218.6
2684.8,2596.59
1335.71,2336.18
3149.48,3241.6
4270.31,4728.7
1307.24,2372.25
1964.73,2591.12
5442.02,4149.77
3880.03,5597.91
2051.45,3098.94
1548.3,2623.53
1676.02,3117.88
3408.79,4778.89
1528.19,2711.07
5988.57,6201.44
1822.6,3414.74
5632.33,6567.38
1947.23,3066.76
2337.5,4153.1
3418.07,3706.69
899.59,2579.9
4756.46,5136.58
4708.94,4586.25
2116.45,4272.72
1793.38,1495.88
6352.81,5047.6
4314.69,4599.32
1568.46,2560.27
1336.39,3090.22
6090.38,6657.63
2594.89,3688.58
1571.39,3901.44
3002.18,4749.56
3877.21,4752.32
3238.16,4129.49
4088.06,4597.48
1686.86,3427.8
2193.35,3819.81
3424.38,3217.69
1274.48,2520.74
2224.12,3202.96
1728.06,2354.14
2111.21,4073.13
1637.9,3577.08
2690.99,3896.27
3159.9,3442.1
3505.48,3343.12
2184.01,3966.02
3065.63,3441.42
3263.92,2090.7
1568.41,2024.12
1571.59,2583.71
2668.38,4695.14
3653.82,5452.77
760.28,2557.66
2280.38,3176.3
1593.35,4121.83
3363.52,3990.1
2656.0,3342.11
4099.82,4369.88
2325.26,3265.8
2400.93,3256.94
3025.2,3726.93
1465.78,3111.89
1615.01,3688.73
2690.29,3807.52
5340.89,5830.17
1466.85,2855.92
2773.66,4234.85
1857.46,2767.84
4319.28,5292.29
2608.66,3042.89
2767.8,4721.11
2483.5,3566.11
2055.09,3198.48
2930.19,4203.29
5468.69,4253.85
3162.29,3705.03
2287.73,4038.2
1789.11,2478.22
1579.7,2630.08
2122.59,3329.49
2169.34,4096.38
3333.0,3862.22
1876.2,3242.27
2723.61,3426.86
3580.1,4812.51
1503.53,2533.31
1956.39,3589.1
1966.91,3047.1
1194.92,1385.46
1727.96,1969.45
4538.61,4899.17
5906.01,5783.88
3148.74,4049.75
1417.9,3521.46
6337.61,5684.7
3071.77,4991.59
1741.94,3901.64
1663.65,4206.49
2694.2,3298.49
8649.2,6805.41
2107.65,3307.24
4043.93,4456.99
5066.8,4770.56
2241.23,4130.69
2230.74,4664.43
2202.5,2748.79
1300.33,2554.78
2392.46,3952.17
2469.35,3848.42
2754.52,3281.48
2722.63,3954.14
1829.8,3055.67
2986.9,3831.12
4133.48,5058.3
1910.28,3310.45
2242.59,3096.14
4904.87,5616.64
2447.77,3718.63
5032.34,4763.21
1375.24,2934.41
2574.14,3889.6
2816.35,4041.58
4656.93,4913.45
3017.34,4222.89
1612.21,2525.55
3309.91,4486.21
1069.57,2876.04
7239.83,15902.06
2398.55,3497.71
2419.36,3428.03
4049.36,4523.32
2341.38,4463.17
1958.27,3893.79
2685.64,3850.63
1711.31,3767.59
1327.53,2801.44
2175.9,3202.92
2037.37,2964.21
6387.39,7483.06
2733.09,3966.34
7071.81,6367.08
2700.54,3623.93
1782.19,4257.3
2860.33,4451.85
1243.17,2044.16
1808.27,2667.08
2619.11,3963.75
1184.87,1439.24
5130.85,5733.52
2710.62,4362.36
5023.19,4659.37
2141.72,3316.17
2933.91,4391.4
3792.8,6844.23
2176.34,3316.83
3467.22,5038.95
2614.86,3921.44
2548.16,4133.15
3757.64,4589.49
3524.45,4586.37
2102.19,3749.62
2201.98,3136.24
2971.07,3179.29
2069.62,3908.98
4273.05,5542.66
5556.47,5678.78
6161.92,5754.61
1883.24,3730.67
2905.23,2759.37
2781.28,4185.38
1900.27,4216.43
2256.45,3378.62
1892.15,3676.58
3128.42,2546.12
2956.72,3109.04
1525.13,2533.82
2740.89,3361.8
1887.59,2860.61
3621.54,4804.19
2887.14,3234.51
5523.3,5731.42
4579.75,4783.53
2803.62,4220.27
2011.44,3069.97
3039.06,4177.21
3285.73,4137.31
3326.06,4397.44
4824.94,4872.85
2157.57,4254.77
1179.23,1408.27
3733.42,4430.06
1963.85,4125.24
2391.17,4059.61
2551.79,2582.04
2455.09,4096.9
1947.65,3020.01
6758.74,5546.35
7373.92,5513.58
2235.63,4235.98
2279.81,2968.49
2454.93,3628.54
3144.19,3978.32
2840.71,3594.8
2271.76,4664.48
2413.51,3228.29
2969.88,4642.89
3788.7,4505.26
2353.23,3905.97
2276.53,4741.5
1432.2,3118.33
2049.38,2119.59
6081.35,7195.22
1020.18,2188.4
2226.93,3175.6
5528.73,5755.86
3740.79,3892.86
1662.51,3440.92
3067.67,4563.89
2603.66,4142.98
1861.51,3552.59
4309.37,5300.6
2439.29,3654.1
2530.41,3166.88
1341.59,2800.73
4712.13,4982.49
3147.66,3356.94
1383.18,2191.91
3655.62,4446.46
1826.77,3032.1
3641.84,4620.0
5106.64,4641.41
5353.39,4968.91
3255.44,5000.25
5050.11,5127.77
1958.01,2926.9
2977.35,4137.03
1434.69,1970.89
2872.49,4014.25
4247.61,4818.5
2921.2,3988.98
2484.19,3638.89
2605.92,4332.31
3343.83,4303.12
2291.55,3912.74
970.25,2683.03
2332.68,3072.73
5254.9,5825.37
1652.92,3842.65
6852.12,5490.99
3012.42,4330.91
1130.88,1343.87
4444.37,5334.31
2531.06,3182.52
5413.36,4811.89
6098.03,4623.72
3703.03,5728.93
3748.16,4589.25
2311.07,3962.86
4450.65,4236.9
2549.61,4646.4
6443.2,5778.28
3146.86,4772.81
1932.2,3669.84
5405.95,6056.75
3910.64,5695.96
4002.76,5694.35
3717.73,2679.11
2072.01,3987.77
5726.01,4408.71
2368.07,3287.74
2149.11,3096.4
5358.02,4482.46
1929.55,3382.44
1261.64,1404.35
2082.76,3084.92
2455.95,3218.3
3924.78,5709.94
6059.43,5333.0
3172.81,4698.56
2256.32,4182.56
1392.29,1915.07
4135.84,5612.65
2025.26,2295.96
6653.3,5579.2
1048.0,2607.39
3550.42,3877.51
2750.89,3511.84
2027.82,3060.59
3248.84,4534.6
3548.14,3084.09
4307.91,4403.39
3189.9,3699.98
2232.52,3252.84
2310.69,3491.63
2075.88,2888.81
1586.22,2146.34
1243.3,1917.07
2444.99,3510.21
2097.88,4008.95
1582.15,3513.26
1147.23,1119.13
2486.38,3188.66
2285.84,3531.54
1477.07,2359.05
2014.59,3526.24
2792.54,3980.51
2718.57,2854.42
3231.59,4127.69
2819.53,4681.68
955.93,2396.48
2040.13,3096.21
2163.3,2574.12
4366.99,5236.49
2463.6,3199.53
1670.72,2650.45
3363.26,4782.23
3168.67,4147.54
5534.27,6225.64
2658.48,4799.57
1622.55,1964.67
1869.44,2936.88
4296.01,5536.75
4265.46,4476.27
984.76,2874.73
802.53,2560.44
4518.92,4780.78
2727.64,4660.41
2723.66,4192.62
2099.79,3123.94
1812.39,3237.22
4527.69,4869.2
2935.45,3931.5
3972.73,4520.32
2773.86,4815.66
2125.72,2740.22
5860.07,5798.1
888.51,2186.73
2951.7,3753.86
1752.92,3150.76
1984.65,3542.41
6443.61,4136.02
2497.46,3459.12
1931.11,3315.57
3565.54,5433.18
4487.0,4831.76
3273.76,5676.27
3024.91,3530.85
2715.04,4495.48
3017.81,4832.54
2036.53,2816.41
2286.71,3587.59
3182.99,4708.79
3132.65,3799.01
1748.38,2458.12
2849.74,4724.19
2129.85,3425.82
2081.09,3118.32
1988.94,3986.92
2133.39,2294.76
3296.81,3508.53
3083.04,4940.37
5066.01,4123.46
7463.79,6279.28
3761.38,4112.53
2382.56,3935.04
4545.27,5424.25
3088.08,3308.69
3383.55,4873.15
4256.91,6328.22
3924.78,5709.94
2618.08,3921.07
2650.14,4359.75
3818.38,4664.98
2932.4,4272.93
1727.16,3644.85
1601.03,3150.75
2463.55,3641.05
4511.71,5159.81
2211.9,3409.82
3101.43,4096.08
2455.73,3654.04
4481.69,5123.07
4745.59,4642.3
1890.63,3199.65
3277.96,3118.05
3577.12,4501.28
4818.63,4817.04
3599.45,3799.87
3293.33,4935.07
2392.25,3314.55
1580.87,3094.52
4595.79,4791.52
5208.57,6098.37
2085.2,3827.23
1493.32,2822.01
1430.31,2995.77
1734.55,2718.59
3796.07,4498.13
3052.34,3689.55
8804.77,7555.69
3769.53,4309.28
4966.6,5581.87
3078.02,3753.61
3545.77,4941.6
1506.66,3082.64
1984.9,3058.32
1702.29,2459.99
2410.83,4104.57
2277.44,4545.63
5530.89,5702.31
6935.54,6349.36
6154.82,5561.87
3513.33,4981.33
3515.18,3540.51
2452.73,3475.85
3364.22,4584.44
5210.52,4908.6
3350.79,5142.77
2031.5,3357.7
3041.68,4755.06
3435.61,4781.6
1798.82,3900.48
4274.73,4228.5
9639.34,7004.98
1546.3,2392.3
5266.51,5029.52
1233.97,2534.63
772.88,2565.37
4337.37,4735.64
2290.89,3314.65
2281.26,2605.36
1287.06,2206.68
3139.1,4520.91
2581.43,3905.64
3563.05,3928.29
1776.16,3173.9
2804.44,5181.68
4454.72,5160.83
3533.38,3798.17
4226.63,4169.46
1165.16,3028.98
2358.77,3765.38
3534.13,4414.58
2417.45,4022.76
4339.04,4376.77
4181.95,4070.54
2383.79,3201.12
3566.71,4671.22
4083.67,3497.97
2230.05,3081.39
1740.99,3627.31
1636.49,3120.16
2552.8,3551.93
3881.51,5478.34
5917.85,5474.93
2036.08,4354.57
4262.16,4481.27
2432.62,3590.16
3458.67,3665.23
2265.24,3669.32
1671.27,3802.83
3103.84,4527.95
1326.54,2741.71
2587.41,3272.79
3833.94,4982.04
1486.87,2785.01
6101.22,6544.7
1673.75,3237.26
1938.82,2912.67
1920.32,3473.19
871.7,2718.87
3781.63,5534.34
5059.4,5346.67
2283.82,2341.21
1280.42,3055.93
2759.5,4761.43
3917.5,4500.53
1068.45,1769.09
4123.45,3958.02
2355.92,3172.58
3084.91,3956.83
3507.58,4954.02
4183.77,5198.94
2755.97,4979.45
5305.56,4692.08
2354.98,3359.74
1926.04,3978.47
1801.09,2363.97
2887.35,3628.27
1520.18,3091.71
3398.47,4484.69
3091.78,3786.77
2652.64,3825.05
978.86,2200.19
1038.01,2377.02
6869.87,11540.57
1687.99,3846.45
3251.03,3591.2
3839.97,3642.06
3430.42,5557.45
857.14,2718.24
1918.51,3094.23
3667.48,4452.21
5401.58,4919.07
2181.91,4231.07
1648.55,3082.36
3875.08,3477.08
6630.97,5597.28
5397.05,4619.78
1950.21,2653.91
3530.61,4732.63
3669.29,3687.02
3891.2,3858.03
5385.76,5582.9
3565.08,4504.7
1630.5,2937.32
5855.83,6533.13
4273.95,4495.76
3122.99,3868.06
1965.92,3096.66
4198.66,4409.91
2017.06,2430.51
3930.46,5516.54
1391.57,3060.13
2379.27,3667.06
2841.39,3226.41
2462.77,3638.54
4136.51,4990.14
2461.55,3885.47
1854.16,2934.96
1834.1,2608.45
6288.0,4845.65
2491.58,3733.38
2891.88,4844.17
2137.73,3213.87
2910.02,4050.02
2719.15,3344.85
4729.21,4470.59
2929.04,3792.94
2001.49,3786.44
2245.21,3181.51
1365.78,3478.05
1823.21,3307.89
1866.32,2334.29
1557.0,1342.77
3212.16,3822.17
1497.32,3742.47
3185.27,4217.11
3564.2,3673.82
1607.53,2304.39
5003.08,5057.86
816.63,2622.26
1993.16,3874.54
5040.65,4482.17
3542.74,3521.4
5845.3,6228.65
1916.02,2910.01
3135.06,4062.07
591.18,1727.03
3451.24,4498.81
2538.96,3809.19
2081.87,4635.99
3183.8,4795.98
2959.47,3602.58
3227.67,4312.54
2087.06,3091.53
3344.82,4759.28
1734.2,2492.93
2884.96,4863.45
4356.36,5892.05
1199.24,2501.63
1506.58,1520.71
5257.73,5830.01
2634.76,3117.42
1725.58,3141.64
3036.72,5115.88
4967.78,5161.21
2188.35,3230.89
2901.43,4483.1
2254.99,3216.89
2959.61,4365.21
2304.36,4007.13
2366.63,4046.5
1880.99,3248.87
2612.78,4041.89
1531.78,3805.05
1963.6,3810.43
2881.76,3342.6
4081.26,4634.86
3698.29,4081.08
4042.56,4860.35
1837.51,3614.14
2187.93,3574.0
1818.25,3895.13
3108.55,4839.92
3650.94,5101.37
1652.89,2539.69
4005.61,5055.71
5544.68,5330.79
4490.47,4677.53
2442.88,3261.21
2672.35,3450.04
2470.08,3103.58
1364.79,2863.45
2771.63,3405.93
1582.0,3011.66
4373.81,4576.55
1819.57,3239.61
6377.38,5396.86
3241.23,4502.85
1681.79,4042.09
2170.93,2852.73
1232.98,2729.28
2939.56,3914.15
773.56,2680.87
3930.55,4000.04
1155.94,2775.94
1907.88,2722.27
3412.5,4493.51
2422.4,4336.2
2917.8,4941.51
5539.42,5611.53
1277.22,2729.63
3367.33,3494.34
2637.01,3846.25
3319.14,4581.19
3015.61,3479.42
2616.86,4091.53
2511.77,3710.61
5534.49,5730.59
1829.57,3095.81
928.7,2187.6
4021.7,4221.63
2278.69,3568.27
1917.48,3844.31
1603.44,2990.81
3776.42,3442.44
3929.07,3576.51
1894.43,2623.35
5464.26,5780.67
2354.79,4179.24
4278.21,3833.64
1877.16,3835.22
5470.3,5133.69
6621.84,4603.74
780.62,1731.38
4308.85,4507.33
3874.24,3617.04
4757.45,4781.93
3132.51,4236.8
2211.51,3564.37
1633.87,3804.83
1760.81,2548.17
2080.36,3076.3
1826.07,3655.62
3854.0,5391.98
2248.88,3297.42
1268.1,1373.37
1792.01,3266.98
4023.39,4208.0
3351.8,3703.99
2378.75,3234.56
3345.52,4074.47
2632.43,3851.7
4448.83,4515.53
2715.48,4294.02
1120.3,2636.26
5620.51,6107.3
5344.37,4975.96
2189.23,4257.61
3479.93,4760.51
3424.15,3961.23
4380.22,5177.23
2793.08,4168.98
1531.9,3919.16
4269.76,5221.47
4047.59,3315.63
3488.4,4048.53
3316.76,4564.54
2424.75,3645.27
1785.54,2788.42
5583.2,6972.7
2793.26,4125.0
1520.68,3261.14
2751.92,3869.0
8537.38,11773.26
2205.42,3923.42
2432.34,4017.28
1395.71,3515.43
2147.24,2347.67
2183.17,3956.01
2688.75,3415.15
2281.5,3830.56
2003.85,3817.07
5224.44,4887.33
5308.68,4754.25
2918.75,3971.51
2913.02,3630.21
4327.25,5612.65
1638.2,2916.85
2556.23,4025.17
3947.75,3560.42
4030.8,9222.98
3405.45,3505.17
4380.81,4687.52
1512.81,3214.69
2347.87,3562.04
3026.95,3220.65
2399.28,4094.87
6355.51,6552.28
2342.97,3254.73
1831.96,3639.73
4565.34,5951.3
5506.67,5172.24
2265.62,4854.78
2237.17,3884.51
4479.6,9713.1
3727.28,4666.19
1625.52,3310.59
4435.35,3692.38
5776.31,5289.66
2417.91,3428.76
2601.3,4223.2
4176.8,4635.22
6269.21,4926.66
1004.69,3036.33
1685.22,4081.52
2134.84,4157.83
2818.53,3972.9
1274.96,3126.68
6214.02,5947.28
5586.0,5418.01
5458.35,4935.98
2372.27,3877.66
1759.77,2375.4
3186.36,3305.58
7757.6,4819.7
1960.73,3910.73
3571.81,4234.08
1809.5,3502.42
1098.69,2062.68
2054.9,1568.08
2237.98,4656.07
3640.7,4626.51
3836.92,4417.29
1594.06,3030.17
3918.96,5134.18
3385.33,4021.83
2611.76,2995.81
2558.59,4246.22
8928.78,6612.81
2672.26,4275.77
1974.56,3705.12
1554.53,3174.95
2044.58,2584.61
5105.6,5271.17
1486.28,3371.96
8592.53,9803.21
3472.89,4053.96
5621.57,6574.61
2286.05,3928.85
5524.38,4617.59
3365.67,5022.6
4237.26,5618.93
1740.51,3300.23
3150.99,4648.93
2732.14,4452.15
5772.2,5507.17
2350.68,4896.99
2221.57,3647.86
2359.75,3733.95
2134.96,3615.85
945.3,1780.63
3085.64,4446.82
4977.68,4823.8
2130.59,3058.34
5684.76,5568.81
1648.72,3117.4
5407.4,5371.28
2831.42,4634.58
2955.34,4688.84
5348.7,4582.06
2163.8,2272.7
3966.14,5039.28
3149.42,3327.46
1830.68,3894.85
1534.56,2569.65
5230.67,6395.5
2109.74,3617.34
6174.85,0.0
3773.93,3734.66
3522.66,4617.45
3682.96,4156.76
2015.55,4619.31
2324.95,4344.61
5989.62,6680.69
2048.93,2664.21
2230.85,3272.63
1399.46,2026.25
2117.98,4018.64
1325.94,2597.54
7309.77,5599.77
3990.31,4355.76
3311.73,4949.32
5631.87,6556.03
3541.56,6252.06
3398.08,4292.5
802.6,1147.56
1992.74,2638.47
4405.72,4589.62
1593.02,3024.79
2349.67,2786.42
5085.5,6553.37
3796.66,3448.93
3909.96,4249.01
3336.09,4534.56
2721.23,3351.31
797.7,1814.97
3233.16,3316.22
2418.26,4136.06
3498.44,4733.66
3454.85,3598.62
3298.28,5053.75
2605.29,4130.75
863.37,2720.78
2225.71,1620.3
2264.56,3106.36
2729.63,3838.43
4377.51,5211.48
2117.2,4622.32
3844.08,5055.4
3321.59,4671.47
2152.37,3211.01
2564.84,3556.11
1934.94,3900.51
1287.27,1895.15
2559.16,4613.04
2184.57,2900.78
1610.42,2773.4
4335.46,4716.56
1782.47,1406.9
1257.53,1399.62
3994.98,4544.95
1224.56,2749.83
2106.43,4251.95
2885.74,3644.57
1629.58,2754.16
3940.94,3835.23
813.68,2185.87
1903.62,3408.71
2055.88,3513.16
931.25,1786.98
2835.84,3452.45
3624.4,3782.93
6167.76,5200.39
2595.02,3032.2
3329.69,3770.46
6702.99,5914.58
2789.28,4458.48
2818.42,2723.24
2524.97,3239.34
5609.45,5328.47
1789.03,3955.99
3022.21,3840.14
3947.18,3991.22
2539.47,3254.48
4138.15,5569.86
2526.77,3905.92
3596.13,6972.22
3307.26,4684.97
7283.28,6364.08
4250.27,4249.12
1118.63,2765.66
2605.07,4105.16
2762.24,3977.41
2189.14,4230.66
5462.82,5102.39
3586.45,4634.91
2965.2,3937.91
1694.24,1451.88
1642.86,4042.1
972.03,3051.71
6572.76,5936.18
2288.26,3646.03
2476.11,3888.13
1469.92,3102.99
1253.99,2379.61
2868.6,4415.03
2344.22,3269.55
5568.02,4372.48
5208.54,4754.94
2013.62,3547.1
3082.98,4495.13
1470.42,2044.57
1019.63,2199.94
1946.21,3025.9
4948.92,5991.77
4865.44,4730.32
2099.77,3082.25
1595.66,2993.34
2615.64,3083.62
4018.93,4842.84
2942.11,4225.54
4245.89,4592.02
1697.1,2332.85
4114.52,4657.81
3850.79,5340.42
4649.47,9312.81
1777.39,3359.99
1949.08,3028.66
1956.24,3442.19
2114.26,3431.65
3317.22,4592.48
2719.77,2932.78
3937.45,4824.85
2474.35,3573.01
2951.66,4041.36
4655.46,4955.47
2596.07,4025.18
1252.28,1382.54
2985.66,3590.68
4144.06,4732.41
3495.32,4787.0
3368.69,4424.41
5581.14,5761.47
1735.7,4143.62
1875.28,3175.88
4875.03,5477.93
2779.64,3601.02
5890.77,7653.25
2644.27,4604.79
4698.68,4468.74
1663.31,3340.22
2193.85,3322.85
3687.29,3922.39
2284.66,3620.56
3848.56,4215.56
2173.83,3502.97
2064.29,3384.38
2075.14,3753.18
2325.72,3545.78
1997.15,2402.51
1373.65,3905.7
2336.08,4147.42
2720.78,3925.19
2171.66,3149.89
3176.57,4240.78
6773.26,6288.97
3089.65,4345.75
4003.9,4259.63
1273.48,1935.94
6455.58,5820.54
2354.85,3913.28
688.39,2560.53
862.22,1842.09
959.24,2380.78
3509.63,4514.03
5588.1,5542.15
1849.39,3145.48
2580.88,3102.5
3372.12,4794.92
2825.61,4538.06
6349.88,5578.17
1836.05,3724.32
1035.76,2002.64
1243.95,1399.17
7463.79,6279.28
2842.81,4193.39
2030.47,3932.57
1297.54,2882.31
1103.12,1889.57
2234.0,2760.7
4218.69,5327.54
4445.4,3974.45
5444.44,6221.04
2725.95,3872.63
3867.94,4732.76
1119.9,2563.01
1561.35,1602.94
6193.38,5057.98
2551.56,4155.58
5612.97,5117.74
3124.9,3315.9
2747.97,3335.49
2084.52,4224.0
4233.11,5247.81
2433.51,3949.11
4919.39,5182.58
2043.34,3003.72
4719.52,5224.85
2098.07,4165.06
5489.41,5372.26
2539.16,4118.29
3346.61,4557.65
2190.47,3118.3
5498.71,5292.3
1518.45,2149.98
4063.8,4055.7
2749.92,3173.63
2087.81,3306.4
1720.07,3039.35
7524.39,5864.03
5514.94,6339.7
1617.17,3085.08
2068.26,2582.92
3052.22,3479.26
5764.04,6288.21
2035.25,4345.07
3170.11,4107.8
1490.07,3063.57
3296.29,4322.86
1556.3,3123.25
2091.04,4011.45
3597.2,5109.77
1770.45,3022.84
2169.42,3150.11
2888.74,2867.33
1090.6,2377.38
4826.2,5339.67
5237.07,5386.49
1365.26,2654.26
4372.97,4851.05
2632.71,4684.09
5104.43,4684.67
2587.29,3054.45
2812.67,3391.01
3003.3,4156.45
2275.83,2760.85
3282.35,4729.42
5358.17,6222.77
2055.25,3919.72
4111.19,3541.44
1507.92,2297.75
1822.23,3209.52
1807.97,3070.07
4140.6,5523.34
2410.9,4549.79
2700.91,3426.12
1897.52,3256.34
2428.53,3642.33
5976.09,4414.66
4923.3,5076.6
5161.05,4609.67
1494.71,3404.14
5252.89,4909.86
1637.57,2486.7
1397.17,1961.13
5550.19,5156.73
4006.08,4800.32
2889.0,3353.99
2138.6,2503.52
2829.74,4599.74
2753.35,4555.49
3100.0,3599.46
4235.19,4779.38
1368.09,3749.37
1976.13,3342.31
4678.62,5206.72
3717.44,4564.58
6556.96,5541.88
4016.49,4130.0
2383.79,3201.12
1575.88,3296.76
2954.65,4429.43
3864.19,3951.24
2658.08,2913.87
2121.94,3232.54
3739.55,4509.84
2631.57,3425.5
1951.77,2604.42
1321.62,3453.72
2133.98,2449.09
2231.01,3851.24
3153.21,4470.87
2078.11,3504.83
843.38,2700.81
6257.51,5250.13
1599.73,2876.44
2618.08,3921.07
1794.4,3609.63
7626.16,5416.93
1312.13,2201.92
1235.18,1407.66
2931.68,3981.22
2076.29,3683.66
2148.8,4618.1
3057.22,3478.35
4242.87,4619.54
1394.11,2620.33
1180.8,3222.08
6440.67,4637.87
4169.6,3507.46
1089.02,2905.15
2829.81,3912.38
3895.4,4989.92
3180.93,4419.5
1889.43,2643.28
1872.45,3275.02
1813.78,3001.64
8579.48,13608.96
6506.38,6214.9
2117.23,2507.94
3512.2,3440.78
3882.22,3888.79
2627.09,3022.88
2964.65,4950.79
2103.87,3641.74
5006.03,4739.68
4809.53,4643.65
1047.49,1930.59
814.86,2569.33
3073.37,4837.57
2019.23,4004.67
3020.03,4461.76
4140.17,5092.68
4441.04,4278.44
3664.95,4265.38
2387.87,4098.0
2934.43,3944.11
3371.52,3399.28
1350.11,2608.94
2158.21,3017.39
2709.55,4126.88
2696.06,3607.01
4534.08,4748.87
5328.58,5741.87
5103.84,4496.59
1548.61,2731.21
2661.42,4174.84
1360.46,2840.93
3371.12,3060.4
1720.7,3462.25
7471.05,6009.45
3600.97,2290.37
8179.69,5668.0
3248.46,3378.09
1518.73,3046.6
2536.79,4160.35
6567.89,5105.46
2005.97,3806.62
2840.45,3918.59
3589.05,4600.75
3300.95,2926.98
871.76,2192.49
4832.68,5347.5
2089.47,3589.89
1693.94,2552.32
3070.46,4898.44
2576.4,1872.63
2063.85,2463.51
6939.18,6827.19
1273.35,2855.02
1934.79,2882.71
7333.97,6394.81
2615.88,3882.43
2951.81,3315.78
3002.52,3661.89
8022.33,11954.89
3031.63,5106.36
2619.5,3985.04
2228.79,3157.91
2669.35,4307.74
2028.68,3769.67
1930.06,2444.94
2133.51,3917.54
3009.98,4185.39
1699.9,3439.46
2465.58,4539.91
3705.09,4679.25
3663.86,4619.22
2537.47,4603.87
4575.72,5372.93
3308.75,8103.7
1902.51,3060.98
1677.48,2009.67
3581.84,4261.76
1963.67,3659.57
4738.41,5478.84
3335.13,4862.27
3111.74,2419.99
1076.82,2823.92
2627.45,3991.56
1288.99,2050.96
3636.91,5654.22
747.09,2241.04
1686.68,3125.14
2530.56,3244.32
4087.91,4198.73
1441.24,2398.75
5514.71,5156.13
2406.98,4059.58
3142.08,4712.07
5637.31,5508.33
862.88,2993.99
1917.39,2567.6
5708.86,5743.66
4103.74,3534.8
4423.49,4225.71
2521.9,4108.49
5283.43,6226.43
2343.98,2055.05
2674.36,2697.03
2611.42,4157.32
5600.85,4378.17
4477.54,5278.14
2623.04,3565.69
960.37,2579.39
2350.14,3613.17
1127.83,2849.13
5163.78,3662.34
2449.48,3218.94
3318.68,5002.2
1301.79,1157.0
2309.09,3657.71
2908.24,3826.96
2785.94,4810.79
1490.23,1512.08
1530.62,1521.1
1685.67,3057.26
1544.66,2524.37
6313.24,7448.83
834.85,1797.41
1754.39,3026.0
1499.32,2096.16
3962.82,4565.24
4594.47,4437.95
4546.37,4547.76
3258.4,4611.46
2061.77,3956.35
3282.85,4414.87
2810.5,4031.13
2710.82,3239.68
3695.4,4185.17
4578.32,4944.1
4891.96,5240.08
3110.39,4413.84
1979.72,3206.57
2109.08,3514.66
1904.66,3246.4
4151.81,4818.08
5500.0,5125.67
4188.83,4458.41
1663.34,3171.79
1484.68,3950.43
1203.65,1845.01
1931.38,3405.18
2282.01,3433.12
2684.71,3642.85
2582.28,4078.29
1042.05,2601.44
4157.59,5618.46
1528.39,2999.94
1015.23,2693.49
2196.08,3268.4
1566.72,3969.57
1991.76,3083.73
2366.24,3717.13
2139.04,3100.09
4264.03,4424.26
2781.14,4210.8
901.46,1998.87
2330.68,2230.33
9993.51,6202.71
3180.61,3474.84
4847.05,5352.66
2433.97,4212.53
1670.49,2683.86
1865.69,3213.89
2706.74,4793.78
3748.74,5115.33
4452.99,5135.73
2938.49,4446.79
2499.09,3482.49
3455.45,4193.6
2954.59,4407.17
1461.14,2528.59
1595.81,3427.15
1721.07,4447.91
1745.79,3125.64
3815.55,4501.52
5361.14,4972.51
2670.84,4630.02
2655.67,3056.53
2248.08,3244.61
1115.21,2530.75
4686.38,2651.89
3858.37,4478.21
1979.01,3407.45
2186.13,3893.05
8133.05,6689.89
2366.82,3500.92
4136.4,4909.16
923.07,2507.76
2002.42,4183.4
4837.95,5953.37
2853.36,4084.73
4573.86,4245.57
1896.99,3167.92
1990.99,3625.85
2454.09,3296.25
2916.85,4684.83
3154.11,4332.3
7824.75,6630.38
1341.03,2835.4
1562.0,3428.08
4641.8,5141.71
2906.28,4203.86
2210.46,3802.1
3849.46,4105.97
3403.95,3557.48
4417.91,5623.48
3545.29,3437.58
4742.42,5312.17
2122.53,3976.36
1771.24,3212.64
1631.26,1656.18
4289.28,4495.86
4860.19,4591.37
2137.18,3640.79
3121.92,4454.23
3175.4,4019.06
834.02,2740.63
5403.6,2951.1
2348.01,2729.82
3964.92,4890.47
2184.68,3023.19
1138.19,2871.72
2336.0,4128.92
1841.65,4125.89
2755.68,3156.46
1239.28,1423.7
1773.51,3777.04
2964.35,4142.53
4017.06,4790.7
2496.1,3680.23
5229.42,4633.0
1147.19,2683.99
5173.14,6219.83
2300.85,3890.53
3773.25,5700.69
3667.31,4346.26
814.3,2700.13
3722.46,4968.69
3073.01,4274.85
3055.08,3953.56
4082.73,3276.26
2651.45,3474.21
3985.46,4840.57
2108.49,2554.77
1831.7,2915.25
4492.75,5272.24
3665.28,4993.62
2518.64,2972.53
3417.99,3302.87
4336.3,4578.47
3195.02,3385.57
3444.29,4026.67
1749.4,3185.49
3897.18,3646.63
949.06,2339.18
4759.88,5192.4
1290.23,1947.07
3107.33,4449.57
3110.65,4020.38
2655.94,3596.8
3348.64,3948.8
1864.27,2766.97
2529.59,3244.23
2008.83,4619.33
2168.1,3403.5
2183.35,3581.6
2879.35,4046.29
3913.47,5170.91
1571.64,3262.07
5672.26,7139.4
4490.27,4609.8
3224.31,3944.37
2829.51,4032.14
1483.62,3109.15
3212.26,4036.87
1537.8,2900.88
4321.4,4955.41
4781.89,5633.97
2643.95,4009.53
2024.65,3533.14
4223.36,4423.05
4098.54,4775.19
1980.98,2874.13
3466.88,5161.71
5776.66,5608.36
5369.62,5644.12
5056.15,5309.24
4740.41,4806.04
2420.04,2970.64
3055.01,3232.76
1467.6,3388.63
1388.01,1410.21
1962.46,2099.41
4920.78,4185.43
2432.7,3818.04
2735.98,3951.57
1767.41,3661.34
2435.88,4547.53
2695.46,3757.58
1112.53,1261.48
2628.53,2152.73
3437.54,4457.38
2722.17,3117.16
2560.78,3836.42
4675.51,5011.93
2612.12,3466.31
3741.71,3855.86
3843.14,5106.8
1367.63,3628.13
2435.03,4146.42
2660.52,3934.79
2863.84,4606.51
4588.18,5626.91
2130.95,4028.66
3343.2,4446.12
1929.64,3902.14
2153.02,3008.01
2129.42,3609.78
968.57,2184.76
2092.01,3079.75
1222.7,2869.45
1674.35,3318.92
2268.39,3032.6
1293.5,3630.97
3997.19,3526.87
4496.5,3819.2
3092.22,3434.45
864.01,2565.21
2755.13,4315.17
2882.05,4513.09
1810.94,3068.98
5900.54,6099.24
2613.74,3003.61
1851.94,2557.77
3695.12,4152.46
2216.06,4290.42
2668.38,4254.2
1740.99,3345.46
3389.91,5064.39
3075.61,3962.01
4853.89,5084.13
2579.96,4724.49
2130.03,4611.31
1627.84,2570.02
2711.41,4211.95
3712.27,3755.09
1525.28,3404.72
7330.33,16940.47
3544.91,4473.15
2177.69,3866.22
1538.17,3078.46
4862.85,4312.56
5511.79,6223.57
4882.31,5457.64
4088.79,4993.11
2182.59,3203.0
5689.76,2954.3
3814.74,4316.51
3687.08,4094.08
846.29,2733.96
1380.97,3220.17
1551.74,3131.57
4320.27,4917.21
2369.97,4092.53
2426.8,3957.71
2471.99,2965.32
3410.33,4188.42
1990.64,4324.37
3390.35,3871.4
1322.94,2471.63
1149.39,1391.45
845.89,2698.52
2456.51,4660.71
5525.77,5642.11
3892.56,2374.8
3101.21,4492.04
2553.61,4440.33
2777.68,3384.21
2508.57,3974.52
2489.58,3290.46
3055.78,3421.79
4444.36,4626.85
